x-axis,1
second,Volt
-8.000000000000e-004,-4.02010e-002
-7.999600000000e-004,-4.02010e-002
-7.999200000000e-004,-4.02010e-002
-7.998800000000e-004,-4.02010e-002
-7.998400000000e-004,-4.02010e-002
-7.998000000000e-004,-4.02010e-002
-7.997600000000e-004, 0.00000e+000
-7.997200000000e-004,-4.02010e-002
-7.996800000000e-004,-4.02010e-002
-7.996400000000e-004,-4.02010e-002
-7.996000000000e-004,-4.02010e-002
-7.995600000000e-004,-4.02010e-002
-7.995200000000e-004,-4.02010e-002
-7.994800000000e-004,-4.02010e-002
-7.994400000000e-004,-4.02010e-002
-7.994000000000e-004,-4.02010e-002
-7.993600000000e-004,-4.02010e-002
-7.993200000000e-004,-4.02010e-002
-7.992800000000e-004,-4.02010e-002
-7.992400000000e-004,-4.02010e-002
-7.992000000000e-004,-4.02010e-002
-7.991600000000e-004,-4.02010e-002
-7.991200000000e-004,-4.02010e-002
-7.990800000000e-004,-4.02010e-002
-7.990400000000e-004,-4.02010e-002
-7.990000000000e-004,-4.02010e-002
-7.989600000000e-004,-4.02010e-002
-7.989200000000e-004,-4.02010e-002
-7.988800000000e-004,-4.02010e-002
-7.988400000000e-004,-4.02010e-002
-7.988000000000e-004,-4.02010e-002
-7.987600000000e-004,-4.02010e-002
-7.987200000000e-004,-4.02010e-002
-7.986800000000e-004,-4.02010e-002
-7.986400000000e-004,-4.02010e-002
-7.986000000000e-004,-4.02010e-002
-7.985600000000e-004,-4.02010e-002
-7.985200000000e-004,-4.02010e-002
-7.984800000000e-004,-4.02010e-002
-7.984400000000e-004,-4.02010e-002
-7.984000000000e-004,-4.02010e-002
-7.983600000000e-004,-4.02010e-002
-7.983200000000e-004,-4.02010e-002
-7.982800000000e-004,-4.02010e-002
-7.982400000000e-004,-4.02010e-002
-7.982000000000e-004,-4.02010e-002
-7.981600000000e-004,-4.02010e-002
-7.981200000000e-004,-4.02010e-002
-7.980800000000e-004,-4.02010e-002
-7.980400000000e-004,-4.02010e-002
-7.980000000000e-004,-4.02010e-002
-7.979600000000e-004,-4.02010e-002
-7.979200000000e-004,-4.02010e-002
-7.978800000000e-004,-4.02010e-002
-7.978400000000e-004,-4.02010e-002
-7.978000000000e-004,-4.02010e-002
-7.977600000000e-004,-4.02010e-002
-7.977200000000e-004,-4.02010e-002
-7.976800000000e-004,-4.02010e-002
-7.976400000000e-004,-4.02010e-002
-7.976000000000e-004,-4.02010e-002
-7.975600000000e-004,-8.04020e-002
-7.975200000000e-004,-4.02010e-002
-7.974800000000e-004,-4.02010e-002
-7.974400000000e-004,-4.02010e-002
-7.974000000000e-004,-4.02010e-002
-7.973600000000e-004,-4.02010e-002
-7.973200000000e-004,-4.02010e-002
-7.972800000000e-004,-4.02010e-002
-7.972400000000e-004,-4.02010e-002
-7.972000000000e-004,-4.02010e-002
-7.971600000000e-004,-4.02010e-002
-7.971200000000e-004,-4.02010e-002
-7.970800000000e-004,-4.02010e-002
-7.970400000000e-004,-4.02010e-002
-7.970000000000e-004,-4.02010e-002
-7.969600000000e-004,-4.02010e-002
-7.969200000000e-004,-4.02010e-002
-7.968800000000e-004,-4.02010e-002
-7.968400000000e-004,-4.02010e-002
-7.968000000000e-004,-4.02010e-002
-7.967600000000e-004,-4.02010e-002
-7.967200000000e-004,-4.02010e-002
-7.966800000000e-004,-4.02010e-002
-7.966400000000e-004,-4.02010e-002
-7.966000000000e-004,-4.02010e-002
-7.965600000000e-004,-4.02010e-002
-7.965200000000e-004,-4.02010e-002
-7.964800000000e-004,-4.02010e-002
-7.964400000000e-004,-4.02010e-002
-7.964000000000e-004,-4.02010e-002
-7.963600000000e-004,-4.02010e-002
-7.963200000000e-004,-4.02010e-002
-7.962800000000e-004,-4.02010e-002
-7.962400000000e-004,-4.02010e-002
-7.962000000000e-004,-4.02010e-002
-7.961600000000e-004, 0.00000e+000
-7.961200000000e-004,-4.02010e-002
-7.960800000000e-004,-4.02010e-002
-7.960400000000e-004,-4.02010e-002
-7.960000000000e-004,-4.02010e-002
-7.959600000000e-004,-4.02010e-002
-7.959200000000e-004,-4.02010e-002
-7.958800000000e-004,-4.02010e-002
-7.958400000000e-004,-4.02010e-002
-7.958000000000e-004,-4.02010e-002
-7.957600000000e-004,-4.02010e-002
-7.957200000000e-004,-4.02010e-002
-7.956800000000e-004,-4.02010e-002
-7.956400000000e-004,-4.02010e-002
-7.956000000000e-004,-4.02010e-002
-7.955600000000e-004,-4.02010e-002
-7.955200000000e-004,-4.02010e-002
-7.954800000000e-004,-4.02010e-002
-7.954400000000e-004,-4.02010e-002
-7.954000000000e-004, 0.00000e+000
-7.953600000000e-004,-4.02010e-002
-7.953200000000e-004,-4.02010e-002
-7.952800000000e-004,-4.02010e-002
-7.952400000000e-004,-4.02010e-002
-7.952000000000e-004,-4.02010e-002
-7.951600000000e-004,-4.02010e-002
-7.951200000000e-004,-4.02010e-002
-7.950800000000e-004,-4.02010e-002
-7.950400000000e-004,-4.02010e-002
-7.950000000000e-004,-4.02010e-002
-7.949600000000e-004,-4.02010e-002
-7.949200000000e-004,-8.04020e-002
-7.948800000000e-004,-4.02010e-002
-7.948400000000e-004, 0.00000e+000
-7.948000000000e-004,-4.02010e-002
-7.947600000000e-004,-4.02010e-002
-7.947200000000e-004,-4.02010e-002
-7.946800000000e-004,-4.02010e-002
-7.946400000000e-004,-4.02010e-002
-7.946000000000e-004,-4.02010e-002
-7.945600000000e-004,-4.02010e-002
-7.945200000000e-004,-4.02010e-002
-7.944800000000e-004,-4.02010e-002
-7.944400000000e-004,-4.02010e-002
-7.944000000000e-004,-4.02010e-002
-7.943600000000e-004,-4.02010e-002
-7.943200000000e-004,-4.02010e-002
-7.942800000000e-004,-4.02010e-002
-7.942400000000e-004,-4.02010e-002
-7.942000000000e-004,-4.02010e-002
-7.941600000000e-004,-4.02010e-002
-7.941200000000e-004,-4.02010e-002
-7.940800000000e-004,-4.02010e-002
-7.940400000000e-004,-4.02010e-002
-7.940000000000e-004,-4.02010e-002
-7.939600000000e-004,-4.02010e-002
-7.939200000000e-004,-4.02010e-002
-7.938800000000e-004,-4.02010e-002
-7.938400000000e-004,-4.02010e-002
-7.938000000000e-004,-4.02010e-002
-7.937600000000e-004,-4.02010e-002
-7.937200000000e-004,-4.02010e-002
-7.936800000000e-004,-4.02010e-002
-7.936400000000e-004,-4.02010e-002
-7.936000000000e-004,-4.02010e-002
-7.935600000000e-004,-4.02010e-002
-7.935200000000e-004,-4.02010e-002
-7.934800000000e-004,-4.02010e-002
-7.934400000000e-004,-4.02010e-002
-7.934000000000e-004,-4.02010e-002
-7.933600000000e-004,-4.02010e-002
-7.933200000000e-004,-4.02010e-002
-7.932800000000e-004,-4.02010e-002
-7.932400000000e-004,-4.02010e-002
-7.932000000000e-004,-4.02010e-002
-7.931600000000e-004,-4.02010e-002
-7.931200000000e-004,-4.02010e-002
-7.930800000000e-004,-4.02010e-002
-7.930400000000e-004,-4.02010e-002
-7.930000000000e-004,-4.02010e-002
-7.929600000000e-004,-4.02010e-002
-7.929200000000e-004,-4.02010e-002
-7.928800000000e-004,-4.02010e-002
-7.928400000000e-004,-4.02010e-002
-7.928000000000e-004,-4.02010e-002
-7.927600000000e-004,-4.02010e-002
-7.927200000000e-004,-4.02010e-002
-7.926800000000e-004,-4.02010e-002
-7.926400000000e-004,-4.02010e-002
-7.926000000000e-004,-4.02010e-002
-7.925600000000e-004,-4.02010e-002
-7.925200000000e-004,-4.02010e-002
-7.924800000000e-004,-4.02010e-002
-7.924400000000e-004,-4.02010e-002
-7.924000000000e-004,-4.02010e-002
-7.923600000000e-004,-4.02010e-002
-7.923200000000e-004,-4.02010e-002
-7.922800000000e-004,-4.02010e-002
-7.922400000000e-004,-4.02010e-002
-7.922000000000e-004,-4.02010e-002
-7.921600000000e-004,-4.02010e-002
-7.921200000000e-004,-4.02010e-002
-7.920800000000e-004,-4.02010e-002
-7.920400000000e-004,-4.02010e-002
-7.920000000000e-004,-4.02010e-002
-7.919600000000e-004,-4.02010e-002
-7.919200000000e-004,-4.02010e-002
-7.918800000000e-004,-4.02010e-002
-7.918400000000e-004,-4.02010e-002
-7.918000000000e-004,-4.02010e-002
-7.917600000000e-004,-4.02010e-002
-7.917200000000e-004,-4.02010e-002
-7.916800000000e-004,-4.02010e-002
-7.916400000000e-004, 0.00000e+000
-7.916000000000e-004, 0.00000e+000
-7.915600000000e-004,-4.02010e-002
-7.915200000000e-004,-4.02010e-002
-7.914800000000e-004,-4.02010e-002
-7.914400000000e-004, 0.00000e+000
-7.914000000000e-004,-4.02010e-002
-7.913600000000e-004,-4.02010e-002
-7.913200000000e-004,-4.02010e-002
-7.912800000000e-004,-4.02010e-002
-7.912400000000e-004,-4.02010e-002
-7.912000000000e-004,-4.02010e-002
-7.911600000000e-004,-4.02010e-002
-7.911200000000e-004,-4.02010e-002
-7.910800000000e-004,-4.02010e-002
-7.910400000000e-004,-4.02010e-002
-7.910000000000e-004,-4.02010e-002
-7.909600000000e-004,-4.02010e-002
-7.909200000000e-004,-4.02010e-002
-7.908800000000e-004,-4.02010e-002
-7.908400000000e-004,-4.02010e-002
-7.908000000000e-004,-4.02010e-002
-7.907600000000e-004,-4.02010e-002
-7.907200000000e-004,-4.02010e-002
-7.906800000000e-004,-4.02010e-002
-7.906400000000e-004, 0.00000e+000
-7.906000000000e-004,-4.02010e-002
-7.905600000000e-004,-4.02010e-002
-7.905200000000e-004,-4.02010e-002
-7.904800000000e-004,-4.02010e-002
-7.904400000000e-004,-4.02010e-002
-7.904000000000e-004,-4.02010e-002
-7.903600000000e-004,-4.02010e-002
-7.903200000000e-004,-4.02010e-002
-7.902800000000e-004,-4.02010e-002
-7.902400000000e-004,-4.02010e-002
-7.902000000000e-004,-8.04020e-002
-7.901600000000e-004,-4.02010e-002
-7.901200000000e-004,-4.02010e-002
-7.900800000000e-004,-4.02010e-002
-7.900400000000e-004,-4.02010e-002
-7.900000000000e-004,-4.02010e-002
-7.899600000000e-004, 0.00000e+000
-7.899200000000e-004,-4.02010e-002
-7.898800000000e-004, 0.00000e+000
-7.898400000000e-004,-4.02010e-002
-7.898000000000e-004,-4.02010e-002
-7.897600000000e-004,-4.02010e-002
-7.897200000000e-004, 0.00000e+000
-7.896800000000e-004,-4.02010e-002
-7.896400000000e-004,-4.02010e-002
-7.896000000000e-004,-4.02010e-002
-7.895600000000e-004,-4.02010e-002
-7.895200000000e-004,-8.04020e-002
-7.894800000000e-004,-4.02010e-002
-7.894400000000e-004,-4.02010e-002
-7.894000000000e-004,-4.02010e-002
-7.893600000000e-004,-4.02010e-002
-7.893200000000e-004,-4.02010e-002
-7.892800000000e-004,-4.02010e-002
-7.892400000000e-004,-4.02010e-002
-7.892000000000e-004,-4.02010e-002
-7.891600000000e-004,-4.02010e-002
-7.891200000000e-004,-4.02010e-002
-7.890800000000e-004,-4.02010e-002
-7.890400000000e-004,-8.04020e-002
-7.890000000000e-004,-4.02010e-002
-7.889600000000e-004,-4.02010e-002
-7.889200000000e-004,-4.02010e-002
-7.888800000000e-004,-4.02010e-002
-7.888400000000e-004,-4.02010e-002
-7.888000000000e-004,-4.02010e-002
-7.887600000000e-004,-4.02010e-002
-7.887200000000e-004,-4.02010e-002
-7.886800000000e-004,-4.02010e-002
-7.886400000000e-004,-4.02010e-002
-7.886000000000e-004,-4.02010e-002
-7.885600000000e-004,-4.02010e-002
-7.885200000000e-004,-4.02010e-002
-7.884800000000e-004,-4.02010e-002
-7.884400000000e-004,-4.02010e-002
-7.884000000000e-004,-4.02010e-002
-7.883600000000e-004,-4.02010e-002
-7.883200000000e-004,-4.02010e-002
-7.882800000000e-004, 0.00000e+000
-7.882400000000e-004,-4.02010e-002
-7.882000000000e-004,-4.02010e-002
-7.881600000000e-004,-4.02010e-002
-7.881200000000e-004,-4.02010e-002
-7.880800000000e-004,-4.02010e-002
-7.880400000000e-004,-4.02010e-002
-7.880000000000e-004,-4.02010e-002
-7.879600000000e-004,-4.02010e-002
-7.879200000000e-004,-4.02010e-002
-7.878800000000e-004,-4.02010e-002
-7.878400000000e-004,-4.02010e-002
-7.878000000000e-004,-4.02010e-002
-7.877600000000e-004,-4.02010e-002
-7.877200000000e-004,-4.02010e-002
-7.876800000000e-004,-4.02010e-002
-7.876400000000e-004,-4.02010e-002
-7.876000000000e-004,-4.02010e-002
-7.875600000000e-004,-4.02010e-002
-7.875200000000e-004,-4.02010e-002
-7.874800000000e-004,-4.02010e-002
-7.874400000000e-004,-4.02010e-002
-7.874000000000e-004,-4.02010e-002
-7.873600000000e-004,-4.02010e-002
-7.873200000000e-004,-4.02010e-002
-7.872800000000e-004,-4.02010e-002
-7.872400000000e-004,-4.02010e-002
-7.872000000000e-004,-4.02010e-002
-7.871600000000e-004,-4.02010e-002
-7.871200000000e-004,-4.02010e-002
-7.870800000000e-004,-4.02010e-002
-7.870400000000e-004,-4.02010e-002
-7.870000000000e-004,-4.02010e-002
-7.869600000000e-004,-4.02010e-002
-7.869200000000e-004,-4.02010e-002
-7.868800000000e-004,-4.02010e-002
-7.868400000000e-004,-4.02010e-002
-7.868000000000e-004,-4.02010e-002
-7.867600000000e-004,-4.02010e-002
-7.867200000000e-004,-4.02010e-002
-7.866800000000e-004,-4.02010e-002
-7.866400000000e-004,-4.02010e-002
-7.866000000000e-004,-4.02010e-002
-7.865600000000e-004,-4.02010e-002
-7.865200000000e-004,-4.02010e-002
-7.864800000000e-004,-4.02010e-002
-7.864400000000e-004,-4.02010e-002
-7.864000000000e-004,-4.02010e-002
-7.863600000000e-004,-4.02010e-002
-7.863200000000e-004,-4.02010e-002
-7.862800000000e-004,-4.02010e-002
-7.862400000000e-004,-4.02010e-002
-7.862000000000e-004,-4.02010e-002
-7.861600000000e-004,-4.02010e-002
-7.861200000000e-004,-4.02010e-002
-7.860800000000e-004,-4.02010e-002
-7.860400000000e-004,-4.02010e-002
-7.860000000000e-004,-4.02010e-002
-7.859600000000e-004,-4.02010e-002
-7.859200000000e-004,-4.02010e-002
-7.858800000000e-004,-4.02010e-002
-7.858400000000e-004,-8.04020e-002
-7.858000000000e-004,-4.02010e-002
-7.857600000000e-004,-4.02010e-002
-7.857200000000e-004,-4.02010e-002
-7.856800000000e-004,-4.02010e-002
-7.856400000000e-004,-4.02010e-002
-7.856000000000e-004,-4.02010e-002
-7.855600000000e-004,-4.02010e-002
-7.855200000000e-004,-4.02010e-002
-7.854800000000e-004,-4.02010e-002
-7.854400000000e-004,-4.02010e-002
-7.854000000000e-004,-4.02010e-002
-7.853600000000e-004,-4.02010e-002
-7.853200000000e-004,-4.02010e-002
-7.852800000000e-004,-4.02010e-002
-7.852400000000e-004,-4.02010e-002
-7.852000000000e-004,-4.02010e-002
-7.851600000000e-004,-4.02010e-002
-7.851200000000e-004,-4.02010e-002
-7.850800000000e-004,-4.02010e-002
-7.850400000000e-004,-4.02010e-002
-7.850000000000e-004,-4.02010e-002
-7.849600000000e-004,-4.02010e-002
-7.849200000000e-004,-4.02010e-002
-7.848800000000e-004,-4.02010e-002
-7.848400000000e-004,-4.02010e-002
-7.848000000000e-004,-8.04020e-002
-7.847600000000e-004,-4.02010e-002
-7.847200000000e-004,-4.02010e-002
-7.846800000000e-004,-4.02010e-002
-7.846400000000e-004,-4.02010e-002
-7.846000000000e-004, 0.00000e+000
-7.845600000000e-004,-4.02010e-002
-7.845200000000e-004,-4.02010e-002
-7.844800000000e-004,-4.02010e-002
-7.844400000000e-004,-4.02010e-002
-7.844000000000e-004,-4.02010e-002
-7.843600000000e-004,-4.02010e-002
-7.843200000000e-004, 0.00000e+000
-7.842800000000e-004,-4.02010e-002
-7.842400000000e-004,-4.02010e-002
-7.842000000000e-004,-4.02010e-002
-7.841600000000e-004,-8.04020e-002
-7.841200000000e-004,-4.02010e-002
-7.840800000000e-004,-4.02010e-002
-7.840400000000e-004,-4.02010e-002
-7.840000000000e-004,-4.02010e-002
-7.839600000000e-004,-4.02010e-002
-7.839200000000e-004,-4.02010e-002
-7.838800000000e-004,-4.02010e-002
-7.838400000000e-004,-4.02010e-002
-7.838000000000e-004,-4.02010e-002
-7.837600000000e-004,-4.02010e-002
-7.837200000000e-004,-4.02010e-002
-7.836800000000e-004,-4.02010e-002
-7.836400000000e-004,-4.02010e-002
-7.836000000000e-004,-4.02010e-002
-7.835600000000e-004,-4.02010e-002
-7.835200000000e-004,-4.02010e-002
-7.834800000000e-004,-4.02010e-002
-7.834400000000e-004,-4.02010e-002
-7.834000000000e-004,-4.02010e-002
-7.833600000000e-004,-4.02010e-002
-7.833200000000e-004,-4.02010e-002
-7.832800000000e-004,-4.02010e-002
-7.832400000000e-004,-4.02010e-002
-7.832000000000e-004,-4.02010e-002
-7.831600000000e-004,-4.02010e-002
-7.831200000000e-004,-4.02010e-002
-7.830800000000e-004,-4.02010e-002
-7.830400000000e-004,-4.02010e-002
-7.830000000000e-004,-4.02010e-002
-7.829600000000e-004,-4.02010e-002
-7.829200000000e-004,-4.02010e-002
-7.828800000000e-004, 0.00000e+000
-7.828400000000e-004,-4.02010e-002
-7.828000000000e-004,-4.02010e-002
-7.827600000000e-004,-4.02010e-002
-7.827200000000e-004,-4.02010e-002
-7.826800000000e-004,-4.02010e-002
-7.826400000000e-004,-4.02010e-002
-7.826000000000e-004,-4.02010e-002
-7.825600000000e-004,-4.02010e-002
-7.825200000000e-004,-4.02010e-002
-7.824800000000e-004,-4.02010e-002
-7.824400000000e-004,-4.02010e-002
-7.824000000000e-004,-4.02010e-002
-7.823600000000e-004,-4.02010e-002
-7.823200000000e-004,-4.02010e-002
-7.822800000000e-004,-4.02010e-002
-7.822400000000e-004,-4.02010e-002
-7.822000000000e-004,-4.02010e-002
-7.821600000000e-004,-4.02010e-002
-7.821200000000e-004,-4.02010e-002
-7.820800000000e-004,-4.02010e-002
-7.820400000000e-004,-4.02010e-002
-7.820000000000e-004,-8.04020e-002
-7.819600000000e-004,-4.02010e-002
-7.819200000000e-004,-4.02010e-002
-7.818800000000e-004,-4.02010e-002
-7.818400000000e-004,-4.02010e-002
-7.818000000000e-004,-4.02010e-002
-7.817600000000e-004,-4.02010e-002
-7.817200000000e-004,-4.02010e-002
-7.816800000000e-004,-4.02010e-002
-7.816400000000e-004,-4.02010e-002
-7.816000000000e-004,-4.02010e-002
-7.815600000000e-004,-4.02010e-002
-7.815200000000e-004,-4.02010e-002
-7.814800000000e-004,-4.02010e-002
-7.814400000000e-004,-4.02010e-002
-7.814000000000e-004,-4.02010e-002
-7.813600000000e-004,-4.02010e-002
-7.813200000000e-004,-4.02010e-002
-7.812800000000e-004,-4.02010e-002
-7.812400000000e-004,-4.02010e-002
-7.812000000000e-004,-4.02010e-002
-7.811600000000e-004,-4.02010e-002
-7.811200000000e-004,-4.02010e-002
-7.810800000000e-004,-8.04020e-002
-7.810400000000e-004,-4.02010e-002
-7.810000000000e-004,-4.02010e-002
-7.809600000000e-004,-4.02010e-002
-7.809200000000e-004,-4.02010e-002
-7.808800000000e-004,-4.02010e-002
-7.808400000000e-004,-4.02010e-002
-7.808000000000e-004,-4.02010e-002
-7.807600000000e-004,-4.02010e-002
-7.807200000000e-004,-4.02010e-002
-7.806800000000e-004,-4.02010e-002
-7.806400000000e-004,-4.02010e-002
-7.806000000000e-004,-4.02010e-002
-7.805600000000e-004,-4.02010e-002
-7.805200000000e-004,-4.02010e-002
-7.804800000000e-004,-4.02010e-002
-7.804400000000e-004,-4.02010e-002
-7.804000000000e-004,-4.02010e-002
-7.803600000000e-004,-4.02010e-002
-7.803200000000e-004,-4.02010e-002
-7.802800000000e-004,-4.02010e-002
-7.802400000000e-004,-4.02010e-002
-7.802000000000e-004,-4.02010e-002
-7.801600000000e-004,-4.02010e-002
-7.801200000000e-004,-4.02010e-002
-7.800800000000e-004,-4.02010e-002
-7.800400000000e-004,-4.02010e-002
-7.800000000000e-004,-4.02010e-002
-7.799600000000e-004,-8.04020e-002
-7.799200000000e-004,-4.02010e-002
-7.798800000000e-004,-4.02010e-002
-7.798400000000e-004,-4.02010e-002
-7.798000000000e-004,-4.02010e-002
-7.797600000000e-004,-4.02010e-002
-7.797200000000e-004,-4.02010e-002
-7.796800000000e-004,-4.02010e-002
-7.796400000000e-004,-4.02010e-002
-7.796000000000e-004,-4.02010e-002
-7.795600000000e-004,-4.02010e-002
-7.795200000000e-004,-4.02010e-002
-7.794800000000e-004,-8.04020e-002
-7.794400000000e-004,-4.02010e-002
-7.794000000000e-004,-4.02010e-002
-7.793600000000e-004,-4.02010e-002
-7.793200000000e-004,-4.02010e-002
-7.792800000000e-004,-4.02010e-002
-7.792400000000e-004,-4.02010e-002
-7.792000000000e-004,-4.02010e-002
-7.791600000000e-004, 0.00000e+000
-7.791200000000e-004,-4.02010e-002
-7.790800000000e-004,-4.02010e-002
-7.790400000000e-004,-4.02010e-002
-7.790000000000e-004,-4.02010e-002
-7.789600000000e-004, 0.00000e+000
-7.789200000000e-004,-4.02010e-002
-7.788800000000e-004,-4.02010e-002
-7.788400000000e-004,-4.02010e-002
-7.788000000000e-004,-4.02010e-002
-7.787600000000e-004,-4.02010e-002
-7.787200000000e-004,-4.02010e-002
-7.786800000000e-004,-4.02010e-002
-7.786400000000e-004,-4.02010e-002
-7.786000000000e-004,-4.02010e-002
-7.785600000000e-004,-4.02010e-002
-7.785200000000e-004,-4.02010e-002
-7.784800000000e-004,-4.02010e-002
-7.784400000000e-004,-4.02010e-002
-7.784000000000e-004,-4.02010e-002
-7.783600000000e-004,-4.02010e-002
-7.783200000000e-004,-4.02010e-002
-7.782800000000e-004,-4.02010e-002
-7.782400000000e-004, 0.00000e+000
-7.782000000000e-004,-4.02010e-002
-7.781600000000e-004,-4.02010e-002
-7.781200000000e-004,-4.02010e-002
-7.780800000000e-004,-4.02010e-002
-7.780400000000e-004,-4.02010e-002
-7.780000000000e-004, 0.00000e+000
-7.779600000000e-004,-4.02010e-002
-7.779200000000e-004,-4.02010e-002
-7.778800000000e-004,-4.02010e-002
-7.778400000000e-004,-4.02010e-002
-7.778000000000e-004,-4.02010e-002
-7.777600000000e-004,-4.02010e-002
-7.777200000000e-004,-4.02010e-002
-7.776800000000e-004,-4.02010e-002
-7.776400000000e-004,-4.02010e-002
-7.776000000000e-004,-4.02010e-002
-7.775600000000e-004,-4.02010e-002
-7.775200000000e-004,-4.02010e-002
-7.774800000000e-004,-4.02010e-002
-7.774400000000e-004,-8.04020e-002
-7.774000000000e-004, 0.00000e+000
-7.773600000000e-004,-4.02010e-002
-7.773200000000e-004,-4.02010e-002
-7.772800000000e-004,-4.02010e-002
-7.772400000000e-004,-4.02010e-002
-7.772000000000e-004,-4.02010e-002
-7.771600000000e-004,-4.02010e-002
-7.771200000000e-004,-4.02010e-002
-7.770800000000e-004,-4.02010e-002
-7.770400000000e-004,-4.02010e-002
-7.770000000000e-004,-4.02010e-002
-7.769600000000e-004,-4.02010e-002
-7.769200000000e-004,-4.02010e-002
-7.768800000000e-004,-4.02010e-002
-7.768400000000e-004,-4.02010e-002
-7.768000000000e-004,-4.02010e-002
-7.767600000000e-004,-4.02010e-002
-7.767200000000e-004,-4.02010e-002
-7.766800000000e-004,-4.02010e-002
-7.766400000000e-004,-4.02010e-002
-7.766000000000e-004,-4.02010e-002
-7.765600000000e-004,-4.02010e-002
-7.765200000000e-004,-4.02010e-002
-7.764800000000e-004,-4.02010e-002
-7.764400000000e-004,-4.02010e-002
-7.764000000000e-004,-4.02010e-002
-7.763600000000e-004,-4.02010e-002
-7.763200000000e-004,-4.02010e-002
-7.762800000000e-004,-4.02010e-002
-7.762400000000e-004,-4.02010e-002
-7.762000000000e-004,-8.04020e-002
-7.761600000000e-004,-4.02010e-002
-7.761200000000e-004,-4.02010e-002
-7.760800000000e-004,-4.02010e-002
-7.760400000000e-004,-4.02010e-002
-7.760000000000e-004,-4.02010e-002
-7.759600000000e-004,-4.02010e-002
-7.759200000000e-004,-4.02010e-002
-7.758800000000e-004,-4.02010e-002
-7.758400000000e-004,-4.02010e-002
-7.758000000000e-004,-4.02010e-002
-7.757600000000e-004,-4.02010e-002
-7.757200000000e-004,-4.02010e-002
-7.756800000000e-004,-4.02010e-002
-7.756400000000e-004,-4.02010e-002
-7.756000000000e-004,-4.02010e-002
-7.755600000000e-004,-4.02010e-002
-7.755200000000e-004,-4.02010e-002
-7.754800000000e-004,-4.02010e-002
-7.754400000000e-004,-4.02010e-002
-7.754000000000e-004,-4.02010e-002
-7.753600000000e-004,-4.02010e-002
-7.753200000000e-004,-4.02010e-002
-7.752800000000e-004,-8.04020e-002
-7.752400000000e-004,-4.02010e-002
-7.752000000000e-004,-4.02010e-002
-7.751600000000e-004,-4.02010e-002
-7.751200000000e-004,-4.02010e-002
-7.750800000000e-004,-4.02010e-002
-7.750400000000e-004,-4.02010e-002
-7.750000000000e-004, 0.00000e+000
-7.749600000000e-004,-4.02010e-002
-7.749200000000e-004,-4.02010e-002
-7.748800000000e-004,-4.02010e-002
-7.748400000000e-004,-4.02010e-002
-7.748000000000e-004,-4.02010e-002
-7.747600000000e-004,-4.02010e-002
-7.747200000000e-004,-4.02010e-002
-7.746800000000e-004,-4.02010e-002
-7.746400000000e-004,-4.02010e-002
-7.746000000000e-004,-4.02010e-002
-7.745600000000e-004,-4.02010e-002
-7.745200000000e-004,-4.02010e-002
-7.744800000000e-004,-4.02010e-002
-7.744400000000e-004,-4.02010e-002
-7.744000000000e-004,-4.02010e-002
-7.743600000000e-004,-4.02010e-002
-7.743200000000e-004,-4.02010e-002
-7.742800000000e-004,-4.02010e-002
-7.742400000000e-004,-4.02010e-002
-7.742000000000e-004,-4.02010e-002
-7.741600000000e-004,-4.02010e-002
-7.741200000000e-004,-4.02010e-002
-7.740800000000e-004,-4.02010e-002
-7.740400000000e-004,-4.02010e-002
-7.740000000000e-004,-4.02010e-002
-7.739600000000e-004, 0.00000e+000
-7.739200000000e-004,-4.02010e-002
-7.738800000000e-004,-4.02010e-002
-7.738400000000e-004,-4.02010e-002
-7.738000000000e-004,-4.02010e-002
-7.737600000000e-004,-4.02010e-002
-7.737200000000e-004,-4.02010e-002
-7.736800000000e-004,-4.02010e-002
-7.736400000000e-004,-4.02010e-002
-7.736000000000e-004,-4.02010e-002
-7.735600000000e-004,-4.02010e-002
-7.735200000000e-004,-4.02010e-002
-7.734800000000e-004,-4.02010e-002
-7.734400000000e-004,-4.02010e-002
-7.734000000000e-004,-4.02010e-002
-7.733600000000e-004,-4.02010e-002
-7.733200000000e-004,-4.02010e-002
-7.732800000000e-004,-4.02010e-002
-7.732400000000e-004,-4.02010e-002
-7.732000000000e-004,-4.02010e-002
-7.731600000000e-004,-4.02010e-002
-7.731200000000e-004,-4.02010e-002
-7.730800000000e-004,-4.02010e-002
-7.730400000000e-004,-8.04020e-002
-7.730000000000e-004,-4.02010e-002
-7.729600000000e-004,-4.02010e-002
-7.729200000000e-004,-4.02010e-002
-7.728800000000e-004, 0.00000e+000
-7.728400000000e-004,-4.02010e-002
-7.728000000000e-004,-4.02010e-002
-7.727600000000e-004,-4.02010e-002
-7.727200000000e-004,-4.02010e-002
-7.726800000000e-004,-4.02010e-002
-7.726400000000e-004,-4.02010e-002
-7.726000000000e-004,-4.02010e-002
-7.725600000000e-004,-4.02010e-002
-7.725200000000e-004,-4.02010e-002
-7.724800000000e-004,-4.02010e-002
-7.724400000000e-004,-4.02010e-002
-7.724000000000e-004,-4.02010e-002
-7.723600000000e-004,-4.02010e-002
-7.723200000000e-004,-4.02010e-002
-7.722800000000e-004,-4.02010e-002
-7.722400000000e-004,-4.02010e-002
-7.722000000000e-004,-4.02010e-002
-7.721600000000e-004,-4.02010e-002
-7.721200000000e-004,-4.02010e-002
-7.720800000000e-004,-4.02010e-002
-7.720400000000e-004,-4.02010e-002
-7.720000000000e-004,-4.02010e-002
-7.719600000000e-004,-4.02010e-002
-7.719200000000e-004, 0.00000e+000
-7.718800000000e-004,-4.02010e-002
-7.718400000000e-004,-8.04020e-002
-7.718000000000e-004,-4.02010e-002
-7.717600000000e-004,-4.02010e-002
-7.717200000000e-004,-4.02010e-002
-7.716800000000e-004,-4.02010e-002
-7.716400000000e-004,-4.02010e-002
-7.716000000000e-004,-4.02010e-002
-7.715600000000e-004,-4.02010e-002
-7.715200000000e-004,-4.02010e-002
-7.714800000000e-004,-4.02010e-002
-7.714400000000e-004,-4.02010e-002
-7.714000000000e-004,-4.02010e-002
-7.713600000000e-004,-4.02010e-002
-7.713200000000e-004,-4.02010e-002
-7.712800000000e-004,-4.02010e-002
-7.712400000000e-004,-4.02010e-002
-7.712000000000e-004,-4.02010e-002
-7.711600000000e-004,-4.02010e-002
-7.711200000000e-004,-4.02010e-002
-7.710800000000e-004,-4.02010e-002
-7.710400000000e-004, 0.00000e+000
-7.710000000000e-004,-4.02010e-002
-7.709600000000e-004,-4.02010e-002
-7.709200000000e-004,-4.02010e-002
-7.708800000000e-004,-4.02010e-002
-7.708400000000e-004,-4.02010e-002
-7.708000000000e-004,-4.02010e-002
-7.707600000000e-004,-4.02010e-002
-7.707200000000e-004,-4.02010e-002
-7.706800000000e-004,-4.02010e-002
-7.706400000000e-004,-4.02010e-002
-7.706000000000e-004,-4.02010e-002
-7.705600000000e-004,-4.02010e-002
-7.705200000000e-004,-4.02010e-002
-7.704800000000e-004,-4.02010e-002
-7.704400000000e-004,-4.02010e-002
-7.704000000000e-004,-4.02010e-002
-7.703600000000e-004,-4.02010e-002
-7.703200000000e-004,-4.02010e-002
-7.702800000000e-004,-4.02010e-002
-7.702400000000e-004,-4.02010e-002
-7.702000000000e-004,-4.02010e-002
-7.701600000000e-004,-4.02010e-002
-7.701200000000e-004,-4.02010e-002
-7.700800000000e-004,-4.02010e-002
-7.700400000000e-004,-4.02010e-002
-7.700000000000e-004,-4.02010e-002
-7.699600000000e-004,-4.02010e-002
-7.699200000000e-004,-4.02010e-002
-7.698800000000e-004,-4.02010e-002
-7.698400000000e-004,-4.02010e-002
-7.698000000000e-004,-4.02010e-002
-7.697600000000e-004,-4.02010e-002
-7.697200000000e-004,-4.02010e-002
-7.696800000000e-004,-4.02010e-002
-7.696400000000e-004,-4.02010e-002
-7.696000000000e-004,-4.02010e-002
-7.695600000000e-004,-4.02010e-002
-7.695200000000e-004,-8.04020e-002
-7.694800000000e-004,-4.02010e-002
-7.694400000000e-004,-4.02010e-002
-7.694000000000e-004,-4.02010e-002
-7.693600000000e-004,-4.02010e-002
-7.693200000000e-004,-4.02010e-002
-7.692800000000e-004,-4.02010e-002
-7.692400000000e-004,-4.02010e-002
-7.692000000000e-004,-4.02010e-002
-7.691600000000e-004,-4.02010e-002
-7.691200000000e-004,-4.02010e-002
-7.690800000000e-004,-4.02010e-002
-7.690400000000e-004,-4.02010e-002
-7.690000000000e-004,-4.02010e-002
-7.689600000000e-004,-4.02010e-002
-7.689200000000e-004,-4.02010e-002
-7.688800000000e-004,-4.02010e-002
-7.688400000000e-004, 0.00000e+000
-7.688000000000e-004,-4.02010e-002
-7.687600000000e-004,-4.02010e-002
-7.687200000000e-004,-4.02010e-002
-7.686800000000e-004,-4.02010e-002
-7.686400000000e-004,-4.02010e-002
-7.686000000000e-004,-4.02010e-002
-7.685600000000e-004,-4.02010e-002
-7.685200000000e-004,-4.02010e-002
-7.684800000000e-004,-4.02010e-002
-7.684400000000e-004,-4.02010e-002
-7.684000000000e-004,-4.02010e-002
-7.683600000000e-004,-4.02010e-002
-7.683200000000e-004,-4.02010e-002
-7.682800000000e-004,-4.02010e-002
-7.682400000000e-004,-4.02010e-002
-7.682000000000e-004,-4.02010e-002
-7.681600000000e-004,-4.02010e-002
-7.681200000000e-004,-4.02010e-002
-7.680800000000e-004,-4.02010e-002
-7.680400000000e-004,-4.02010e-002
-7.680000000000e-004,-4.02010e-002
-7.679600000000e-004,-4.02010e-002
-7.679200000000e-004,-4.02010e-002
-7.678800000000e-004,-4.02010e-002
-7.678400000000e-004,-4.02010e-002
-7.678000000000e-004, 0.00000e+000
-7.677600000000e-004,-4.02010e-002
-7.677200000000e-004,-4.02010e-002
-7.676800000000e-004,-4.02010e-002
-7.676400000000e-004,-4.02010e-002
-7.676000000000e-004,-4.02010e-002
-7.675600000000e-004,-4.02010e-002
-7.675200000000e-004,-4.02010e-002
-7.674800000000e-004,-4.02010e-002
-7.674400000000e-004,-4.02010e-002
-7.674000000000e-004,-4.02010e-002
-7.673600000000e-004,-4.02010e-002
-7.673200000000e-004,-4.02010e-002
-7.672800000000e-004,-4.02010e-002
-7.672400000000e-004,-4.02010e-002
-7.672000000000e-004,-4.02010e-002
-7.671600000000e-004,-4.02010e-002
-7.671200000000e-004,-4.02010e-002
-7.670800000000e-004,-4.02010e-002
-7.670400000000e-004,-4.02010e-002
-7.670000000000e-004,-4.02010e-002
-7.669600000000e-004,-4.02010e-002
-7.669200000000e-004,-4.02010e-002
-7.668800000000e-004,-4.02010e-002
-7.668400000000e-004,-4.02010e-002
-7.668000000000e-004,-4.02010e-002
-7.667600000000e-004,-4.02010e-002
-7.667200000000e-004,-4.02010e-002
-7.666800000000e-004,-4.02010e-002
-7.666400000000e-004,-8.04020e-002
-7.666000000000e-004,-4.02010e-002
-7.665600000000e-004,-4.02010e-002
-7.665200000000e-004, 0.00000e+000
-7.664800000000e-004,-4.02010e-002
-7.664400000000e-004,-4.02010e-002
-7.664000000000e-004,-4.02010e-002
-7.663600000000e-004,-4.02010e-002
-7.663200000000e-004,-4.02010e-002
-7.662800000000e-004,-4.02010e-002
-7.662400000000e-004,-4.02010e-002
-7.662000000000e-004,-4.02010e-002
-7.661600000000e-004,-4.02010e-002
-7.661200000000e-004,-4.02010e-002
-7.660800000000e-004,-4.02010e-002
-7.660400000000e-004,-4.02010e-002
-7.660000000000e-004,-4.02010e-002
-7.659600000000e-004,-4.02010e-002
-7.659200000000e-004,-4.02010e-002
-7.658800000000e-004,-4.02010e-002
-7.658400000000e-004,-4.02010e-002
-7.658000000000e-004,-4.02010e-002
-7.657600000000e-004,-4.02010e-002
-7.657200000000e-004,-4.02010e-002
-7.656800000000e-004,-4.02010e-002
-7.656400000000e-004,-4.02010e-002
-7.656000000000e-004,-4.02010e-002
-7.655600000000e-004,-4.02010e-002
-7.655200000000e-004,-4.02010e-002
-7.654800000000e-004,-4.02010e-002
-7.654400000000e-004,-4.02010e-002
-7.654000000000e-004,-4.02010e-002
-7.653600000000e-004,-4.02010e-002
-7.653200000000e-004,-4.02010e-002
-7.652800000000e-004,-4.02010e-002
-7.652400000000e-004,-4.02010e-002
-7.652000000000e-004,-4.02010e-002
-7.651600000000e-004,-4.02010e-002
-7.651200000000e-004,-4.02010e-002
-7.650800000000e-004,-4.02010e-002
-7.650400000000e-004,-4.02010e-002
-7.650000000000e-004,-4.02010e-002
-7.649600000000e-004,-4.02010e-002
-7.649200000000e-004,-4.02010e-002
-7.648800000000e-004,-4.02010e-002
-7.648400000000e-004,-4.02010e-002
-7.648000000000e-004,-4.02010e-002
-7.647600000000e-004,-4.02010e-002
-7.647200000000e-004,-4.02010e-002
-7.646800000000e-004,-4.02010e-002
-7.646400000000e-004,-4.02010e-002
-7.646000000000e-004,-4.02010e-002
-7.645600000000e-004,-4.02010e-002
-7.645200000000e-004,-4.02010e-002
-7.644800000000e-004,-4.02010e-002
-7.644400000000e-004,-4.02010e-002
-7.644000000000e-004,-4.02010e-002
-7.643600000000e-004,-4.02010e-002
-7.643200000000e-004,-4.02010e-002
-7.642800000000e-004,-4.02010e-002
-7.642400000000e-004,-4.02010e-002
-7.642000000000e-004,-4.02010e-002
-7.641600000000e-004,-4.02010e-002
-7.641200000000e-004,-4.02010e-002
-7.640800000000e-004,-4.02010e-002
-7.640400000000e-004,-4.02010e-002
-7.640000000000e-004, 0.00000e+000
-7.639600000000e-004,-4.02010e-002
-7.639200000000e-004,-4.02010e-002
-7.638800000000e-004,-4.02010e-002
-7.638400000000e-004,-4.02010e-002
-7.638000000000e-004,-4.02010e-002
-7.637600000000e-004,-4.02010e-002
-7.637200000000e-004,-4.02010e-002
-7.636800000000e-004,-4.02010e-002
-7.636400000000e-004,-4.02010e-002
-7.636000000000e-004,-4.02010e-002
-7.635600000000e-004,-4.02010e-002
-7.635200000000e-004,-4.02010e-002
-7.634800000000e-004,-4.02010e-002
-7.634400000000e-004,-4.02010e-002
-7.634000000000e-004,-4.02010e-002
-7.633600000000e-004,-4.02010e-002
-7.633200000000e-004,-4.02010e-002
-7.632800000000e-004, 0.00000e+000
-7.632400000000e-004,-4.02010e-002
-7.632000000000e-004,-4.02010e-002
-7.631600000000e-004,-4.02010e-002
-7.631200000000e-004,-4.02010e-002
-7.630800000000e-004,-4.02010e-002
-7.630400000000e-004,-4.02010e-002
-7.630000000000e-004,-4.02010e-002
-7.629600000000e-004,-4.02010e-002
-7.629200000000e-004,-4.02010e-002
-7.628800000000e-004,-4.02010e-002
-7.628400000000e-004,-4.02010e-002
-7.628000000000e-004,-4.02010e-002
-7.627600000000e-004,-4.02010e-002
-7.627200000000e-004,-4.02010e-002
-7.626800000000e-004,-4.02010e-002
-7.626400000000e-004, 0.00000e+000
-7.626000000000e-004,-4.02010e-002
-7.625600000000e-004,-4.02010e-002
-7.625200000000e-004,-4.02010e-002
-7.624800000000e-004,-4.02010e-002
-7.624400000000e-004,-4.02010e-002
-7.624000000000e-004,-4.02010e-002
-7.623600000000e-004,-4.02010e-002
-7.623200000000e-004,-4.02010e-002
-7.622800000000e-004,-4.02010e-002
-7.622400000000e-004,-4.02010e-002
-7.622000000000e-004,-4.02010e-002
-7.621600000000e-004,-8.04020e-002
-7.621200000000e-004,-4.02010e-002
-7.620800000000e-004,-4.02010e-002
-7.620400000000e-004,-4.02010e-002
-7.620000000000e-004, 0.00000e+000
-7.619600000000e-004,-4.02010e-002
-7.619200000000e-004,-4.02010e-002
-7.618800000000e-004,-4.02010e-002
-7.618400000000e-004,-4.02010e-002
-7.618000000000e-004,-4.02010e-002
-7.617600000000e-004,-4.02010e-002
-7.617200000000e-004,-8.04020e-002
-7.616800000000e-004,-4.02010e-002
-7.616400000000e-004,-4.02010e-002
-7.616000000000e-004,-4.02010e-002
-7.615600000000e-004,-4.02010e-002
-7.615200000000e-004,-4.02010e-002
-7.614800000000e-004,-4.02010e-002
-7.614400000000e-004,-4.02010e-002
-7.614000000000e-004,-4.02010e-002
-7.613600000000e-004,-4.02010e-002
-7.613200000000e-004,-4.02010e-002
-7.612800000000e-004,-4.02010e-002
-7.612400000000e-004,-4.02010e-002
-7.612000000000e-004,-4.02010e-002
-7.611600000000e-004,-4.02010e-002
-7.611200000000e-004,-4.02010e-002
-7.610800000000e-004,-4.02010e-002
-7.610400000000e-004,-4.02010e-002
-7.610000000000e-004,-4.02010e-002
-7.609600000000e-004,-4.02010e-002
-7.609200000000e-004,-4.02010e-002
-7.608800000000e-004,-4.02010e-002
-7.608400000000e-004,-4.02010e-002
-7.608000000000e-004,-4.02010e-002
-7.607600000000e-004,-4.02010e-002
-7.607200000000e-004,-4.02010e-002
-7.606800000000e-004,-4.02010e-002
-7.606400000000e-004,-4.02010e-002
-7.606000000000e-004,-4.02010e-002
-7.605600000000e-004,-4.02010e-002
-7.605200000000e-004,-4.02010e-002
-7.604800000000e-004,-4.02010e-002
-7.604400000000e-004,-8.04020e-002
-7.604000000000e-004,-4.02010e-002
-7.603600000000e-004,-4.02010e-002
-7.603200000000e-004,-4.02010e-002
-7.602800000000e-004,-4.02010e-002
-7.602400000000e-004,-4.02010e-002
-7.602000000000e-004,-4.02010e-002
-7.601600000000e-004,-4.02010e-002
-7.601200000000e-004,-4.02010e-002
-7.600800000000e-004,-4.02010e-002
-7.600400000000e-004,-4.02010e-002
-7.600000000000e-004,-4.02010e-002
-7.599600000000e-004,-4.02010e-002
-7.599200000000e-004,-4.02010e-002
-7.598800000000e-004,-4.02010e-002
-7.598400000000e-004,-4.02010e-002
-7.598000000000e-004,-4.02010e-002
-7.597600000000e-004,-4.02010e-002
-7.597200000000e-004,-4.02010e-002
-7.596800000000e-004,-4.02010e-002
-7.596400000000e-004,-4.02010e-002
-7.596000000000e-004,-4.02010e-002
-7.595600000000e-004,-4.02010e-002
-7.595200000000e-004,-4.02010e-002
-7.594800000000e-004,-4.02010e-002
-7.594400000000e-004,-4.02010e-002
-7.594000000000e-004,-4.02010e-002
-7.593600000000e-004,-4.02010e-002
-7.593200000000e-004,-4.02010e-002
-7.592800000000e-004,-4.02010e-002
-7.592400000000e-004,-4.02010e-002
-7.592000000000e-004,-4.02010e-002
-7.591600000000e-004,-4.02010e-002
-7.591200000000e-004,-4.02010e-002
-7.590800000000e-004,-4.02010e-002
-7.590400000000e-004,-4.02010e-002
-7.590000000000e-004,-4.02010e-002
-7.589600000000e-004,-4.02010e-002
-7.589200000000e-004,-4.02010e-002
-7.588800000000e-004,-4.02010e-002
-7.588400000000e-004,-4.02010e-002
-7.588000000000e-004,-4.02010e-002
-7.587600000000e-004,-4.02010e-002
-7.587200000000e-004,-4.02010e-002
-7.586800000000e-004,-4.02010e-002
-7.586400000000e-004,-4.02010e-002
-7.586000000000e-004,-4.02010e-002
-7.585600000000e-004, 0.00000e+000
-7.585200000000e-004,-4.02010e-002
-7.584800000000e-004,-4.02010e-002
-7.584400000000e-004,-4.02010e-002
-7.584000000000e-004,-4.02010e-002
-7.583600000000e-004,-4.02010e-002
-7.583200000000e-004,-4.02010e-002
-7.582800000000e-004,-4.02010e-002
-7.582400000000e-004,-4.02010e-002
-7.582000000000e-004,-4.02010e-002
-7.581600000000e-004,-4.02010e-002
-7.581200000000e-004,-4.02010e-002
-7.580800000000e-004,-4.02010e-002
-7.580400000000e-004,-8.04020e-002
-7.580000000000e-004,-4.02010e-002
-7.579600000000e-004,-4.02010e-002
-7.579200000000e-004,-4.02010e-002
-7.578800000000e-004,-4.02010e-002
-7.578400000000e-004,-4.02010e-002
-7.578000000000e-004,-4.02010e-002
-7.577600000000e-004,-4.02010e-002
-7.577200000000e-004,-4.02010e-002
-7.576800000000e-004,-4.02010e-002
-7.576400000000e-004,-4.02010e-002
-7.576000000000e-004,-4.02010e-002
-7.575600000000e-004,-4.02010e-002
-7.575200000000e-004,-4.02010e-002
-7.574800000000e-004,-4.02010e-002
-7.574400000000e-004,-4.02010e-002
-7.574000000000e-004,-4.02010e-002
-7.573600000000e-004, 0.00000e+000
-7.573200000000e-004,-4.02010e-002
-7.572800000000e-004,-4.02010e-002
-7.572400000000e-004,-4.02010e-002
-7.572000000000e-004,-4.02010e-002
-7.571600000000e-004,-4.02010e-002
-7.571200000000e-004,-4.02010e-002
-7.570800000000e-004,-4.02010e-002
-7.570400000000e-004,-4.02010e-002
-7.570000000000e-004,-4.02010e-002
-7.569600000000e-004,-4.02010e-002
-7.569200000000e-004,-4.02010e-002
-7.568800000000e-004,-4.02010e-002
-7.568400000000e-004,-4.02010e-002
-7.568000000000e-004,-4.02010e-002
-7.567600000000e-004,-4.02010e-002
-7.567200000000e-004,-4.02010e-002
-7.566800000000e-004,-4.02010e-002
-7.566400000000e-004,-4.02010e-002
-7.566000000000e-004,-4.02010e-002
-7.565600000000e-004,-4.02010e-002
-7.565200000000e-004,-4.02010e-002
-7.564800000000e-004,-4.02010e-002
-7.564400000000e-004,-4.02010e-002
-7.564000000000e-004,-4.02010e-002
-7.563600000000e-004,-4.02010e-002
-7.563200000000e-004,-4.02010e-002
-7.562800000000e-004,-4.02010e-002
-7.562400000000e-004,-4.02010e-002
-7.562000000000e-004,-8.04020e-002
-7.561600000000e-004,-4.02010e-002
-7.561200000000e-004,-4.02010e-002
-7.560800000000e-004,-4.02010e-002
-7.560400000000e-004,-4.02010e-002
-7.560000000000e-004,-4.02010e-002
-7.559600000000e-004,-4.02010e-002
-7.559200000000e-004,-4.02010e-002
-7.558800000000e-004,-4.02010e-002
-7.558400000000e-004,-4.02010e-002
-7.558000000000e-004,-4.02010e-002
-7.557600000000e-004,-4.02010e-002
-7.557200000000e-004,-4.02010e-002
-7.556800000000e-004,-4.02010e-002
-7.556400000000e-004,-4.02010e-002
-7.556000000000e-004,-4.02010e-002
-7.555600000000e-004,-4.02010e-002
-7.555200000000e-004,-4.02010e-002
-7.554800000000e-004,-4.02010e-002
-7.554400000000e-004,-4.02010e-002
-7.554000000000e-004,-4.02010e-002
-7.553600000000e-004,-4.02010e-002
-7.553200000000e-004,-4.02010e-002
-7.552800000000e-004,-4.02010e-002
-7.552400000000e-004,-4.02010e-002
-7.552000000000e-004,-4.02010e-002
-7.551600000000e-004, 0.00000e+000
-7.551200000000e-004,-4.02010e-002
-7.550800000000e-004,-4.02010e-002
-7.550400000000e-004,-4.02010e-002
-7.550000000000e-004,-4.02010e-002
-7.549600000000e-004,-4.02010e-002
-7.549200000000e-004,-4.02010e-002
-7.548800000000e-004,-4.02010e-002
-7.548400000000e-004,-4.02010e-002
-7.548000000000e-004,-4.02010e-002
-7.547600000000e-004,-4.02010e-002
-7.547200000000e-004,-4.02010e-002
-7.546800000000e-004,-4.02010e-002
-7.546400000000e-004,-4.02010e-002
-7.546000000000e-004,-4.02010e-002
-7.545600000000e-004,-4.02010e-002
-7.545200000000e-004,-4.02010e-002
-7.544800000000e-004,-8.04020e-002
-7.544400000000e-004,-4.02010e-002
-7.544000000000e-004,-4.02010e-002
-7.543600000000e-004,-4.02010e-002
-7.543200000000e-004,-4.02010e-002
-7.542800000000e-004,-4.02010e-002
-7.542400000000e-004,-4.02010e-002
-7.542000000000e-004,-4.02010e-002
-7.541600000000e-004,-4.02010e-002
-7.541200000000e-004,-4.02010e-002
-7.540800000000e-004,-4.02010e-002
-7.540400000000e-004,-4.02010e-002
-7.540000000000e-004,-4.02010e-002
-7.539600000000e-004,-4.02010e-002
-7.539200000000e-004,-4.02010e-002
-7.538800000000e-004,-4.02010e-002
-7.538400000000e-004,-4.02010e-002
-7.538000000000e-004,-4.02010e-002
-7.537600000000e-004,-4.02010e-002
-7.537200000000e-004,-4.02010e-002
-7.536800000000e-004,-4.02010e-002
-7.536400000000e-004,-4.02010e-002
-7.536000000000e-004,-4.02010e-002
-7.535600000000e-004,-4.02010e-002
-7.535200000000e-004,-4.02010e-002
-7.534800000000e-004,-4.02010e-002
-7.534400000000e-004,-4.02010e-002
-7.534000000000e-004,-4.02010e-002
-7.533600000000e-004,-4.02010e-002
-7.533200000000e-004,-4.02010e-002
-7.532800000000e-004,-4.02010e-002
-7.532400000000e-004,-4.02010e-002
-7.532000000000e-004,-4.02010e-002
-7.531600000000e-004,-4.02010e-002
-7.531200000000e-004,-4.02010e-002
-7.530800000000e-004,-4.02010e-002
-7.530400000000e-004,-4.02010e-002
-7.530000000000e-004,-4.02010e-002
-7.529600000000e-004,-4.02010e-002
-7.529200000000e-004,-4.02010e-002
-7.528800000000e-004,-4.02010e-002
-7.528400000000e-004,-4.02010e-002
-7.528000000000e-004,-4.02010e-002
-7.527600000000e-004,-4.02010e-002
-7.527200000000e-004,-4.02010e-002
-7.526800000000e-004,-4.02010e-002
-7.526400000000e-004,-4.02010e-002
-7.526000000000e-004,-4.02010e-002
-7.525600000000e-004,-4.02010e-002
-7.525200000000e-004,-4.02010e-002
-7.524800000000e-004,-4.02010e-002
-7.524400000000e-004,-4.02010e-002
-7.524000000000e-004,-4.02010e-002
-7.523600000000e-004,-4.02010e-002
-7.523200000000e-004,-4.02010e-002
-7.522800000000e-004,-4.02010e-002
-7.522400000000e-004,-4.02010e-002
-7.522000000000e-004,-4.02010e-002
-7.521600000000e-004,-4.02010e-002
-7.521200000000e-004,-4.02010e-002
-7.520800000000e-004,-4.02010e-002
-7.520400000000e-004,-4.02010e-002
-7.520000000000e-004,-4.02010e-002
-7.519600000000e-004,-4.02010e-002
-7.519200000000e-004,-4.02010e-002
-7.518800000000e-004,-4.02010e-002
-7.518400000000e-004,-4.02010e-002
-7.518000000000e-004,-4.02010e-002
-7.517600000000e-004,-4.02010e-002
-7.517200000000e-004,-4.02010e-002
-7.516800000000e-004,-4.02010e-002
-7.516400000000e-004,-4.02010e-002
-7.516000000000e-004,-4.02010e-002
-7.515600000000e-004,-4.02010e-002
-7.515200000000e-004,-4.02010e-002
-7.514800000000e-004,-4.02010e-002
-7.514400000000e-004,-4.02010e-002
-7.514000000000e-004,-4.02010e-002
-7.513600000000e-004,-4.02010e-002
-7.513200000000e-004,-4.02010e-002
-7.512800000000e-004,-4.02010e-002
-7.512400000000e-004,-4.02010e-002
-7.512000000000e-004,-4.02010e-002
-7.511600000000e-004,-4.02010e-002
-7.511200000000e-004,-4.02010e-002
-7.510800000000e-004,-4.02010e-002
-7.510400000000e-004,-4.02010e-002
-7.510000000000e-004,-4.02010e-002
-7.509600000000e-004,-4.02010e-002
-7.509200000000e-004,-4.02010e-002
-7.508800000000e-004,-4.02010e-002
-7.508400000000e-004,-4.02010e-002
-7.508000000000e-004,-4.02010e-002
-7.507600000000e-004,-4.02010e-002
-7.507200000000e-004,-4.02010e-002
-7.506800000000e-004,-4.02010e-002
-7.506400000000e-004,-4.02010e-002
-7.506000000000e-004,-4.02010e-002
-7.505600000000e-004,-4.02010e-002
-7.505200000000e-004,-4.02010e-002
-7.504800000000e-004,-4.02010e-002
-7.504400000000e-004,-4.02010e-002
-7.504000000000e-004,-4.02010e-002
-7.503600000000e-004,-4.02010e-002
-7.503200000000e-004,-4.02010e-002
-7.502800000000e-004,-4.02010e-002
-7.502400000000e-004,-4.02010e-002
-7.502000000000e-004,-4.02010e-002
-7.501600000000e-004,-4.02010e-002
-7.501200000000e-004,-4.02010e-002
-7.500800000000e-004,-4.02010e-002
-7.500400000000e-004,-4.02010e-002
-7.500000000000e-004,-4.02010e-002
-7.499600000000e-004,-4.02010e-002
-7.499200000000e-004,-4.02010e-002
-7.498800000000e-004,-4.02010e-002
-7.498400000000e-004,-4.02010e-002
-7.498000000000e-004,-4.02010e-002
-7.497600000000e-004,-4.02010e-002
-7.497200000000e-004,-4.02010e-002
-7.496800000000e-004,-4.02010e-002
-7.496400000000e-004,-4.02010e-002
-7.496000000000e-004,-4.02010e-002
-7.495600000000e-004,-4.02010e-002
-7.495200000000e-004,-4.02010e-002
-7.494800000000e-004,-4.02010e-002
-7.494400000000e-004,-4.02010e-002
-7.494000000000e-004,-4.02010e-002
-7.493600000000e-004,-4.02010e-002
-7.493200000000e-004,-4.02010e-002
-7.492800000000e-004,-4.02010e-002
-7.492400000000e-004,-4.02010e-002
-7.492000000000e-004,-4.02010e-002
-7.491600000000e-004,-4.02010e-002
-7.491200000000e-004,-4.02010e-002
-7.490800000000e-004,-4.02010e-002
-7.490400000000e-004,-4.02010e-002
-7.490000000000e-004,-4.02010e-002
-7.489600000000e-004,-4.02010e-002
-7.489200000000e-004,-4.02010e-002
-7.488800000000e-004,-4.02010e-002
-7.488400000000e-004,-4.02010e-002
-7.488000000000e-004,-8.04020e-002
-7.487600000000e-004,-4.02010e-002
-7.487200000000e-004,-4.02010e-002
-7.486800000000e-004,-4.02010e-002
-7.486400000000e-004,-4.02010e-002
-7.486000000000e-004,-4.02010e-002
-7.485600000000e-004,-4.02010e-002
-7.485200000000e-004,-4.02010e-002
-7.484800000000e-004,-4.02010e-002
-7.484400000000e-004,-8.04020e-002
-7.484000000000e-004,-4.02010e-002
-7.483600000000e-004,-4.02010e-002
-7.483200000000e-004,-4.02010e-002
-7.482800000000e-004,-4.02010e-002
-7.482400000000e-004,-4.02010e-002
-7.482000000000e-004,-4.02010e-002
-7.481600000000e-004,-4.02010e-002
-7.481200000000e-004,-4.02010e-002
-7.480800000000e-004,-4.02010e-002
-7.480400000000e-004,-4.02010e-002
-7.480000000000e-004,-4.02010e-002
-7.479600000000e-004,-4.02010e-002
-7.479200000000e-004,-4.02010e-002
-7.478800000000e-004,-4.02010e-002
-7.478400000000e-004,-4.02010e-002
-7.478000000000e-004,-4.02010e-002
-7.477600000000e-004,-4.02010e-002
-7.477200000000e-004, 0.00000e+000
-7.476800000000e-004,-4.02010e-002
-7.476400000000e-004,-4.02010e-002
-7.476000000000e-004,-4.02010e-002
-7.475600000000e-004,-4.02010e-002
-7.475200000000e-004,-4.02010e-002
-7.474800000000e-004,-4.02010e-002
-7.474400000000e-004,-4.02010e-002
-7.474000000000e-004,-4.02010e-002
-7.473600000000e-004,-4.02010e-002
-7.473200000000e-004,-4.02010e-002
-7.472800000000e-004,-4.02010e-002
-7.472400000000e-004,-4.02010e-002
-7.472000000000e-004,-4.02010e-002
-7.471600000000e-004,-4.02010e-002
-7.471200000000e-004,-4.02010e-002
-7.470800000000e-004,-4.02010e-002
-7.470400000000e-004,-4.02010e-002
-7.470000000000e-004,-4.02010e-002
-7.469600000000e-004,-4.02010e-002
-7.469200000000e-004,-4.02010e-002
-7.468800000000e-004,-4.02010e-002
-7.468400000000e-004,-4.02010e-002
-7.468000000000e-004,-4.02010e-002
-7.467600000000e-004,-4.02010e-002
-7.467200000000e-004,-4.02010e-002
-7.466800000000e-004,-4.02010e-002
-7.466400000000e-004,-4.02010e-002
-7.466000000000e-004,-4.02010e-002
-7.465600000000e-004,-4.02010e-002
-7.465200000000e-004, 0.00000e+000
-7.464800000000e-004,-4.02010e-002
-7.464400000000e-004,-4.02010e-002
-7.464000000000e-004,-4.02010e-002
-7.463600000000e-004,-4.02010e-002
-7.463200000000e-004,-4.02010e-002
-7.462800000000e-004,-4.02010e-002
-7.462400000000e-004,-4.02010e-002
-7.462000000000e-004,-4.02010e-002
-7.461600000000e-004,-4.02010e-002
-7.461200000000e-004,-4.02010e-002
-7.460800000000e-004,-4.02010e-002
-7.460400000000e-004,-4.02010e-002
-7.460000000000e-004,-4.02010e-002
-7.459600000000e-004,-4.02010e-002
-7.459200000000e-004,-4.02010e-002
-7.458800000000e-004,-4.02010e-002
-7.458400000000e-004,-4.02010e-002
-7.458000000000e-004,-4.02010e-002
-7.457600000000e-004, 0.00000e+000
-7.457200000000e-004,-4.02010e-002
-7.456800000000e-004,-4.02010e-002
-7.456400000000e-004,-4.02010e-002
-7.456000000000e-004,-4.02010e-002
-7.455600000000e-004,-4.02010e-002
-7.455200000000e-004,-4.02010e-002
-7.454800000000e-004,-4.02010e-002
-7.454400000000e-004,-4.02010e-002
-7.454000000000e-004,-4.02010e-002
-7.453600000000e-004,-4.02010e-002
-7.453200000000e-004,-8.04020e-002
-7.452800000000e-004,-4.02010e-002
-7.452400000000e-004,-4.02010e-002
-7.452000000000e-004,-4.02010e-002
-7.451600000000e-004,-4.02010e-002
-7.451200000000e-004,-4.02010e-002
-7.450800000000e-004,-4.02010e-002
-7.450400000000e-004,-4.02010e-002
-7.450000000000e-004,-4.02010e-002
-7.449600000000e-004,-4.02010e-002
-7.449200000000e-004,-4.02010e-002
-7.448800000000e-004,-4.02010e-002
-7.448400000000e-004,-4.02010e-002
-7.448000000000e-004,-4.02010e-002
-7.447600000000e-004,-4.02010e-002
-7.447200000000e-004,-4.02010e-002
-7.446800000000e-004,-4.02010e-002
-7.446400000000e-004,-4.02010e-002
-7.446000000000e-004,-4.02010e-002
-7.445600000000e-004,-4.02010e-002
-7.445200000000e-004,-4.02010e-002
-7.444800000000e-004,-4.02010e-002
-7.444400000000e-004,-4.02010e-002
-7.444000000000e-004,-4.02010e-002
-7.443600000000e-004,-4.02010e-002
-7.443200000000e-004,-4.02010e-002
-7.442800000000e-004,-4.02010e-002
-7.442400000000e-004,-4.02010e-002
-7.442000000000e-004,-4.02010e-002
-7.441600000000e-004,-4.02010e-002
-7.441200000000e-004,-4.02010e-002
-7.440800000000e-004,-4.02010e-002
-7.440400000000e-004,-4.02010e-002
-7.440000000000e-004,-4.02010e-002
-7.439600000000e-004,-4.02010e-002
-7.439200000000e-004,-4.02010e-002
-7.438800000000e-004,-4.02010e-002
-7.438400000000e-004,-4.02010e-002
-7.438000000000e-004,-4.02010e-002
-7.437600000000e-004,-4.02010e-002
-7.437200000000e-004,-4.02010e-002
-7.436800000000e-004,-4.02010e-002
-7.436400000000e-004,-4.02010e-002
-7.436000000000e-004,-4.02010e-002
-7.435600000000e-004,-4.02010e-002
-7.435200000000e-004,-4.02010e-002
-7.434800000000e-004,-4.02010e-002
-7.434400000000e-004,-4.02010e-002
-7.434000000000e-004,-4.02010e-002
-7.433600000000e-004,-4.02010e-002
-7.433200000000e-004,-4.02010e-002
-7.432800000000e-004,-4.02010e-002
-7.432400000000e-004,-4.02010e-002
-7.432000000000e-004,-4.02010e-002
-7.431600000000e-004,-4.02010e-002
-7.431200000000e-004,-4.02010e-002
-7.430800000000e-004,-4.02010e-002
-7.430400000000e-004,-4.02010e-002
-7.430000000000e-004,-4.02010e-002
-7.429600000000e-004,-4.02010e-002
-7.429200000000e-004,-4.02010e-002
-7.428800000000e-004,-4.02010e-002
-7.428400000000e-004,-4.02010e-002
-7.428000000000e-004,-4.02010e-002
-7.427600000000e-004,-4.02010e-002
-7.427200000000e-004,-4.02010e-002
-7.426800000000e-004,-4.02010e-002
-7.426400000000e-004,-4.02010e-002
-7.426000000000e-004,-4.02010e-002
-7.425600000000e-004,-4.02010e-002
-7.425200000000e-004,-4.02010e-002
-7.424800000000e-004,-4.02010e-002
-7.424400000000e-004,-4.02010e-002
-7.424000000000e-004,-4.02010e-002
-7.423600000000e-004,-4.02010e-002
-7.423200000000e-004,-4.02010e-002
-7.422800000000e-004, 0.00000e+000
-7.422400000000e-004,-4.02010e-002
-7.422000000000e-004,-4.02010e-002
-7.421600000000e-004,-4.02010e-002
-7.421200000000e-004,-4.02010e-002
-7.420800000000e-004,-4.02010e-002
-7.420400000000e-004,-4.02010e-002
-7.420000000000e-004,-4.02010e-002
-7.419600000000e-004,-4.02010e-002
-7.419200000000e-004, 0.00000e+000
-7.418800000000e-004,-4.02010e-002
-7.418400000000e-004,-4.02010e-002
-7.418000000000e-004,-4.02010e-002
-7.417600000000e-004,-4.02010e-002
-7.417200000000e-004,-4.02010e-002
-7.416800000000e-004,-4.02010e-002
-7.416400000000e-004,-4.02010e-002
-7.416000000000e-004,-4.02010e-002
-7.415600000000e-004,-4.02010e-002
-7.415200000000e-004,-4.02010e-002
-7.414800000000e-004,-4.02010e-002
-7.414400000000e-004,-4.02010e-002
-7.414000000000e-004,-4.02010e-002
-7.413600000000e-004,-4.02010e-002
-7.413200000000e-004,-4.02010e-002
-7.412800000000e-004,-4.02010e-002
-7.412400000000e-004,-4.02010e-002
-7.412000000000e-004,-4.02010e-002
-7.411600000000e-004,-4.02010e-002
-7.411200000000e-004,-4.02010e-002
-7.410800000000e-004,-4.02010e-002
-7.410400000000e-004,-4.02010e-002
-7.410000000000e-004,-4.02010e-002
-7.409600000000e-004,-4.02010e-002
-7.409200000000e-004,-4.02010e-002
-7.408800000000e-004,-4.02010e-002
-7.408400000000e-004,-4.02010e-002
-7.408000000000e-004,-4.02010e-002
-7.407600000000e-004,-4.02010e-002
-7.407200000000e-004,-4.02010e-002
-7.406800000000e-004,-4.02010e-002
-7.406400000000e-004,-4.02010e-002
-7.406000000000e-004,-4.02010e-002
-7.405600000000e-004, 0.00000e+000
-7.405200000000e-004,-4.02010e-002
-7.404800000000e-004,-4.02010e-002
-7.404400000000e-004,-4.02010e-002
-7.404000000000e-004,-4.02010e-002
-7.403600000000e-004,-4.02010e-002
-7.403200000000e-004,-4.02010e-002
-7.402800000000e-004,-4.02010e-002
-7.402400000000e-004,-4.02010e-002
-7.402000000000e-004,-4.02010e-002
-7.401600000000e-004,-4.02010e-002
-7.401200000000e-004,-4.02010e-002
-7.400800000000e-004,-4.02010e-002
-7.400400000000e-004,-4.02010e-002
-7.400000000000e-004,-4.02010e-002
-7.399600000000e-004,-4.02010e-002
-7.399200000000e-004,-4.02010e-002
-7.398800000000e-004,-4.02010e-002
-7.398400000000e-004,-4.02010e-002
-7.398000000000e-004,-4.02010e-002
-7.397600000000e-004,-4.02010e-002
-7.397200000000e-004,-4.02010e-002
-7.396800000000e-004,-4.02010e-002
-7.396400000000e-004,-4.02010e-002
-7.396000000000e-004,-4.02010e-002
-7.395600000000e-004,-4.02010e-002
-7.395200000000e-004,-4.02010e-002
-7.394800000000e-004,-4.02010e-002
-7.394400000000e-004,-4.02010e-002
-7.394000000000e-004,-4.02010e-002
-7.393600000000e-004,-4.02010e-002
-7.393200000000e-004,-4.02010e-002
-7.392800000000e-004,-4.02010e-002
-7.392400000000e-004,-8.04020e-002
-7.392000000000e-004,-4.02010e-002
-7.391600000000e-004,-4.02010e-002
-7.391200000000e-004,-4.02010e-002
-7.390800000000e-004,-4.02010e-002
-7.390400000000e-004,-4.02010e-002
-7.390000000000e-004,-4.02010e-002
-7.389600000000e-004, 0.00000e+000
-7.389200000000e-004,-4.02010e-002
-7.388800000000e-004,-4.02010e-002
-7.388400000000e-004,-4.02010e-002
-7.388000000000e-004,-4.02010e-002
-7.387600000000e-004,-4.02010e-002
-7.387200000000e-004,-4.02010e-002
-7.386800000000e-004,-4.02010e-002
-7.386400000000e-004,-4.02010e-002
-7.386000000000e-004,-4.02010e-002
-7.385600000000e-004,-8.04020e-002
-7.385200000000e-004,-4.02010e-002
-7.384800000000e-004,-4.02010e-002
-7.384400000000e-004,-4.02010e-002
-7.384000000000e-004,-4.02010e-002
-7.383600000000e-004,-4.02010e-002
-7.383200000000e-004,-4.02010e-002
-7.382800000000e-004,-4.02010e-002
-7.382400000000e-004,-4.02010e-002
-7.382000000000e-004,-4.02010e-002
-7.381600000000e-004,-4.02010e-002
-7.381200000000e-004,-8.04020e-002
-7.380800000000e-004, 0.00000e+000
-7.380400000000e-004,-4.02010e-002
-7.380000000000e-004,-4.02010e-002
-7.379600000000e-004,-4.02010e-002
-7.379200000000e-004,-4.02010e-002
-7.378800000000e-004,-4.02010e-002
-7.378400000000e-004,-4.02010e-002
-7.378000000000e-004,-4.02010e-002
-7.377600000000e-004,-4.02010e-002
-7.377200000000e-004,-4.02010e-002
-7.376800000000e-004,-8.04020e-002
-7.376400000000e-004,-4.02010e-002
-7.376000000000e-004,-4.02010e-002
-7.375600000000e-004,-4.02010e-002
-7.375200000000e-004,-4.02010e-002
-7.374800000000e-004,-4.02010e-002
-7.374400000000e-004,-4.02010e-002
-7.374000000000e-004,-4.02010e-002
-7.373600000000e-004,-4.02010e-002
-7.373200000000e-004,-4.02010e-002
-7.372800000000e-004,-8.04020e-002
-7.372400000000e-004,-4.02010e-002
-7.372000000000e-004,-4.02010e-002
-7.371600000000e-004,-4.02010e-002
-7.371200000000e-004,-4.02010e-002
-7.370800000000e-004,-4.02010e-002
-7.370400000000e-004,-4.02010e-002
-7.370000000000e-004,-4.02010e-002
-7.369600000000e-004,-4.02010e-002
-7.369200000000e-004,-4.02010e-002
-7.368800000000e-004,-4.02010e-002
-7.368400000000e-004,-4.02010e-002
-7.368000000000e-004,-4.02010e-002
-7.367600000000e-004,-4.02010e-002
-7.367200000000e-004,-4.02010e-002
-7.366800000000e-004,-4.02010e-002
-7.366400000000e-004,-4.02010e-002
-7.366000000000e-004,-4.02010e-002
-7.365600000000e-004,-4.02010e-002
-7.365200000000e-004,-4.02010e-002
-7.364800000000e-004,-4.02010e-002
-7.364400000000e-004,-4.02010e-002
-7.364000000000e-004,-4.02010e-002
-7.363600000000e-004,-4.02010e-002
-7.363200000000e-004,-4.02010e-002
-7.362800000000e-004,-4.02010e-002
-7.362400000000e-004,-4.02010e-002
-7.362000000000e-004,-4.02010e-002
-7.361600000000e-004,-4.02010e-002
-7.361200000000e-004,-4.02010e-002
-7.360800000000e-004,-4.02010e-002
-7.360400000000e-004,-4.02010e-002
-7.360000000000e-004,-4.02010e-002
-7.359600000000e-004,-4.02010e-002
-7.359200000000e-004,-4.02010e-002
-7.358800000000e-004,-4.02010e-002
-7.358400000000e-004,-4.02010e-002
-7.358000000000e-004,-4.02010e-002
-7.357600000000e-004,-4.02010e-002
-7.357200000000e-004,-4.02010e-002
-7.356800000000e-004,-4.02010e-002
-7.356400000000e-004,-4.02010e-002
-7.356000000000e-004,-4.02010e-002
-7.355600000000e-004,-4.02010e-002
-7.355200000000e-004,-4.02010e-002
-7.354800000000e-004,-4.02010e-002
-7.354400000000e-004,-4.02010e-002
-7.354000000000e-004,-4.02010e-002
-7.353600000000e-004,-4.02010e-002
-7.353200000000e-004,-4.02010e-002
-7.352800000000e-004,-4.02010e-002
-7.352400000000e-004,-4.02010e-002
-7.352000000000e-004,-4.02010e-002
-7.351600000000e-004,-4.02010e-002
-7.351200000000e-004,-4.02010e-002
-7.350800000000e-004,-4.02010e-002
-7.350400000000e-004,-4.02010e-002
-7.350000000000e-004,-4.02010e-002
-7.349600000000e-004,-4.02010e-002
-7.349200000000e-004,-4.02010e-002
-7.348800000000e-004,-4.02010e-002
-7.348400000000e-004,-4.02010e-002
-7.348000000000e-004,-4.02010e-002
-7.347600000000e-004,-4.02010e-002
-7.347200000000e-004,-4.02010e-002
-7.346800000000e-004,-4.02010e-002
-7.346400000000e-004,-4.02010e-002
-7.346000000000e-004,-4.02010e-002
-7.345600000000e-004,-4.02010e-002
-7.345200000000e-004,-4.02010e-002
-7.344800000000e-004,-4.02010e-002
-7.344400000000e-004,-4.02010e-002
-7.344000000000e-004,-4.02010e-002
-7.343600000000e-004,-4.02010e-002
-7.343200000000e-004,-4.02010e-002
-7.342800000000e-004,-4.02010e-002
-7.342400000000e-004,-4.02010e-002
-7.342000000000e-004,-4.02010e-002
-7.341600000000e-004,-4.02010e-002
-7.341200000000e-004,-4.02010e-002
-7.340800000000e-004,-4.02010e-002
-7.340400000000e-004,-4.02010e-002
-7.340000000000e-004,-4.02010e-002
-7.339600000000e-004,-4.02010e-002
-7.339200000000e-004,-4.02010e-002
-7.338800000000e-004,-4.02010e-002
-7.338400000000e-004, 0.00000e+000
-7.338000000000e-004,-4.02010e-002
-7.337600000000e-004,-4.02010e-002
-7.337200000000e-004,-8.04020e-002
-7.336800000000e-004,-4.02010e-002
-7.336400000000e-004,-4.02010e-002
-7.336000000000e-004,-4.02010e-002
-7.335600000000e-004,-4.02010e-002
-7.335200000000e-004,-4.02010e-002
-7.334800000000e-004,-4.02010e-002
-7.334400000000e-004,-4.02010e-002
-7.334000000000e-004,-4.02010e-002
-7.333600000000e-004,-4.02010e-002
-7.333200000000e-004,-4.02010e-002
-7.332800000000e-004,-4.02010e-002
-7.332400000000e-004,-4.02010e-002
-7.332000000000e-004,-4.02010e-002
-7.331600000000e-004,-4.02010e-002
-7.331200000000e-004,-4.02010e-002
-7.330800000000e-004,-4.02010e-002
-7.330400000000e-004,-4.02010e-002
-7.330000000000e-004,-4.02010e-002
-7.329600000000e-004, 0.00000e+000
-7.329200000000e-004,-4.02010e-002
-7.328800000000e-004,-4.02010e-002
-7.328400000000e-004,-4.02010e-002
-7.328000000000e-004,-4.02010e-002
-7.327600000000e-004,-4.02010e-002
-7.327200000000e-004,-4.02010e-002
-7.326800000000e-004,-4.02010e-002
-7.326400000000e-004,-4.02010e-002
-7.326000000000e-004,-4.02010e-002
-7.325600000000e-004,-8.04020e-002
-7.325200000000e-004,-4.02010e-002
-7.324800000000e-004,-4.02010e-002
-7.324400000000e-004,-4.02010e-002
-7.324000000000e-004,-4.02010e-002
-7.323600000000e-004,-4.02010e-002
-7.323200000000e-004,-4.02010e-002
-7.322800000000e-004,-4.02010e-002
-7.322400000000e-004,-4.02010e-002
-7.322000000000e-004,-4.02010e-002
-7.321600000000e-004,-4.02010e-002
-7.321200000000e-004,-4.02010e-002
-7.320800000000e-004, 0.00000e+000
-7.320400000000e-004,-4.02010e-002
-7.320000000000e-004,-4.02010e-002
-7.319600000000e-004,-4.02010e-002
-7.319200000000e-004,-4.02010e-002
-7.318800000000e-004,-4.02010e-002
-7.318400000000e-004,-4.02010e-002
-7.318000000000e-004,-4.02010e-002
-7.317600000000e-004,-4.02010e-002
-7.317200000000e-004,-4.02010e-002
-7.316800000000e-004,-4.02010e-002
-7.316400000000e-004,-4.02010e-002
-7.316000000000e-004,-4.02010e-002
-7.315600000000e-004,-4.02010e-002
-7.315200000000e-004,-4.02010e-002
-7.314800000000e-004,-4.02010e-002
-7.314400000000e-004,-4.02010e-002
-7.314000000000e-004,-4.02010e-002
-7.313600000000e-004,-4.02010e-002
-7.313200000000e-004,-4.02010e-002
-7.312800000000e-004,-4.02010e-002
-7.312400000000e-004,-4.02010e-002
-7.312000000000e-004,-4.02010e-002
-7.311600000000e-004,-4.02010e-002
-7.311200000000e-004,-4.02010e-002
-7.310800000000e-004, 0.00000e+000
-7.310400000000e-004,-4.02010e-002
-7.310000000000e-004,-4.02010e-002
-7.309600000000e-004,-4.02010e-002
-7.309200000000e-004,-4.02010e-002
-7.308800000000e-004,-4.02010e-002
-7.308400000000e-004,-4.02010e-002
-7.308000000000e-004,-4.02010e-002
-7.307600000000e-004,-4.02010e-002
-7.307200000000e-004,-4.02010e-002
-7.306800000000e-004,-8.04020e-002
-7.306400000000e-004,-4.02010e-002
-7.306000000000e-004,-4.02010e-002
-7.305600000000e-004,-4.02010e-002
-7.305200000000e-004,-4.02010e-002
-7.304800000000e-004,-4.02010e-002
-7.304400000000e-004,-4.02010e-002
-7.304000000000e-004,-4.02010e-002
-7.303600000000e-004,-4.02010e-002
-7.303200000000e-004,-4.02010e-002
-7.302800000000e-004,-4.02010e-002
-7.302400000000e-004,-4.02010e-002
-7.302000000000e-004,-4.02010e-002
-7.301600000000e-004,-4.02010e-002
-7.301200000000e-004,-4.02010e-002
-7.300800000000e-004,-4.02010e-002
-7.300400000000e-004,-4.02010e-002
-7.300000000000e-004,-4.02010e-002
-7.299600000000e-004, 0.00000e+000
-7.299200000000e-004,-4.02010e-002
-7.298800000000e-004,-4.02010e-002
-7.298400000000e-004,-4.02010e-002
-7.298000000000e-004,-4.02010e-002
-7.297600000000e-004,-4.02010e-002
-7.297200000000e-004,-4.02010e-002
-7.296800000000e-004,-4.02010e-002
-7.296400000000e-004,-4.02010e-002
-7.296000000000e-004,-4.02010e-002
-7.295600000000e-004,-4.02010e-002
-7.295200000000e-004,-4.02010e-002
-7.294800000000e-004,-4.02010e-002
-7.294400000000e-004,-4.02010e-002
-7.294000000000e-004,-8.04020e-002
-7.293600000000e-004,-4.02010e-002
-7.293200000000e-004,-4.02010e-002
-7.292800000000e-004,-4.02010e-002
-7.292400000000e-004,-4.02010e-002
-7.292000000000e-004,-4.02010e-002
-7.291600000000e-004,-4.02010e-002
-7.291200000000e-004,-4.02010e-002
-7.290800000000e-004,-4.02010e-002
-7.290400000000e-004,-4.02010e-002
-7.290000000000e-004,-4.02010e-002
-7.289600000000e-004,-4.02010e-002
-7.289200000000e-004,-4.02010e-002
-7.288800000000e-004,-4.02010e-002
-7.288400000000e-004,-4.02010e-002
-7.288000000000e-004,-4.02010e-002
-7.287600000000e-004,-4.02010e-002
-7.287200000000e-004, 0.00000e+000
-7.286800000000e-004,-4.02010e-002
-7.286400000000e-004,-4.02010e-002
-7.286000000000e-004,-4.02010e-002
-7.285600000000e-004,-4.02010e-002
-7.285200000000e-004,-4.02010e-002
-7.284800000000e-004,-4.02010e-002
-7.284400000000e-004,-4.02010e-002
-7.284000000000e-004,-4.02010e-002
-7.283600000000e-004,-4.02010e-002
-7.283200000000e-004,-4.02010e-002
-7.282800000000e-004,-8.04020e-002
-7.282400000000e-004,-4.02010e-002
-7.282000000000e-004,-4.02010e-002
-7.281600000000e-004,-4.02010e-002
-7.281200000000e-004,-4.02010e-002
-7.280800000000e-004,-4.02010e-002
-7.280400000000e-004, 0.00000e+000
-7.280000000000e-004,-4.02010e-002
-7.279600000000e-004,-4.02010e-002
-7.279200000000e-004,-4.02010e-002
-7.278800000000e-004,-4.02010e-002
-7.278400000000e-004,-4.02010e-002
-7.278000000000e-004,-4.02010e-002
-7.277600000000e-004,-4.02010e-002
-7.277200000000e-004,-4.02010e-002
-7.276800000000e-004,-4.02010e-002
-7.276400000000e-004,-4.02010e-002
-7.276000000000e-004, 0.00000e+000
-7.275600000000e-004,-4.02010e-002
-7.275200000000e-004,-4.02010e-002
-7.274800000000e-004,-4.02010e-002
-7.274400000000e-004,-4.02010e-002
-7.274000000000e-004,-4.02010e-002
-7.273600000000e-004,-8.04020e-002
-7.273200000000e-004,-4.02010e-002
-7.272800000000e-004,-4.02010e-002
-7.272400000000e-004,-4.02010e-002
-7.272000000000e-004,-4.02010e-002
-7.271600000000e-004,-4.02010e-002
-7.271200000000e-004,-4.02010e-002
-7.270800000000e-004,-4.02010e-002
-7.270400000000e-004,-4.02010e-002
-7.270000000000e-004,-4.02010e-002
-7.269600000000e-004,-8.04020e-002
-7.269200000000e-004,-4.02010e-002
-7.268800000000e-004,-4.02010e-002
-7.268400000000e-004,-4.02010e-002
-7.268000000000e-004,-4.02010e-002
-7.267600000000e-004,-8.04020e-002
-7.267200000000e-004,-4.02010e-002
-7.266800000000e-004,-4.02010e-002
-7.266400000000e-004,-4.02010e-002
-7.266000000000e-004,-4.02010e-002
-7.265600000000e-004,-4.02010e-002
-7.265200000000e-004,-4.02010e-002
-7.264800000000e-004,-4.02010e-002
-7.264400000000e-004,-4.02010e-002
-7.264000000000e-004,-4.02010e-002
-7.263600000000e-004,-4.02010e-002
-7.263200000000e-004,-4.02010e-002
-7.262800000000e-004, 0.00000e+000
-7.262400000000e-004,-4.02010e-002
-7.262000000000e-004,-4.02010e-002
-7.261600000000e-004,-4.02010e-002
-7.261200000000e-004,-4.02010e-002
-7.260800000000e-004,-8.04020e-002
-7.260400000000e-004,-4.02010e-002
-7.260000000000e-004,-4.02010e-002
-7.259600000000e-004,-4.02010e-002
-7.259200000000e-004,-4.02010e-002
-7.258800000000e-004,-4.02010e-002
-7.258400000000e-004,-4.02010e-002
-7.258000000000e-004,-4.02010e-002
-7.257600000000e-004,-4.02010e-002
-7.257200000000e-004,-4.02010e-002
-7.256800000000e-004,-4.02010e-002
-7.256400000000e-004,-4.02010e-002
-7.256000000000e-004,-4.02010e-002
-7.255600000000e-004,-4.02010e-002
-7.255200000000e-004,-4.02010e-002
-7.254800000000e-004, 0.00000e+000
-7.254400000000e-004,-4.02010e-002
-7.254000000000e-004,-4.02010e-002
-7.253600000000e-004,-4.02010e-002
-7.253200000000e-004,-4.02010e-002
-7.252800000000e-004,-4.02010e-002
-7.252400000000e-004,-4.02010e-002
-7.252000000000e-004,-4.02010e-002
-7.251600000000e-004,-4.02010e-002
-7.251200000000e-004,-4.02010e-002
-7.250800000000e-004,-4.02010e-002
-7.250400000000e-004,-4.02010e-002
-7.250000000000e-004,-4.02010e-002
-7.249600000000e-004,-4.02010e-002
-7.249200000000e-004,-4.02010e-002
-7.248800000000e-004,-4.02010e-002
-7.248400000000e-004,-4.02010e-002
-7.248000000000e-004,-4.02010e-002
-7.247600000000e-004,-4.02010e-002
-7.247200000000e-004,-4.02010e-002
-7.246800000000e-004,-4.02010e-002
-7.246400000000e-004,-4.02010e-002
-7.246000000000e-004,-4.02010e-002
-7.245600000000e-004,-4.02010e-002
-7.245200000000e-004,-4.02010e-002
-7.244800000000e-004,-4.02010e-002
-7.244400000000e-004,-4.02010e-002
-7.244000000000e-004,-4.02010e-002
-7.243600000000e-004,-4.02010e-002
-7.243200000000e-004,-4.02010e-002
-7.242800000000e-004,-4.02010e-002
-7.242400000000e-004,-4.02010e-002
-7.242000000000e-004,-4.02010e-002
-7.241600000000e-004,-4.02010e-002
-7.241200000000e-004,-4.02010e-002
-7.240800000000e-004,-4.02010e-002
-7.240400000000e-004,-4.02010e-002
-7.240000000000e-004,-4.02010e-002
-7.239600000000e-004,-4.02010e-002
-7.239200000000e-004,-4.02010e-002
-7.238800000000e-004,-4.02010e-002
-7.238400000000e-004,-4.02010e-002
-7.238000000000e-004,-4.02010e-002
-7.237600000000e-004,-4.02010e-002
-7.237200000000e-004,-4.02010e-002
-7.236800000000e-004,-4.02010e-002
-7.236400000000e-004,-4.02010e-002
-7.236000000000e-004,-4.02010e-002
-7.235600000000e-004,-4.02010e-002
-7.235200000000e-004,-4.02010e-002
-7.234800000000e-004,-4.02010e-002
-7.234400000000e-004,-4.02010e-002
-7.234000000000e-004,-4.02010e-002
-7.233600000000e-004,-4.02010e-002
-7.233200000000e-004,-4.02010e-002
-7.232800000000e-004,-4.02010e-002
-7.232400000000e-004,-4.02010e-002
-7.232000000000e-004,-4.02010e-002
-7.231600000000e-004,-4.02010e-002
-7.231200000000e-004,-4.02010e-002
-7.230800000000e-004,-4.02010e-002
-7.230400000000e-004,-4.02010e-002
-7.230000000000e-004,-4.02010e-002
-7.229600000000e-004,-4.02010e-002
-7.229200000000e-004,-4.02010e-002
-7.228800000000e-004,-4.02010e-002
-7.228400000000e-004,-4.02010e-002
-7.228000000000e-004,-8.04020e-002
-7.227600000000e-004,-4.02010e-002
-7.227200000000e-004,-4.02010e-002
-7.226800000000e-004,-4.02010e-002
-7.226400000000e-004,-4.02010e-002
-7.226000000000e-004,-4.02010e-002
-7.225600000000e-004,-4.02010e-002
-7.225200000000e-004,-4.02010e-002
-7.224800000000e-004,-4.02010e-002
-7.224400000000e-004,-4.02010e-002
-7.224000000000e-004,-4.02010e-002
-7.223600000000e-004,-4.02010e-002
-7.223200000000e-004,-4.02010e-002
-7.222800000000e-004,-8.04020e-002
-7.222400000000e-004,-8.04020e-002
-7.222000000000e-004,-4.02010e-002
-7.221600000000e-004,-8.04020e-002
-7.221200000000e-004,-4.02010e-002
-7.220800000000e-004,-4.02010e-002
-7.220400000000e-004,-4.02010e-002
-7.220000000000e-004,-4.02010e-002
-7.219600000000e-004,-4.02010e-002
-7.219200000000e-004,-4.02010e-002
-7.218800000000e-004,-4.02010e-002
-7.218400000000e-004,-4.02010e-002
-7.218000000000e-004,-4.02010e-002
-7.217600000000e-004,-4.02010e-002
-7.217200000000e-004,-4.02010e-002
-7.216800000000e-004,-4.02010e-002
-7.216400000000e-004,-4.02010e-002
-7.216000000000e-004,-4.02010e-002
-7.215600000000e-004,-4.02010e-002
-7.215200000000e-004,-4.02010e-002
-7.214800000000e-004,-4.02010e-002
-7.214400000000e-004,-4.02010e-002
-7.214000000000e-004,-4.02010e-002
-7.213600000000e-004,-4.02010e-002
-7.213200000000e-004,-4.02010e-002
-7.212800000000e-004,-4.02010e-002
-7.212400000000e-004,-4.02010e-002
-7.212000000000e-004,-4.02010e-002
-7.211600000000e-004,-4.02010e-002
-7.211200000000e-004,-4.02010e-002
-7.210800000000e-004,-4.02010e-002
-7.210400000000e-004,-4.02010e-002
-7.210000000000e-004,-4.02010e-002
-7.209600000000e-004,-4.02010e-002
-7.209200000000e-004,-4.02010e-002
-7.208800000000e-004,-4.02010e-002
-7.208400000000e-004,-4.02010e-002
-7.208000000000e-004,-4.02010e-002
-7.207600000000e-004,-4.02010e-002
-7.207200000000e-004,-4.02010e-002
-7.206800000000e-004,-4.02010e-002
-7.206400000000e-004,-4.02010e-002
-7.206000000000e-004,-4.02010e-002
-7.205600000000e-004,-4.02010e-002
-7.205200000000e-004,-4.02010e-002
-7.204800000000e-004,-4.02010e-002
-7.204400000000e-004,-4.02010e-002
-7.204000000000e-004,-4.02010e-002
-7.203600000000e-004,-4.02010e-002
-7.203200000000e-004, 0.00000e+000
-7.202800000000e-004,-4.02010e-002
-7.202400000000e-004,-4.02010e-002
-7.202000000000e-004,-4.02010e-002
-7.201600000000e-004,-4.02010e-002
-7.201200000000e-004,-4.02010e-002
-7.200800000000e-004,-4.02010e-002
-7.200400000000e-004,-4.02010e-002
-7.200000000000e-004,-4.02010e-002
-7.199600000000e-004,-4.02010e-002
-7.199200000000e-004,-4.02010e-002
-7.198800000000e-004,-4.02010e-002
-7.198400000000e-004,-4.02010e-002
-7.198000000000e-004,-4.02010e-002
-7.197600000000e-004, 0.00000e+000
-7.197200000000e-004,-4.02010e-002
-7.196800000000e-004,-4.02010e-002
-7.196400000000e-004,-4.02010e-002
-7.196000000000e-004,-4.02010e-002
-7.195600000000e-004,-4.02010e-002
-7.195200000000e-004,-4.02010e-002
-7.194800000000e-004,-4.02010e-002
-7.194400000000e-004,-4.02010e-002
-7.194000000000e-004,-4.02010e-002
-7.193600000000e-004,-4.02010e-002
-7.193200000000e-004,-4.02010e-002
-7.192800000000e-004,-4.02010e-002
-7.192400000000e-004,-4.02010e-002
-7.192000000000e-004,-4.02010e-002
-7.191600000000e-004,-4.02010e-002
-7.191200000000e-004,-4.02010e-002
-7.190800000000e-004,-4.02010e-002
-7.190400000000e-004,-4.02010e-002
-7.190000000000e-004,-8.04020e-002
-7.189600000000e-004,-4.02010e-002
-7.189200000000e-004,-4.02010e-002
-7.188800000000e-004,-4.02010e-002
-7.188400000000e-004,-4.02010e-002
-7.188000000000e-004,-4.02010e-002
-7.187600000000e-004,-4.02010e-002
-7.187200000000e-004,-4.02010e-002
-7.186800000000e-004,-4.02010e-002
-7.186400000000e-004,-4.02010e-002
-7.186000000000e-004,-4.02010e-002
-7.185600000000e-004,-4.02010e-002
-7.185200000000e-004,-4.02010e-002
-7.184800000000e-004,-4.02010e-002
-7.184400000000e-004,-4.02010e-002
-7.184000000000e-004,-4.02010e-002
-7.183600000000e-004,-4.02010e-002
-7.183200000000e-004,-4.02010e-002
-7.182800000000e-004,-4.02010e-002
-7.182400000000e-004,-4.02010e-002
-7.182000000000e-004,-4.02010e-002
-7.181600000000e-004,-4.02010e-002
-7.181200000000e-004,-4.02010e-002
-7.180800000000e-004,-4.02010e-002
-7.180400000000e-004,-4.02010e-002
-7.180000000000e-004,-4.02010e-002
-7.179600000000e-004,-4.02010e-002
-7.179200000000e-004,-4.02010e-002
-7.178800000000e-004,-4.02010e-002
-7.178400000000e-004,-4.02010e-002
-7.178000000000e-004,-4.02010e-002
-7.177600000000e-004,-4.02010e-002
-7.177200000000e-004,-4.02010e-002
-7.176800000000e-004,-4.02010e-002
-7.176400000000e-004,-4.02010e-002
-7.176000000000e-004,-4.02010e-002
-7.175600000000e-004,-4.02010e-002
-7.175200000000e-004,-4.02010e-002
-7.174800000000e-004,-4.02010e-002
-7.174400000000e-004,-4.02010e-002
-7.174000000000e-004,-4.02010e-002
-7.173600000000e-004,-4.02010e-002
-7.173200000000e-004,-4.02010e-002
-7.172800000000e-004,-4.02010e-002
-7.172400000000e-004,-8.04020e-002
-7.172000000000e-004,-4.02010e-002
-7.171600000000e-004,-4.02010e-002
-7.171200000000e-004,-4.02010e-002
-7.170800000000e-004,-4.02010e-002
-7.170400000000e-004,-4.02010e-002
-7.170000000000e-004,-4.02010e-002
-7.169600000000e-004,-4.02010e-002
-7.169200000000e-004,-4.02010e-002
-7.168800000000e-004,-4.02010e-002
-7.168400000000e-004,-4.02010e-002
-7.168000000000e-004,-8.04020e-002
-7.167600000000e-004,-4.02010e-002
-7.167200000000e-004,-4.02010e-002
-7.166800000000e-004,-4.02010e-002
-7.166400000000e-004,-4.02010e-002
-7.166000000000e-004,-4.02010e-002
-7.165600000000e-004,-4.02010e-002
-7.165200000000e-004,-4.02010e-002
-7.164800000000e-004,-4.02010e-002
-7.164400000000e-004,-4.02010e-002
-7.164000000000e-004,-4.02010e-002
-7.163600000000e-004,-4.02010e-002
-7.163200000000e-004,-4.02010e-002
-7.162800000000e-004,-4.02010e-002
-7.162400000000e-004,-4.02010e-002
-7.162000000000e-004,-4.02010e-002
-7.161600000000e-004,-4.02010e-002
-7.161200000000e-004,-4.02010e-002
-7.160800000000e-004, 0.00000e+000
-7.160400000000e-004,-4.02010e-002
-7.160000000000e-004,-4.02010e-002
-7.159600000000e-004,-4.02010e-002
-7.159200000000e-004,-4.02010e-002
-7.158800000000e-004,-4.02010e-002
-7.158400000000e-004,-4.02010e-002
-7.158000000000e-004,-4.02010e-002
-7.157600000000e-004,-4.02010e-002
-7.157200000000e-004,-4.02010e-002
-7.156800000000e-004,-4.02010e-002
-7.156400000000e-004,-4.02010e-002
-7.156000000000e-004,-4.02010e-002
-7.155600000000e-004,-4.02010e-002
-7.155200000000e-004,-4.02010e-002
-7.154800000000e-004,-4.02010e-002
-7.154400000000e-004,-4.02010e-002
-7.154000000000e-004,-4.02010e-002
-7.153600000000e-004,-4.02010e-002
-7.153200000000e-004,-4.02010e-002
-7.152800000000e-004,-4.02010e-002
-7.152400000000e-004,-4.02010e-002
-7.152000000000e-004,-4.02010e-002
-7.151600000000e-004,-4.02010e-002
-7.151200000000e-004,-4.02010e-002
-7.150800000000e-004,-4.02010e-002
-7.150400000000e-004,-4.02010e-002
-7.150000000000e-004, 0.00000e+000
-7.149600000000e-004,-4.02010e-002
-7.149200000000e-004,-4.02010e-002
-7.148800000000e-004, 0.00000e+000
-7.148400000000e-004,-4.02010e-002
-7.148000000000e-004,-4.02010e-002
-7.147600000000e-004,-4.02010e-002
-7.147200000000e-004,-4.02010e-002
-7.146800000000e-004,-4.02010e-002
-7.146400000000e-004,-4.02010e-002
-7.146000000000e-004,-4.02010e-002
-7.145600000000e-004,-4.02010e-002
-7.145200000000e-004,-4.02010e-002
-7.144800000000e-004,-4.02010e-002
-7.144400000000e-004,-4.02010e-002
-7.144000000000e-004,-4.02010e-002
-7.143600000000e-004,-4.02010e-002
-7.143200000000e-004,-4.02010e-002
-7.142800000000e-004,-4.02010e-002
-7.142400000000e-004,-4.02010e-002
-7.142000000000e-004,-4.02010e-002
-7.141600000000e-004,-4.02010e-002
-7.141200000000e-004,-4.02010e-002
-7.140800000000e-004,-4.02010e-002
-7.140400000000e-004,-4.02010e-002
-7.140000000000e-004,-4.02010e-002
-7.139600000000e-004,-4.02010e-002
-7.139200000000e-004,-4.02010e-002
-7.138800000000e-004,-4.02010e-002
-7.138400000000e-004,-4.02010e-002
-7.138000000000e-004,-4.02010e-002
-7.137600000000e-004,-4.02010e-002
-7.137200000000e-004,-4.02010e-002
-7.136800000000e-004, 0.00000e+000
-7.136400000000e-004,-4.02010e-002
-7.136000000000e-004,-4.02010e-002
-7.135600000000e-004,-4.02010e-002
-7.135200000000e-004,-4.02010e-002
-7.134800000000e-004,-4.02010e-002
-7.134400000000e-004,-4.02010e-002
-7.134000000000e-004,-4.02010e-002
-7.133600000000e-004, 0.00000e+000
-7.133200000000e-004,-4.02010e-002
-7.132800000000e-004,-4.02010e-002
-7.132400000000e-004, 0.00000e+000
-7.132000000000e-004,-4.02010e-002
-7.131600000000e-004,-4.02010e-002
-7.131200000000e-004,-4.02010e-002
-7.130800000000e-004,-4.02010e-002
-7.130400000000e-004,-4.02010e-002
-7.130000000000e-004,-4.02010e-002
-7.129600000000e-004,-4.02010e-002
-7.129200000000e-004,-4.02010e-002
-7.128800000000e-004,-4.02010e-002
-7.128400000000e-004,-8.04020e-002
-7.128000000000e-004,-4.02010e-002
-7.127600000000e-004,-4.02010e-002
-7.127200000000e-004,-4.02010e-002
-7.126800000000e-004,-4.02010e-002
-7.126400000000e-004,-4.02010e-002
-7.126000000000e-004,-4.02010e-002
-7.125600000000e-004,-4.02010e-002
-7.125200000000e-004,-4.02010e-002
-7.124800000000e-004,-4.02010e-002
-7.124400000000e-004,-8.04020e-002
-7.124000000000e-004,-4.02010e-002
-7.123600000000e-004,-4.02010e-002
-7.123200000000e-004,-4.02010e-002
-7.122800000000e-004,-4.02010e-002
-7.122400000000e-004,-4.02010e-002
-7.122000000000e-004,-4.02010e-002
-7.121600000000e-004,-4.02010e-002
-7.121200000000e-004,-4.02010e-002
-7.120800000000e-004, 0.00000e+000
-7.120400000000e-004,-4.02010e-002
-7.120000000000e-004,-4.02010e-002
-7.119600000000e-004,-4.02010e-002
-7.119200000000e-004,-4.02010e-002
-7.118800000000e-004,-4.02010e-002
-7.118400000000e-004,-4.02010e-002
-7.118000000000e-004,-4.02010e-002
-7.117600000000e-004,-4.02010e-002
-7.117200000000e-004,-4.02010e-002
-7.116800000000e-004,-4.02010e-002
-7.116400000000e-004,-4.02010e-002
-7.116000000000e-004,-4.02010e-002
-7.115600000000e-004,-4.02010e-002
-7.115200000000e-004,-4.02010e-002
-7.114800000000e-004,-4.02010e-002
-7.114400000000e-004,-4.02010e-002
-7.114000000000e-004,-4.02010e-002
-7.113600000000e-004,-4.02010e-002
-7.113200000000e-004,-4.02010e-002
-7.112800000000e-004,-4.02010e-002
-7.112400000000e-004,-4.02010e-002
-7.112000000000e-004,-4.02010e-002
-7.111600000000e-004,-4.02010e-002
-7.111200000000e-004,-4.02010e-002
-7.110800000000e-004,-4.02010e-002
-7.110400000000e-004,-4.02010e-002
-7.110000000000e-004,-4.02010e-002
-7.109600000000e-004,-4.02010e-002
-7.109200000000e-004,-4.02010e-002
-7.108800000000e-004,-4.02010e-002
-7.108400000000e-004,-4.02010e-002
-7.108000000000e-004,-4.02010e-002
-7.107600000000e-004,-4.02010e-002
-7.107200000000e-004,-4.02010e-002
-7.106800000000e-004,-4.02010e-002
-7.106400000000e-004,-4.02010e-002
-7.106000000000e-004, 0.00000e+000
-7.105600000000e-004,-4.02010e-002
-7.105200000000e-004,-4.02010e-002
-7.104800000000e-004,-4.02010e-002
-7.104400000000e-004,-4.02010e-002
-7.104000000000e-004, 0.00000e+000
-7.103600000000e-004,-4.02010e-002
-7.103200000000e-004,-4.02010e-002
-7.102800000000e-004,-4.02010e-002
-7.102400000000e-004,-4.02010e-002
-7.102000000000e-004, 0.00000e+000
-7.101600000000e-004,-4.02010e-002
-7.101200000000e-004,-4.02010e-002
-7.100800000000e-004,-4.02010e-002
-7.100400000000e-004,-4.02010e-002
-7.100000000000e-004,-4.02010e-002
-7.099600000000e-004,-4.02010e-002
-7.099200000000e-004,-4.02010e-002
-7.098800000000e-004,-4.02010e-002
-7.098400000000e-004,-4.02010e-002
-7.098000000000e-004,-4.02010e-002
-7.097600000000e-004,-4.02010e-002
-7.097200000000e-004,-4.02010e-002
-7.096800000000e-004,-4.02010e-002
-7.096400000000e-004,-8.04020e-002
-7.096000000000e-004,-4.02010e-002
-7.095600000000e-004,-4.02010e-002
-7.095200000000e-004,-4.02010e-002
-7.094800000000e-004,-4.02010e-002
-7.094400000000e-004,-4.02010e-002
-7.094000000000e-004,-4.02010e-002
-7.093600000000e-004,-4.02010e-002
-7.093200000000e-004,-4.02010e-002
-7.092800000000e-004,-4.02010e-002
-7.092400000000e-004,-4.02010e-002
-7.092000000000e-004,-4.02010e-002
-7.091600000000e-004,-4.02010e-002
-7.091200000000e-004,-8.04020e-002
-7.090800000000e-004,-4.02010e-002
-7.090400000000e-004,-4.02010e-002
-7.090000000000e-004,-4.02010e-002
-7.089600000000e-004,-4.02010e-002
-7.089200000000e-004,-4.02010e-002
-7.088800000000e-004,-4.02010e-002
-7.088400000000e-004,-4.02010e-002
-7.088000000000e-004,-4.02010e-002
-7.087600000000e-004,-4.02010e-002
-7.087200000000e-004,-4.02010e-002
-7.086800000000e-004,-4.02010e-002
-7.086400000000e-004,-4.02010e-002
-7.086000000000e-004,-4.02010e-002
-7.085600000000e-004,-4.02010e-002
-7.085200000000e-004,-4.02010e-002
-7.084800000000e-004,-4.02010e-002
-7.084400000000e-004,-4.02010e-002
-7.084000000000e-004,-4.02010e-002
-7.083600000000e-004,-4.02010e-002
-7.083200000000e-004,-4.02010e-002
-7.082800000000e-004,-4.02010e-002
-7.082400000000e-004,-4.02010e-002
-7.082000000000e-004,-4.02010e-002
-7.081600000000e-004,-4.02010e-002
-7.081200000000e-004,-4.02010e-002
-7.080800000000e-004,-4.02010e-002
-7.080400000000e-004,-4.02010e-002
-7.080000000000e-004,-4.02010e-002
-7.079600000000e-004,-4.02010e-002
-7.079200000000e-004,-4.02010e-002
-7.078800000000e-004, 0.00000e+000
-7.078400000000e-004,-8.04020e-002
-7.078000000000e-004,-4.02010e-002
-7.077600000000e-004,-4.02010e-002
-7.077200000000e-004,-8.04020e-002
-7.076800000000e-004,-4.02010e-002
-7.076400000000e-004,-4.02010e-002
-7.076000000000e-004,-4.02010e-002
-7.075600000000e-004,-4.02010e-002
-7.075200000000e-004,-4.02010e-002
-7.074800000000e-004,-4.02010e-002
-7.074400000000e-004,-4.02010e-002
-7.074000000000e-004,-4.02010e-002
-7.073600000000e-004,-4.02010e-002
-7.073200000000e-004, 0.00000e+000
-7.072800000000e-004,-4.02010e-002
-7.072400000000e-004,-4.02010e-002
-7.072000000000e-004, 0.00000e+000
-7.071600000000e-004,-4.02010e-002
-7.071200000000e-004,-4.02010e-002
-7.070800000000e-004,-4.02010e-002
-7.070400000000e-004,-4.02010e-002
-7.070000000000e-004,-4.02010e-002
-7.069600000000e-004,-4.02010e-002
-7.069200000000e-004,-4.02010e-002
-7.068800000000e-004,-4.02010e-002
-7.068400000000e-004,-8.04020e-002
-7.068000000000e-004,-4.02010e-002
-7.067600000000e-004, 0.00000e+000
-7.067200000000e-004,-4.02010e-002
-7.066800000000e-004,-4.02010e-002
-7.066400000000e-004,-4.02010e-002
-7.066000000000e-004,-4.02010e-002
-7.065600000000e-004,-4.02010e-002
-7.065200000000e-004,-4.02010e-002
-7.064800000000e-004,-4.02010e-002
-7.064400000000e-004,-8.04020e-002
-7.064000000000e-004,-4.02010e-002
-7.063600000000e-004,-4.02010e-002
-7.063200000000e-004,-4.02010e-002
-7.062800000000e-004,-4.02010e-002
-7.062400000000e-004,-4.02010e-002
-7.062000000000e-004,-4.02010e-002
-7.061600000000e-004,-4.02010e-002
-7.061200000000e-004,-4.02010e-002
-7.060800000000e-004,-4.02010e-002
-7.060400000000e-004,-4.02010e-002
-7.060000000000e-004,-4.02010e-002
-7.059600000000e-004,-4.02010e-002
-7.059200000000e-004,-4.02010e-002
-7.058800000000e-004,-4.02010e-002
-7.058400000000e-004,-4.02010e-002
-7.058000000000e-004,-4.02010e-002
-7.057600000000e-004,-4.02010e-002
-7.057200000000e-004,-4.02010e-002
-7.056800000000e-004,-4.02010e-002
-7.056400000000e-004,-4.02010e-002
-7.056000000000e-004,-4.02010e-002
-7.055600000000e-004,-4.02010e-002
-7.055200000000e-004,-4.02010e-002
-7.054800000000e-004,-4.02010e-002
-7.054400000000e-004,-4.02010e-002
-7.054000000000e-004,-4.02010e-002
-7.053600000000e-004,-4.02010e-002
-7.053200000000e-004,-4.02010e-002
-7.052800000000e-004,-4.02010e-002
-7.052400000000e-004,-4.02010e-002
-7.052000000000e-004,-4.02010e-002
-7.051600000000e-004,-4.02010e-002
-7.051200000000e-004,-4.02010e-002
-7.050800000000e-004,-4.02010e-002
-7.050400000000e-004,-4.02010e-002
-7.050000000000e-004,-4.02010e-002
-7.049600000000e-004,-4.02010e-002
-7.049200000000e-004,-4.02010e-002
-7.048800000000e-004,-4.02010e-002
-7.048400000000e-004,-4.02010e-002
-7.048000000000e-004,-8.04020e-002
-7.047600000000e-004,-4.02010e-002
-7.047200000000e-004, 0.00000e+000
-7.046800000000e-004,-4.02010e-002
-7.046400000000e-004,-4.02010e-002
-7.046000000000e-004,-4.02010e-002
-7.045600000000e-004,-4.02010e-002
-7.045200000000e-004,-4.02010e-002
-7.044800000000e-004,-4.02010e-002
-7.044400000000e-004,-4.02010e-002
-7.044000000000e-004,-4.02010e-002
-7.043600000000e-004,-4.02010e-002
-7.043200000000e-004,-4.02010e-002
-7.042800000000e-004, 0.00000e+000
-7.042400000000e-004,-4.02010e-002
-7.042000000000e-004,-4.02010e-002
-7.041600000000e-004,-4.02010e-002
-7.041200000000e-004,-4.02010e-002
-7.040800000000e-004,-4.02010e-002
-7.040400000000e-004,-4.02010e-002
-7.040000000000e-004,-4.02010e-002
-7.039600000000e-004,-4.02010e-002
-7.039200000000e-004,-4.02010e-002
-7.038800000000e-004,-4.02010e-002
-7.038400000000e-004,-4.02010e-002
-7.038000000000e-004,-4.02010e-002
-7.037600000000e-004,-4.02010e-002
-7.037200000000e-004,-4.02010e-002
-7.036800000000e-004,-4.02010e-002
-7.036400000000e-004,-4.02010e-002
-7.036000000000e-004,-4.02010e-002
-7.035600000000e-004,-4.02010e-002
-7.035200000000e-004,-4.02010e-002
-7.034800000000e-004,-4.02010e-002
-7.034400000000e-004,-4.02010e-002
-7.034000000000e-004,-4.02010e-002
-7.033600000000e-004,-4.02010e-002
-7.033200000000e-004,-4.02010e-002
-7.032800000000e-004,-4.02010e-002
-7.032400000000e-004,-4.02010e-002
-7.032000000000e-004,-4.02010e-002
-7.031600000000e-004,-4.02010e-002
-7.031200000000e-004,-4.02010e-002
-7.030800000000e-004,-8.04020e-002
-7.030400000000e-004,-4.02010e-002
-7.030000000000e-004,-8.04020e-002
-7.029600000000e-004,-4.02010e-002
-7.029200000000e-004,-8.04020e-002
-7.028800000000e-004,-4.02010e-002
-7.028400000000e-004,-4.02010e-002
-7.028000000000e-004,-4.02010e-002
-7.027600000000e-004,-4.02010e-002
-7.027200000000e-004,-4.02010e-002
-7.026800000000e-004,-4.02010e-002
-7.026400000000e-004,-4.02010e-002
-7.026000000000e-004,-4.02010e-002
-7.025600000000e-004,-4.02010e-002
-7.025200000000e-004,-4.02010e-002
-7.024800000000e-004,-4.02010e-002
-7.024400000000e-004,-4.02010e-002
-7.024000000000e-004,-4.02010e-002
-7.023600000000e-004,-4.02010e-002
-7.023200000000e-004,-4.02010e-002
-7.022800000000e-004,-4.02010e-002
-7.022400000000e-004, 0.00000e+000
-7.022000000000e-004,-4.02010e-002
-7.021600000000e-004,-4.02010e-002
-7.021200000000e-004,-4.02010e-002
-7.020800000000e-004,-4.02010e-002
-7.020400000000e-004,-4.02010e-002
-7.020000000000e-004,-4.02010e-002
-7.019600000000e-004,-4.02010e-002
-7.019200000000e-004,-4.02010e-002
-7.018800000000e-004,-4.02010e-002
-7.018400000000e-004,-4.02010e-002
-7.018000000000e-004,-4.02010e-002
-7.017600000000e-004,-4.02010e-002
-7.017200000000e-004,-4.02010e-002
-7.016800000000e-004,-4.02010e-002
-7.016400000000e-004,-4.02010e-002
-7.016000000000e-004,-4.02010e-002
-7.015600000000e-004,-4.02010e-002
-7.015200000000e-004, 0.00000e+000
-7.014800000000e-004,-4.02010e-002
-7.014400000000e-004,-4.02010e-002
-7.014000000000e-004,-4.02010e-002
-7.013600000000e-004,-4.02010e-002
-7.013200000000e-004,-4.02010e-002
-7.012800000000e-004,-4.02010e-002
-7.012400000000e-004,-4.02010e-002
-7.012000000000e-004,-4.02010e-002
-7.011600000000e-004,-4.02010e-002
-7.011200000000e-004,-4.02010e-002
-7.010800000000e-004,-4.02010e-002
-7.010400000000e-004,-4.02010e-002
-7.010000000000e-004,-4.02010e-002
-7.009600000000e-004,-4.02010e-002
-7.009200000000e-004,-4.02010e-002
-7.008800000000e-004,-4.02010e-002
-7.008400000000e-004,-4.02010e-002
-7.008000000000e-004,-4.02010e-002
-7.007600000000e-004,-4.02010e-002
-7.007200000000e-004,-4.02010e-002
-7.006800000000e-004,-4.02010e-002
-7.006400000000e-004,-8.04020e-002
-7.006000000000e-004,-4.02010e-002
-7.005600000000e-004,-4.02010e-002
-7.005200000000e-004,-4.02010e-002
-7.004800000000e-004,-4.02010e-002
-7.004400000000e-004,-4.02010e-002
-7.004000000000e-004,-4.02010e-002
-7.003600000000e-004,-4.02010e-002
-7.003200000000e-004,-4.02010e-002
-7.002800000000e-004,-4.02010e-002
-7.002400000000e-004,-4.02010e-002
-7.002000000000e-004,-4.02010e-002
-7.001600000000e-004,-4.02010e-002
-7.001200000000e-004,-4.02010e-002
-7.000800000000e-004,-4.02010e-002
-7.000400000000e-004,-4.02010e-002
-7.000000000000e-004,-4.02010e-002
-6.999600000000e-004,-4.02010e-002
-6.999200000000e-004,-4.02010e-002
-6.998800000000e-004,-4.02010e-002
-6.998400000000e-004,-4.02010e-002
-6.998000000000e-004,-4.02010e-002
-6.997600000000e-004,-4.02010e-002
-6.997200000000e-004,-4.02010e-002
-6.996800000000e-004,-4.02010e-002
-6.996400000000e-004,-4.02010e-002
-6.996000000000e-004,-4.02010e-002
-6.995600000000e-004,-4.02010e-002
-6.995200000000e-004,-4.02010e-002
-6.994800000000e-004,-4.02010e-002
-6.994400000000e-004,-4.02010e-002
-6.994000000000e-004,-4.02010e-002
-6.993600000000e-004,-4.02010e-002
-6.993200000000e-004,-4.02010e-002
-6.992800000000e-004,-4.02010e-002
-6.992400000000e-004,-4.02010e-002
-6.992000000000e-004,-4.02010e-002
-6.991600000000e-004, 0.00000e+000
-6.991200000000e-004,-4.02010e-002
-6.990800000000e-004,-4.02010e-002
-6.990400000000e-004,-4.02010e-002
-6.990000000000e-004,-4.02010e-002
-6.989600000000e-004,-4.02010e-002
-6.989200000000e-004,-4.02010e-002
-6.988800000000e-004,-4.02010e-002
-6.988400000000e-004,-4.02010e-002
-6.988000000000e-004,-4.02010e-002
-6.987600000000e-004,-4.02010e-002
-6.987200000000e-004,-4.02010e-002
-6.986800000000e-004,-4.02010e-002
-6.986400000000e-004,-4.02010e-002
-6.986000000000e-004, 0.00000e+000
-6.985600000000e-004,-4.02010e-002
-6.985200000000e-004,-4.02010e-002
-6.984800000000e-004,-4.02010e-002
-6.984400000000e-004,-4.02010e-002
-6.984000000000e-004,-4.02010e-002
-6.983600000000e-004,-4.02010e-002
-6.983200000000e-004,-4.02010e-002
-6.982800000000e-004,-4.02010e-002
-6.982400000000e-004,-4.02010e-002
-6.982000000000e-004,-4.02010e-002
-6.981600000000e-004,-4.02010e-002
-6.981200000000e-004,-4.02010e-002
-6.980800000000e-004,-4.02010e-002
-6.980400000000e-004,-4.02010e-002
-6.980000000000e-004,-4.02010e-002
-6.979600000000e-004,-4.02010e-002
-6.979200000000e-004,-4.02010e-002
-6.978800000000e-004,-4.02010e-002
-6.978400000000e-004,-4.02010e-002
-6.978000000000e-004,-4.02010e-002
-6.977600000000e-004,-4.02010e-002
-6.977200000000e-004,-4.02010e-002
-6.976800000000e-004,-4.02010e-002
-6.976400000000e-004,-4.02010e-002
-6.976000000000e-004,-4.02010e-002
-6.975600000000e-004,-4.02010e-002
-6.975200000000e-004,-4.02010e-002
-6.974800000000e-004,-4.02010e-002
-6.974400000000e-004,-8.04020e-002
-6.974000000000e-004,-4.02010e-002
-6.973600000000e-004,-4.02010e-002
-6.973200000000e-004,-4.02010e-002
-6.972800000000e-004,-4.02010e-002
-6.972400000000e-004,-4.02010e-002
-6.972000000000e-004,-4.02010e-002
-6.971600000000e-004,-4.02010e-002
-6.971200000000e-004,-4.02010e-002
-6.970800000000e-004,-4.02010e-002
-6.970400000000e-004,-4.02010e-002
-6.970000000000e-004,-4.02010e-002
-6.969600000000e-004,-4.02010e-002
-6.969200000000e-004,-4.02010e-002
-6.968800000000e-004,-4.02010e-002
-6.968400000000e-004,-4.02010e-002
-6.968000000000e-004,-4.02010e-002
-6.967600000000e-004,-4.02010e-002
-6.967200000000e-004,-4.02010e-002
-6.966800000000e-004,-4.02010e-002
-6.966400000000e-004, 0.00000e+000
-6.966000000000e-004,-4.02010e-002
-6.965600000000e-004,-4.02010e-002
-6.965200000000e-004,-4.02010e-002
-6.964800000000e-004,-4.02010e-002
-6.964400000000e-004,-4.02010e-002
-6.964000000000e-004,-4.02010e-002
-6.963600000000e-004,-4.02010e-002
-6.963200000000e-004,-4.02010e-002
-6.962800000000e-004,-8.04020e-002
-6.962400000000e-004,-4.02010e-002
-6.962000000000e-004,-4.02010e-002
-6.961600000000e-004,-4.02010e-002
-6.961200000000e-004,-4.02010e-002
-6.960800000000e-004,-4.02010e-002
-6.960400000000e-004,-4.02010e-002
-6.960000000000e-004,-4.02010e-002
-6.959600000000e-004,-4.02010e-002
-6.959200000000e-004,-4.02010e-002
-6.958800000000e-004,-4.02010e-002
-6.958400000000e-004,-4.02010e-002
-6.958000000000e-004, 0.00000e+000
-6.957600000000e-004,-4.02010e-002
-6.957200000000e-004,-4.02010e-002
-6.956800000000e-004,-4.02010e-002
-6.956400000000e-004,-4.02010e-002
-6.956000000000e-004,-4.02010e-002
-6.955600000000e-004,-4.02010e-002
-6.955200000000e-004,-4.02010e-002
-6.954800000000e-004,-4.02010e-002
-6.954400000000e-004,-4.02010e-002
-6.954000000000e-004,-4.02010e-002
-6.953600000000e-004,-4.02010e-002
-6.953200000000e-004,-4.02010e-002
-6.952800000000e-004,-4.02010e-002
-6.952400000000e-004, 0.00000e+000
-6.952000000000e-004,-4.02010e-002
-6.951600000000e-004,-4.02010e-002
-6.951200000000e-004,-4.02010e-002
-6.950800000000e-004,-4.02010e-002
-6.950400000000e-004,-4.02010e-002
-6.950000000000e-004,-4.02010e-002
-6.949600000000e-004,-4.02010e-002
-6.949200000000e-004,-4.02010e-002
-6.948800000000e-004,-4.02010e-002
-6.948400000000e-004,-4.02010e-002
-6.948000000000e-004,-4.02010e-002
-6.947600000000e-004,-4.02010e-002
-6.947200000000e-004,-4.02010e-002
-6.946800000000e-004,-4.02010e-002
-6.946400000000e-004,-4.02010e-002
-6.946000000000e-004,-4.02010e-002
-6.945600000000e-004,-4.02010e-002
-6.945200000000e-004,-4.02010e-002
-6.944800000000e-004,-4.02010e-002
-6.944400000000e-004,-4.02010e-002
-6.944000000000e-004,-4.02010e-002
-6.943600000000e-004,-4.02010e-002
-6.943200000000e-004,-4.02010e-002
-6.942800000000e-004,-4.02010e-002
-6.942400000000e-004,-4.02010e-002
-6.942000000000e-004,-4.02010e-002
-6.941600000000e-004,-4.02010e-002
-6.941200000000e-004,-4.02010e-002
-6.940800000000e-004,-4.02010e-002
-6.940400000000e-004,-4.02010e-002
-6.940000000000e-004,-4.02010e-002
-6.939600000000e-004,-4.02010e-002
-6.939200000000e-004,-4.02010e-002
-6.938800000000e-004,-4.02010e-002
-6.938400000000e-004,-4.02010e-002
-6.938000000000e-004,-4.02010e-002
-6.937600000000e-004,-4.02010e-002
-6.937200000000e-004,-4.02010e-002
-6.936800000000e-004,-4.02010e-002
-6.936400000000e-004,-4.02010e-002
-6.936000000000e-004,-4.02010e-002
-6.935600000000e-004,-4.02010e-002
-6.935200000000e-004,-4.02010e-002
-6.934800000000e-004,-4.02010e-002
-6.934400000000e-004,-4.02010e-002
-6.934000000000e-004,-4.02010e-002
-6.933600000000e-004,-4.02010e-002
-6.933200000000e-004,-4.02010e-002
-6.932800000000e-004,-4.02010e-002
-6.932400000000e-004,-4.02010e-002
-6.932000000000e-004,-4.02010e-002
-6.931600000000e-004,-4.02010e-002
-6.931200000000e-004,-4.02010e-002
-6.930800000000e-004,-4.02010e-002
-6.930400000000e-004,-4.02010e-002
-6.930000000000e-004,-4.02010e-002
-6.929600000000e-004,-8.04020e-002
-6.929200000000e-004,-4.02010e-002
-6.928800000000e-004,-4.02010e-002
-6.928400000000e-004, 0.00000e+000
-6.928000000000e-004,-4.02010e-002
-6.927600000000e-004,-4.02010e-002
-6.927200000000e-004,-4.02010e-002
-6.926800000000e-004,-4.02010e-002
-6.926400000000e-004,-4.02010e-002
-6.926000000000e-004,-8.04020e-002
-6.925600000000e-004,-4.02010e-002
-6.925200000000e-004,-4.02010e-002
-6.924800000000e-004,-4.02010e-002
-6.924400000000e-004,-4.02010e-002
-6.924000000000e-004,-4.02010e-002
-6.923600000000e-004,-4.02010e-002
-6.923200000000e-004,-4.02010e-002
-6.922800000000e-004,-4.02010e-002
-6.922400000000e-004,-4.02010e-002
-6.922000000000e-004,-4.02010e-002
-6.921600000000e-004,-4.02010e-002
-6.921200000000e-004,-4.02010e-002
-6.920800000000e-004,-4.02010e-002
-6.920400000000e-004,-4.02010e-002
-6.920000000000e-004,-4.02010e-002
-6.919600000000e-004,-4.02010e-002
-6.919200000000e-004,-4.02010e-002
-6.918800000000e-004,-4.02010e-002
-6.918400000000e-004,-4.02010e-002
-6.918000000000e-004,-4.02010e-002
-6.917600000000e-004,-4.02010e-002
-6.917200000000e-004,-4.02010e-002
-6.916800000000e-004,-4.02010e-002
-6.916400000000e-004,-4.02010e-002
-6.916000000000e-004,-4.02010e-002
-6.915600000000e-004,-4.02010e-002
-6.915200000000e-004,-4.02010e-002
-6.914800000000e-004,-4.02010e-002
-6.914400000000e-004,-4.02010e-002
-6.914000000000e-004,-4.02010e-002
-6.913600000000e-004,-4.02010e-002
-6.913200000000e-004,-4.02010e-002
-6.912800000000e-004,-4.02010e-002
-6.912400000000e-004,-4.02010e-002
-6.912000000000e-004,-4.02010e-002
-6.911600000000e-004,-4.02010e-002
-6.911200000000e-004,-4.02010e-002
-6.910800000000e-004,-4.02010e-002
-6.910400000000e-004,-4.02010e-002
-6.910000000000e-004,-4.02010e-002
-6.909600000000e-004,-4.02010e-002
-6.909200000000e-004,-4.02010e-002
-6.908800000000e-004,-4.02010e-002
-6.908400000000e-004,-4.02010e-002
-6.908000000000e-004,-4.02010e-002
-6.907600000000e-004,-4.02010e-002
-6.907200000000e-004,-4.02010e-002
-6.906800000000e-004,-4.02010e-002
-6.906400000000e-004,-8.04020e-002
-6.906000000000e-004,-4.02010e-002
-6.905600000000e-004,-4.02010e-002
-6.905200000000e-004,-4.02010e-002
-6.904800000000e-004,-4.02010e-002
-6.904400000000e-004,-4.02010e-002
-6.904000000000e-004,-4.02010e-002
-6.903600000000e-004,-4.02010e-002
-6.903200000000e-004,-4.02010e-002
-6.902800000000e-004,-4.02010e-002
-6.902400000000e-004,-4.02010e-002
-6.902000000000e-004,-4.02010e-002
-6.901600000000e-004,-4.02010e-002
-6.901200000000e-004,-4.02010e-002
-6.900800000000e-004,-4.02010e-002
-6.900400000000e-004,-4.02010e-002
-6.900000000000e-004,-4.02010e-002
-6.899600000000e-004,-4.02010e-002
-6.899200000000e-004,-4.02010e-002
-6.898800000000e-004,-4.02010e-002
-6.898400000000e-004,-4.02010e-002
-6.898000000000e-004,-4.02010e-002
-6.897600000000e-004,-4.02010e-002
-6.897200000000e-004,-4.02010e-002
-6.896800000000e-004,-4.02010e-002
-6.896400000000e-004,-4.02010e-002
-6.896000000000e-004,-4.02010e-002
-6.895600000000e-004,-4.02010e-002
-6.895200000000e-004,-4.02010e-002
-6.894800000000e-004,-4.02010e-002
-6.894400000000e-004,-4.02010e-002
-6.894000000000e-004,-4.02010e-002
-6.893600000000e-004,-4.02010e-002
-6.893200000000e-004,-4.02010e-002
-6.892800000000e-004,-8.04020e-002
-6.892400000000e-004,-4.02010e-002
-6.892000000000e-004,-4.02010e-002
-6.891600000000e-004,-4.02010e-002
-6.891200000000e-004,-4.02010e-002
-6.890800000000e-004,-4.02010e-002
-6.890400000000e-004,-4.02010e-002
-6.890000000000e-004,-4.02010e-002
-6.889600000000e-004,-4.02010e-002
-6.889200000000e-004,-4.02010e-002
-6.888800000000e-004,-4.02010e-002
-6.888400000000e-004,-4.02010e-002
-6.888000000000e-004,-4.02010e-002
-6.887600000000e-004,-4.02010e-002
-6.887200000000e-004,-4.02010e-002
-6.886800000000e-004,-4.02010e-002
-6.886400000000e-004,-4.02010e-002
-6.886000000000e-004,-4.02010e-002
-6.885600000000e-004,-4.02010e-002
-6.885200000000e-004,-4.02010e-002
-6.884800000000e-004,-4.02010e-002
-6.884400000000e-004,-4.02010e-002
-6.884000000000e-004,-4.02010e-002
-6.883600000000e-004,-4.02010e-002
-6.883200000000e-004,-4.02010e-002
-6.882800000000e-004,-4.02010e-002
-6.882400000000e-004,-4.02010e-002
-6.882000000000e-004,-4.02010e-002
-6.881600000000e-004,-4.02010e-002
-6.881200000000e-004,-4.02010e-002
-6.880800000000e-004,-4.02010e-002
-6.880400000000e-004,-4.02010e-002
-6.880000000000e-004,-4.02010e-002
-6.879600000000e-004,-4.02010e-002
-6.879200000000e-004,-4.02010e-002
-6.878800000000e-004,-4.02010e-002
-6.878400000000e-004,-4.02010e-002
-6.878000000000e-004,-4.02010e-002
-6.877600000000e-004,-4.02010e-002
-6.877200000000e-004,-4.02010e-002
-6.876800000000e-004,-4.02010e-002
-6.876400000000e-004,-4.02010e-002
-6.876000000000e-004,-4.02010e-002
-6.875600000000e-004,-4.02010e-002
-6.875200000000e-004,-4.02010e-002
-6.874800000000e-004,-4.02010e-002
-6.874400000000e-004,-4.02010e-002
-6.874000000000e-004,-4.02010e-002
-6.873600000000e-004,-4.02010e-002
-6.873200000000e-004,-4.02010e-002
-6.872800000000e-004,-4.02010e-002
-6.872400000000e-004,-4.02010e-002
-6.872000000000e-004,-4.02010e-002
-6.871600000000e-004,-4.02010e-002
-6.871200000000e-004,-4.02010e-002
-6.870800000000e-004,-4.02010e-002
-6.870400000000e-004,-4.02010e-002
-6.870000000000e-004,-4.02010e-002
-6.869600000000e-004,-8.04020e-002
-6.869200000000e-004,-8.04020e-002
-6.868800000000e-004,-4.02010e-002
-6.868400000000e-004,-4.02010e-002
-6.868000000000e-004,-4.02010e-002
-6.867600000000e-004,-4.02010e-002
-6.867200000000e-004,-4.02010e-002
-6.866800000000e-004,-4.02010e-002
-6.866400000000e-004,-4.02010e-002
-6.866000000000e-004,-4.02010e-002
-6.865600000000e-004,-4.02010e-002
-6.865200000000e-004,-4.02010e-002
-6.864800000000e-004,-4.02010e-002
-6.864400000000e-004,-4.02010e-002
-6.864000000000e-004,-4.02010e-002
-6.863600000000e-004,-4.02010e-002
-6.863200000000e-004,-4.02010e-002
-6.862800000000e-004,-4.02010e-002
-6.862400000000e-004,-4.02010e-002
-6.862000000000e-004,-4.02010e-002
-6.861600000000e-004,-4.02010e-002
-6.861200000000e-004,-4.02010e-002
-6.860800000000e-004,-4.02010e-002
-6.860400000000e-004,-4.02010e-002
-6.860000000000e-004,-4.02010e-002
-6.859600000000e-004,-4.02010e-002
-6.859200000000e-004,-4.02010e-002
-6.858800000000e-004,-4.02010e-002
-6.858400000000e-004,-4.02010e-002
-6.858000000000e-004,-4.02010e-002
-6.857600000000e-004,-4.02010e-002
-6.857200000000e-004,-4.02010e-002
-6.856800000000e-004,-4.02010e-002
-6.856400000000e-004,-4.02010e-002
-6.856000000000e-004,-4.02010e-002
-6.855600000000e-004,-4.02010e-002
-6.855200000000e-004,-4.02010e-002
-6.854800000000e-004,-4.02010e-002
-6.854400000000e-004,-4.02010e-002
-6.854000000000e-004,-4.02010e-002
-6.853600000000e-004,-4.02010e-002
-6.853200000000e-004,-4.02010e-002
-6.852800000000e-004,-4.02010e-002
-6.852400000000e-004,-4.02010e-002
-6.852000000000e-004,-4.02010e-002
-6.851600000000e-004,-4.02010e-002
-6.851200000000e-004,-4.02010e-002
-6.850800000000e-004,-4.02010e-002
-6.850400000000e-004,-4.02010e-002
-6.850000000000e-004,-4.02010e-002
-6.849600000000e-004,-4.02010e-002
-6.849200000000e-004,-4.02010e-002
-6.848800000000e-004,-4.02010e-002
-6.848400000000e-004,-4.02010e-002
-6.848000000000e-004,-4.02010e-002
-6.847600000000e-004,-4.02010e-002
-6.847200000000e-004,-4.02010e-002
-6.846800000000e-004,-4.02010e-002
-6.846400000000e-004,-4.02010e-002
-6.846000000000e-004,-4.02010e-002
-6.845600000000e-004,-4.02010e-002
-6.845200000000e-004,-4.02010e-002
-6.844800000000e-004,-4.02010e-002
-6.844400000000e-004,-4.02010e-002
-6.844000000000e-004,-4.02010e-002
-6.843600000000e-004,-8.04020e-002
-6.843200000000e-004,-4.02010e-002
-6.842800000000e-004,-4.02010e-002
-6.842400000000e-004,-4.02010e-002
-6.842000000000e-004,-4.02010e-002
-6.841600000000e-004,-4.02010e-002
-6.841200000000e-004,-4.02010e-002
-6.840800000000e-004,-4.02010e-002
-6.840400000000e-004,-4.02010e-002
-6.840000000000e-004,-4.02010e-002
-6.839600000000e-004,-4.02010e-002
-6.839200000000e-004,-4.02010e-002
-6.838800000000e-004,-4.02010e-002
-6.838400000000e-004,-4.02010e-002
-6.838000000000e-004,-4.02010e-002
-6.837600000000e-004,-8.04020e-002
-6.837200000000e-004,-4.02010e-002
-6.836800000000e-004,-4.02010e-002
-6.836400000000e-004,-4.02010e-002
-6.836000000000e-004,-4.02010e-002
-6.835600000000e-004,-4.02010e-002
-6.835200000000e-004,-4.02010e-002
-6.834800000000e-004,-4.02010e-002
-6.834400000000e-004,-4.02010e-002
-6.834000000000e-004,-4.02010e-002
-6.833600000000e-004,-4.02010e-002
-6.833200000000e-004,-4.02010e-002
-6.832800000000e-004,-4.02010e-002
-6.832400000000e-004,-4.02010e-002
-6.832000000000e-004,-4.02010e-002
-6.831600000000e-004,-4.02010e-002
-6.831200000000e-004,-4.02010e-002
-6.830800000000e-004,-4.02010e-002
-6.830400000000e-004,-4.02010e-002
-6.830000000000e-004,-4.02010e-002
-6.829600000000e-004,-4.02010e-002
-6.829200000000e-004,-4.02010e-002
-6.828800000000e-004,-4.02010e-002
-6.828400000000e-004,-4.02010e-002
-6.828000000000e-004,-4.02010e-002
-6.827600000000e-004,-4.02010e-002
-6.827200000000e-004,-8.04020e-002
-6.826800000000e-004,-4.02010e-002
-6.826400000000e-004, 0.00000e+000
-6.826000000000e-004,-4.02010e-002
-6.825600000000e-004,-4.02010e-002
-6.825200000000e-004,-4.02010e-002
-6.824800000000e-004,-4.02010e-002
-6.824400000000e-004,-8.04020e-002
-6.824000000000e-004,-4.02010e-002
-6.823600000000e-004,-4.02010e-002
-6.823200000000e-004,-4.02010e-002
-6.822800000000e-004,-4.02010e-002
-6.822400000000e-004,-4.02010e-002
-6.822000000000e-004,-4.02010e-002
-6.821600000000e-004,-4.02010e-002
-6.821200000000e-004,-4.02010e-002
-6.820800000000e-004,-4.02010e-002
-6.820400000000e-004,-4.02010e-002
-6.820000000000e-004,-4.02010e-002
-6.819600000000e-004,-4.02010e-002
-6.819200000000e-004,-4.02010e-002
-6.818800000000e-004,-4.02010e-002
-6.818400000000e-004,-4.02010e-002
-6.818000000000e-004,-4.02010e-002
-6.817600000000e-004,-4.02010e-002
-6.817200000000e-004, 0.00000e+000
-6.816800000000e-004,-4.02010e-002
-6.816400000000e-004,-4.02010e-002
-6.816000000000e-004,-4.02010e-002
-6.815600000000e-004,-4.02010e-002
-6.815200000000e-004,-4.02010e-002
-6.814800000000e-004,-4.02010e-002
-6.814400000000e-004,-4.02010e-002
-6.814000000000e-004,-4.02010e-002
-6.813600000000e-004,-8.04020e-002
-6.813200000000e-004,-4.02010e-002
-6.812800000000e-004,-4.02010e-002
-6.812400000000e-004,-4.02010e-002
-6.812000000000e-004,-4.02010e-002
-6.811600000000e-004,-4.02010e-002
-6.811200000000e-004,-4.02010e-002
-6.810800000000e-004,-4.02010e-002
-6.810400000000e-004,-4.02010e-002
-6.810000000000e-004,-4.02010e-002
-6.809600000000e-004,-4.02010e-002
-6.809200000000e-004,-8.04020e-002
-6.808800000000e-004,-4.02010e-002
-6.808400000000e-004,-4.02010e-002
-6.808000000000e-004,-4.02010e-002
-6.807600000000e-004,-4.02010e-002
-6.807200000000e-004,-4.02010e-002
-6.806800000000e-004,-4.02010e-002
-6.806400000000e-004,-4.02010e-002
-6.806000000000e-004,-4.02010e-002
-6.805600000000e-004,-4.02010e-002
-6.805200000000e-004,-4.02010e-002
-6.804800000000e-004,-4.02010e-002
-6.804400000000e-004,-4.02010e-002
-6.804000000000e-004,-4.02010e-002
-6.803600000000e-004,-4.02010e-002
-6.803200000000e-004,-4.02010e-002
-6.802800000000e-004,-4.02010e-002
-6.802400000000e-004,-4.02010e-002
-6.802000000000e-004,-4.02010e-002
-6.801600000000e-004,-8.04020e-002
-6.801200000000e-004,-4.02010e-002
-6.800800000000e-004,-4.02010e-002
-6.800400000000e-004,-4.02010e-002
-6.800000000000e-004,-4.02010e-002
-6.799600000000e-004,-4.02010e-002
-6.799200000000e-004,-4.02010e-002
-6.798800000000e-004,-4.02010e-002
-6.798400000000e-004,-4.02010e-002
-6.798000000000e-004,-4.02010e-002
-6.797600000000e-004,-4.02010e-002
-6.797200000000e-004,-4.02010e-002
-6.796800000000e-004,-4.02010e-002
-6.796400000000e-004,-4.02010e-002
-6.796000000000e-004,-4.02010e-002
-6.795600000000e-004,-8.04020e-002
-6.795200000000e-004,-4.02010e-002
-6.794800000000e-004,-4.02010e-002
-6.794400000000e-004,-4.02010e-002
-6.794000000000e-004,-4.02010e-002
-6.793600000000e-004,-4.02010e-002
-6.793200000000e-004,-4.02010e-002
-6.792800000000e-004,-4.02010e-002
-6.792400000000e-004,-4.02010e-002
-6.792000000000e-004,-4.02010e-002
-6.791600000000e-004,-4.02010e-002
-6.791200000000e-004,-4.02010e-002
-6.790800000000e-004,-4.02010e-002
-6.790400000000e-004,-4.02010e-002
-6.790000000000e-004,-4.02010e-002
-6.789600000000e-004,-4.02010e-002
-6.789200000000e-004,-4.02010e-002
-6.788800000000e-004,-4.02010e-002
-6.788400000000e-004,-4.02010e-002
-6.788000000000e-004,-4.02010e-002
-6.787600000000e-004,-4.02010e-002
-6.787200000000e-004,-4.02010e-002
-6.786800000000e-004,-4.02010e-002
-6.786400000000e-004,-8.04020e-002
-6.786000000000e-004,-4.02010e-002
-6.785600000000e-004,-4.02010e-002
-6.785200000000e-004,-4.02010e-002
-6.784800000000e-004,-4.02010e-002
-6.784400000000e-004,-4.02010e-002
-6.784000000000e-004,-4.02010e-002
-6.783600000000e-004,-4.02010e-002
-6.783200000000e-004,-4.02010e-002
-6.782800000000e-004,-4.02010e-002
-6.782400000000e-004,-4.02010e-002
-6.782000000000e-004,-4.02010e-002
-6.781600000000e-004,-4.02010e-002
-6.781200000000e-004,-4.02010e-002
-6.780800000000e-004, 0.00000e+000
-6.780400000000e-004,-4.02010e-002
-6.780000000000e-004,-4.02010e-002
-6.779600000000e-004,-4.02010e-002
-6.779200000000e-004,-4.02010e-002
-6.778800000000e-004,-4.02010e-002
-6.778400000000e-004,-4.02010e-002
-6.778000000000e-004,-4.02010e-002
-6.777600000000e-004,-4.02010e-002
-6.777200000000e-004,-4.02010e-002
-6.776800000000e-004,-4.02010e-002
-6.776400000000e-004,-4.02010e-002
-6.776000000000e-004,-8.04020e-002
-6.775600000000e-004,-4.02010e-002
-6.775200000000e-004,-4.02010e-002
-6.774800000000e-004,-4.02010e-002
-6.774400000000e-004,-4.02010e-002
-6.774000000000e-004,-4.02010e-002
-6.773600000000e-004,-4.02010e-002
-6.773200000000e-004,-4.02010e-002
-6.772800000000e-004,-4.02010e-002
-6.772400000000e-004,-4.02010e-002
-6.772000000000e-004,-4.02010e-002
-6.771600000000e-004,-4.02010e-002
-6.771200000000e-004,-4.02010e-002
-6.770800000000e-004,-4.02010e-002
-6.770400000000e-004,-4.02010e-002
-6.770000000000e-004,-4.02010e-002
-6.769600000000e-004,-4.02010e-002
-6.769200000000e-004,-4.02010e-002
-6.768800000000e-004,-4.02010e-002
-6.768400000000e-004,-4.02010e-002
-6.768000000000e-004,-4.02010e-002
-6.767600000000e-004,-4.02010e-002
-6.767200000000e-004,-4.02010e-002
-6.766800000000e-004,-4.02010e-002
-6.766400000000e-004,-4.02010e-002
-6.766000000000e-004,-4.02010e-002
-6.765600000000e-004,-4.02010e-002
-6.765200000000e-004,-4.02010e-002
-6.764800000000e-004,-4.02010e-002
-6.764400000000e-004,-4.02010e-002
-6.764000000000e-004,-4.02010e-002
-6.763600000000e-004,-4.02010e-002
-6.763200000000e-004,-4.02010e-002
-6.762800000000e-004,-4.02010e-002
-6.762400000000e-004,-4.02010e-002
-6.762000000000e-004,-4.02010e-002
-6.761600000000e-004,-4.02010e-002
-6.761200000000e-004,-4.02010e-002
-6.760800000000e-004,-4.02010e-002
-6.760400000000e-004,-4.02010e-002
-6.760000000000e-004,-4.02010e-002
-6.759600000000e-004,-4.02010e-002
-6.759200000000e-004,-4.02010e-002
-6.758800000000e-004,-4.02010e-002
-6.758400000000e-004,-4.02010e-002
-6.758000000000e-004,-4.02010e-002
-6.757600000000e-004,-4.02010e-002
-6.757200000000e-004,-8.04020e-002
-6.756800000000e-004,-4.02010e-002
-6.756400000000e-004,-4.02010e-002
-6.756000000000e-004,-4.02010e-002
-6.755600000000e-004,-4.02010e-002
-6.755200000000e-004,-4.02010e-002
-6.754800000000e-004,-4.02010e-002
-6.754400000000e-004,-4.02010e-002
-6.754000000000e-004,-4.02010e-002
-6.753600000000e-004,-4.02010e-002
-6.753200000000e-004,-4.02010e-002
-6.752800000000e-004,-4.02010e-002
-6.752400000000e-004,-4.02010e-002
-6.752000000000e-004,-4.02010e-002
-6.751600000000e-004,-4.02010e-002
-6.751200000000e-004,-4.02010e-002
-6.750800000000e-004,-4.02010e-002
-6.750400000000e-004,-4.02010e-002
-6.750000000000e-004,-4.02010e-002
-6.749600000000e-004,-4.02010e-002
-6.749200000000e-004,-4.02010e-002
-6.748800000000e-004,-4.02010e-002
-6.748400000000e-004,-4.02010e-002
-6.748000000000e-004,-4.02010e-002
-6.747600000000e-004,-4.02010e-002
-6.747200000000e-004,-4.02010e-002
-6.746800000000e-004,-4.02010e-002
-6.746400000000e-004,-4.02010e-002
-6.746000000000e-004,-4.02010e-002
-6.745600000000e-004,-4.02010e-002
-6.745200000000e-004,-4.02010e-002
-6.744800000000e-004,-4.02010e-002
-6.744400000000e-004,-4.02010e-002
-6.744000000000e-004,-4.02010e-002
-6.743600000000e-004,-4.02010e-002
-6.743200000000e-004, 0.00000e+000
-6.742800000000e-004,-4.02010e-002
-6.742400000000e-004,-4.02010e-002
-6.742000000000e-004,-4.02010e-002
-6.741600000000e-004,-4.02010e-002
-6.741200000000e-004,-4.02010e-002
-6.740800000000e-004,-8.04020e-002
-6.740400000000e-004,-4.02010e-002
-6.740000000000e-004,-4.02010e-002
-6.739600000000e-004,-4.02010e-002
-6.739200000000e-004,-4.02010e-002
-6.738800000000e-004,-4.02010e-002
-6.738400000000e-004,-4.02010e-002
-6.738000000000e-004,-4.02010e-002
-6.737600000000e-004,-4.02010e-002
-6.737200000000e-004,-4.02010e-002
-6.736800000000e-004,-4.02010e-002
-6.736400000000e-004,-8.04020e-002
-6.736000000000e-004,-4.02010e-002
-6.735600000000e-004,-4.02010e-002
-6.735200000000e-004,-4.02010e-002
-6.734800000000e-004,-4.02010e-002
-6.734400000000e-004, 0.00000e+000
-6.734000000000e-004,-4.02010e-002
-6.733600000000e-004,-4.02010e-002
-6.733200000000e-004,-4.02010e-002
-6.732800000000e-004,-4.02010e-002
-6.732400000000e-004,-4.02010e-002
-6.732000000000e-004,-4.02010e-002
-6.731600000000e-004,-4.02010e-002
-6.731200000000e-004,-4.02010e-002
-6.730800000000e-004,-4.02010e-002
-6.730400000000e-004, 0.00000e+000
-6.730000000000e-004,-4.02010e-002
-6.729600000000e-004,-8.04020e-002
-6.729200000000e-004,-4.02010e-002
-6.728800000000e-004,-4.02010e-002
-6.728400000000e-004,-4.02010e-002
-6.728000000000e-004,-4.02010e-002
-6.727600000000e-004,-4.02010e-002
-6.727200000000e-004,-4.02010e-002
-6.726800000000e-004, 0.00000e+000
-6.726400000000e-004,-4.02010e-002
-6.726000000000e-004,-4.02010e-002
-6.725600000000e-004,-4.02010e-002
-6.725200000000e-004,-4.02010e-002
-6.724800000000e-004,-4.02010e-002
-6.724400000000e-004,-4.02010e-002
-6.724000000000e-004,-4.02010e-002
-6.723600000000e-004, 0.00000e+000
-6.723200000000e-004,-4.02010e-002
-6.722800000000e-004,-4.02010e-002
-6.722400000000e-004,-4.02010e-002
-6.722000000000e-004,-4.02010e-002
-6.721600000000e-004,-4.02010e-002
-6.721200000000e-004,-4.02010e-002
-6.720800000000e-004,-4.02010e-002
-6.720400000000e-004,-4.02010e-002
-6.720000000000e-004,-4.02010e-002
-6.719600000000e-004,-4.02010e-002
-6.719200000000e-004,-4.02010e-002
-6.718800000000e-004,-4.02010e-002
-6.718400000000e-004,-4.02010e-002
-6.718000000000e-004,-4.02010e-002
-6.717600000000e-004,-4.02010e-002
-6.717200000000e-004,-4.02010e-002
-6.716800000000e-004,-4.02010e-002
-6.716400000000e-004,-4.02010e-002
-6.716000000000e-004,-4.02010e-002
-6.715600000000e-004,-4.02010e-002
-6.715200000000e-004,-4.02010e-002
-6.714800000000e-004,-4.02010e-002
-6.714400000000e-004,-4.02010e-002
-6.714000000000e-004,-4.02010e-002
-6.713600000000e-004,-4.02010e-002
-6.713200000000e-004,-4.02010e-002
-6.712800000000e-004,-4.02010e-002
-6.712400000000e-004,-8.04020e-002
-6.712000000000e-004,-4.02010e-002
-6.711600000000e-004,-4.02010e-002
-6.711200000000e-004,-4.02010e-002
-6.710800000000e-004,-4.02010e-002
-6.710400000000e-004,-4.02010e-002
-6.710000000000e-004,-4.02010e-002
-6.709600000000e-004,-4.02010e-002
-6.709200000000e-004,-4.02010e-002
-6.708800000000e-004,-8.04020e-002
-6.708400000000e-004,-4.02010e-002
-6.708000000000e-004,-4.02010e-002
-6.707600000000e-004,-4.02010e-002
-6.707200000000e-004,-4.02010e-002
-6.706800000000e-004,-4.02010e-002
-6.706400000000e-004,-4.02010e-002
-6.706000000000e-004,-4.02010e-002
-6.705600000000e-004,-4.02010e-002
-6.705200000000e-004,-4.02010e-002
-6.704800000000e-004,-4.02010e-002
-6.704400000000e-004,-4.02010e-002
-6.704000000000e-004,-4.02010e-002
-6.703600000000e-004,-4.02010e-002
-6.703200000000e-004,-4.02010e-002
-6.702800000000e-004,-4.02010e-002
-6.702400000000e-004,-8.04020e-002
-6.702000000000e-004,-4.02010e-002
-6.701600000000e-004,-4.02010e-002
-6.701200000000e-004,-4.02010e-002
-6.700800000000e-004,-4.02010e-002
-6.700400000000e-004,-4.02010e-002
-6.700000000000e-004,-4.02010e-002
-6.699600000000e-004,-4.02010e-002
-6.699200000000e-004,-4.02010e-002
-6.698800000000e-004,-4.02010e-002
-6.698400000000e-004,-4.02010e-002
-6.698000000000e-004,-4.02010e-002
-6.697600000000e-004,-4.02010e-002
-6.697200000000e-004,-8.04020e-002
-6.696800000000e-004,-4.02010e-002
-6.696400000000e-004,-4.02010e-002
-6.696000000000e-004,-4.02010e-002
-6.695600000000e-004,-4.02010e-002
-6.695200000000e-004,-4.02010e-002
-6.694800000000e-004,-4.02010e-002
-6.694400000000e-004,-4.02010e-002
-6.694000000000e-004,-4.02010e-002
-6.693600000000e-004,-4.02010e-002
-6.693200000000e-004,-4.02010e-002
-6.692800000000e-004,-4.02010e-002
-6.692400000000e-004,-4.02010e-002
-6.692000000000e-004,-4.02010e-002
-6.691600000000e-004,-4.02010e-002
-6.691200000000e-004,-4.02010e-002
-6.690800000000e-004,-4.02010e-002
-6.690400000000e-004,-4.02010e-002
-6.690000000000e-004,-4.02010e-002
-6.689600000000e-004,-4.02010e-002
-6.689200000000e-004,-4.02010e-002
-6.688800000000e-004,-8.04020e-002
-6.688400000000e-004,-4.02010e-002
-6.688000000000e-004,-4.02010e-002
-6.687600000000e-004,-4.02010e-002
-6.687200000000e-004,-4.02010e-002
-6.686800000000e-004,-4.02010e-002
-6.686400000000e-004, 0.00000e+000
-6.686000000000e-004,-4.02010e-002
-6.685600000000e-004,-4.02010e-002
-6.685200000000e-004,-4.02010e-002
-6.684800000000e-004,-4.02010e-002
-6.684400000000e-004,-4.02010e-002
-6.684000000000e-004,-4.02010e-002
-6.683600000000e-004,-4.02010e-002
-6.683200000000e-004, 0.00000e+000
-6.682800000000e-004,-4.02010e-002
-6.682400000000e-004,-4.02010e-002
-6.682000000000e-004,-4.02010e-002
-6.681600000000e-004,-4.02010e-002
-6.681200000000e-004,-4.02010e-002
-6.680800000000e-004,-4.02010e-002
-6.680400000000e-004,-4.02010e-002
-6.680000000000e-004,-4.02010e-002
-6.679600000000e-004,-4.02010e-002
-6.679200000000e-004,-4.02010e-002
-6.678800000000e-004,-4.02010e-002
-6.678400000000e-004,-4.02010e-002
-6.678000000000e-004,-4.02010e-002
-6.677600000000e-004,-4.02010e-002
-6.677200000000e-004,-4.02010e-002
-6.676800000000e-004,-4.02010e-002
-6.676400000000e-004,-4.02010e-002
-6.676000000000e-004,-4.02010e-002
-6.675600000000e-004,-4.02010e-002
-6.675200000000e-004,-4.02010e-002
-6.674800000000e-004,-4.02010e-002
-6.674400000000e-004,-4.02010e-002
-6.674000000000e-004,-4.02010e-002
-6.673600000000e-004,-4.02010e-002
-6.673200000000e-004,-4.02010e-002
-6.672800000000e-004,-4.02010e-002
-6.672400000000e-004,-4.02010e-002
-6.672000000000e-004,-4.02010e-002
-6.671600000000e-004,-4.02010e-002
-6.671200000000e-004,-4.02010e-002
-6.670800000000e-004,-4.02010e-002
-6.670400000000e-004,-4.02010e-002
-6.670000000000e-004,-4.02010e-002
-6.669600000000e-004,-4.02010e-002
-6.669200000000e-004,-4.02010e-002
-6.668800000000e-004,-4.02010e-002
-6.668400000000e-004,-4.02010e-002
-6.668000000000e-004,-4.02010e-002
-6.667600000000e-004,-4.02010e-002
-6.667200000000e-004,-4.02010e-002
-6.666800000000e-004,-4.02010e-002
-6.666400000000e-004,-4.02010e-002
-6.666000000000e-004,-4.02010e-002
-6.665600000000e-004,-4.02010e-002
-6.665200000000e-004,-4.02010e-002
-6.664800000000e-004,-4.02010e-002
-6.664400000000e-004,-4.02010e-002
-6.664000000000e-004,-4.02010e-002
-6.663600000000e-004,-4.02010e-002
-6.663200000000e-004,-4.02010e-002
-6.662800000000e-004,-4.02010e-002
-6.662400000000e-004,-4.02010e-002
-6.662000000000e-004,-4.02010e-002
-6.661600000000e-004,-4.02010e-002
-6.661200000000e-004,-4.02010e-002
-6.660800000000e-004,-4.02010e-002
-6.660400000000e-004,-4.02010e-002
-6.660000000000e-004,-4.02010e-002
-6.659600000000e-004,-4.02010e-002
-6.659200000000e-004,-4.02010e-002
-6.658800000000e-004,-4.02010e-002
-6.658400000000e-004,-4.02010e-002
-6.658000000000e-004,-4.02010e-002
-6.657600000000e-004,-4.02010e-002
-6.657200000000e-004,-4.02010e-002
-6.656800000000e-004,-4.02010e-002
-6.656400000000e-004,-4.02010e-002
-6.656000000000e-004,-4.02010e-002
-6.655600000000e-004,-4.02010e-002
-6.655200000000e-004,-4.02010e-002
-6.654800000000e-004,-4.02010e-002
-6.654400000000e-004,-4.02010e-002
-6.654000000000e-004,-4.02010e-002
-6.653600000000e-004,-4.02010e-002
-6.653200000000e-004,-4.02010e-002
-6.652800000000e-004,-4.02010e-002
-6.652400000000e-004,-4.02010e-002
-6.652000000000e-004,-4.02010e-002
-6.651600000000e-004,-4.02010e-002
-6.651200000000e-004,-4.02010e-002
-6.650800000000e-004,-4.02010e-002
-6.650400000000e-004,-4.02010e-002
-6.650000000000e-004,-4.02010e-002
-6.649600000000e-004,-4.02010e-002
-6.649200000000e-004,-4.02010e-002
-6.648800000000e-004,-4.02010e-002
-6.648400000000e-004,-4.02010e-002
-6.648000000000e-004,-4.02010e-002
-6.647600000000e-004,-8.04020e-002
-6.647200000000e-004,-4.02010e-002
-6.646800000000e-004,-4.02010e-002
-6.646400000000e-004,-4.02010e-002
-6.646000000000e-004,-4.02010e-002
-6.645600000000e-004,-4.02010e-002
-6.645200000000e-004,-4.02010e-002
-6.644800000000e-004,-8.04020e-002
-6.644400000000e-004,-4.02010e-002
-6.644000000000e-004,-4.02010e-002
-6.643600000000e-004,-4.02010e-002
-6.643200000000e-004,-4.02010e-002
-6.642800000000e-004,-4.02010e-002
-6.642400000000e-004,-4.02010e-002
-6.642000000000e-004,-4.02010e-002
-6.641600000000e-004,-4.02010e-002
-6.641200000000e-004,-4.02010e-002
-6.640800000000e-004,-4.02010e-002
-6.640400000000e-004,-4.02010e-002
-6.640000000000e-004,-8.04020e-002
-6.639600000000e-004,-4.02010e-002
-6.639200000000e-004,-4.02010e-002
-6.638800000000e-004,-4.02010e-002
-6.638400000000e-004,-4.02010e-002
-6.638000000000e-004,-4.02010e-002
-6.637600000000e-004,-4.02010e-002
-6.637200000000e-004,-4.02010e-002
-6.636800000000e-004,-4.02010e-002
-6.636400000000e-004,-4.02010e-002
-6.636000000000e-004,-8.04020e-002
-6.635600000000e-004,-8.04020e-002
-6.635200000000e-004,-4.02010e-002
-6.634800000000e-004,-4.02010e-002
-6.634400000000e-004,-4.02010e-002
-6.634000000000e-004,-4.02010e-002
-6.633600000000e-004,-4.02010e-002
-6.633200000000e-004,-4.02010e-002
-6.632800000000e-004,-4.02010e-002
-6.632400000000e-004,-4.02010e-002
-6.632000000000e-004,-4.02010e-002
-6.631600000000e-004,-4.02010e-002
-6.631200000000e-004,-4.02010e-002
-6.630800000000e-004,-4.02010e-002
-6.630400000000e-004,-4.02010e-002
-6.630000000000e-004,-4.02010e-002
-6.629600000000e-004,-4.02010e-002
-6.629200000000e-004,-4.02010e-002
-6.628800000000e-004,-4.02010e-002
-6.628400000000e-004,-4.02010e-002
-6.628000000000e-004,-4.02010e-002
-6.627600000000e-004,-4.02010e-002
-6.627200000000e-004,-4.02010e-002
-6.626800000000e-004,-4.02010e-002
-6.626400000000e-004,-4.02010e-002
-6.626000000000e-004,-4.02010e-002
-6.625600000000e-004,-4.02010e-002
-6.625200000000e-004,-4.02010e-002
-6.624800000000e-004,-4.02010e-002
-6.624400000000e-004,-4.02010e-002
-6.624000000000e-004,-4.02010e-002
-6.623600000000e-004,-4.02010e-002
-6.623200000000e-004,-4.02010e-002
-6.622800000000e-004,-4.02010e-002
-6.622400000000e-004,-4.02010e-002
-6.622000000000e-004,-4.02010e-002
-6.621600000000e-004,-4.02010e-002
-6.621200000000e-004,-4.02010e-002
-6.620800000000e-004,-4.02010e-002
-6.620400000000e-004,-4.02010e-002
-6.620000000000e-004,-4.02010e-002
-6.619600000000e-004,-4.02010e-002
-6.619200000000e-004,-4.02010e-002
-6.618800000000e-004,-4.02010e-002
-6.618400000000e-004,-4.02010e-002
-6.618000000000e-004,-4.02010e-002
-6.617600000000e-004,-4.02010e-002
-6.617200000000e-004,-4.02010e-002
-6.616800000000e-004,-4.02010e-002
-6.616400000000e-004,-4.02010e-002
-6.616000000000e-004,-4.02010e-002
-6.615600000000e-004,-4.02010e-002
-6.615200000000e-004,-4.02010e-002
-6.614800000000e-004,-4.02010e-002
-6.614400000000e-004,-4.02010e-002
-6.614000000000e-004,-4.02010e-002
-6.613600000000e-004,-4.02010e-002
-6.613200000000e-004,-4.02010e-002
-6.612800000000e-004,-4.02010e-002
-6.612400000000e-004,-4.02010e-002
-6.612000000000e-004,-4.02010e-002
-6.611600000000e-004,-4.02010e-002
-6.611200000000e-004,-4.02010e-002
-6.610800000000e-004,-4.02010e-002
-6.610400000000e-004,-4.02010e-002
-6.610000000000e-004,-4.02010e-002
-6.609600000000e-004,-4.02010e-002
-6.609200000000e-004,-4.02010e-002
-6.608800000000e-004,-4.02010e-002
-6.608400000000e-004,-4.02010e-002
-6.608000000000e-004,-4.02010e-002
-6.607600000000e-004,-4.02010e-002
-6.607200000000e-004,-4.02010e-002
-6.606800000000e-004,-4.02010e-002
-6.606400000000e-004,-4.02010e-002
-6.606000000000e-004,-4.02010e-002
-6.605600000000e-004,-4.02010e-002
-6.605200000000e-004,-4.02010e-002
-6.604800000000e-004,-4.02010e-002
-6.604400000000e-004,-8.04020e-002
-6.604000000000e-004,-8.04020e-002
-6.603600000000e-004,-4.02010e-002
-6.603200000000e-004,-4.02010e-002
-6.602800000000e-004,-4.02010e-002
-6.602400000000e-004,-4.02010e-002
-6.602000000000e-004,-4.02010e-002
-6.601600000000e-004,-4.02010e-002
-6.601200000000e-004,-4.02010e-002
-6.600800000000e-004,-4.02010e-002
-6.600400000000e-004,-4.02010e-002
-6.600000000000e-004,-4.02010e-002
-6.599600000000e-004,-4.02010e-002
-6.599200000000e-004,-4.02010e-002
-6.598800000000e-004,-4.02010e-002
-6.598400000000e-004,-4.02010e-002
-6.598000000000e-004,-4.02010e-002
-6.597600000000e-004,-4.02010e-002
-6.597200000000e-004,-4.02010e-002
-6.596800000000e-004,-4.02010e-002
-6.596400000000e-004,-4.02010e-002
-6.596000000000e-004,-8.04020e-002
-6.595600000000e-004,-4.02010e-002
-6.595200000000e-004,-4.02010e-002
-6.594800000000e-004,-4.02010e-002
-6.594400000000e-004,-4.02010e-002
-6.594000000000e-004, 0.00000e+000
-6.593600000000e-004,-4.02010e-002
-6.593200000000e-004,-4.02010e-002
-6.592800000000e-004,-4.02010e-002
-6.592400000000e-004,-4.02010e-002
-6.592000000000e-004,-4.02010e-002
-6.591600000000e-004,-4.02010e-002
-6.591200000000e-004,-4.02010e-002
-6.590800000000e-004,-4.02010e-002
-6.590400000000e-004,-4.02010e-002
-6.590000000000e-004,-4.02010e-002
-6.589600000000e-004,-4.02010e-002
-6.589200000000e-004,-4.02010e-002
-6.588800000000e-004,-4.02010e-002
-6.588400000000e-004,-4.02010e-002
-6.588000000000e-004,-4.02010e-002
-6.587600000000e-004,-4.02010e-002
-6.587200000000e-004,-4.02010e-002
-6.586800000000e-004,-4.02010e-002
-6.586400000000e-004,-4.02010e-002
-6.586000000000e-004,-4.02010e-002
-6.585600000000e-004,-4.02010e-002
-6.585200000000e-004,-4.02010e-002
-6.584800000000e-004,-4.02010e-002
-6.584400000000e-004,-4.02010e-002
-6.584000000000e-004,-4.02010e-002
-6.583600000000e-004,-4.02010e-002
-6.583200000000e-004,-4.02010e-002
-6.582800000000e-004,-4.02010e-002
-6.582400000000e-004,-4.02010e-002
-6.582000000000e-004,-4.02010e-002
-6.581600000000e-004,-4.02010e-002
-6.581200000000e-004,-4.02010e-002
-6.580800000000e-004,-4.02010e-002
-6.580400000000e-004,-4.02010e-002
-6.580000000000e-004,-4.02010e-002
-6.579600000000e-004,-4.02010e-002
-6.579200000000e-004,-4.02010e-002
-6.578800000000e-004,-4.02010e-002
-6.578400000000e-004,-4.02010e-002
-6.578000000000e-004,-4.02010e-002
-6.577600000000e-004,-4.02010e-002
-6.577200000000e-004,-4.02010e-002
-6.576800000000e-004,-4.02010e-002
-6.576400000000e-004,-4.02010e-002
-6.576000000000e-004,-4.02010e-002
-6.575600000000e-004,-4.02010e-002
-6.575200000000e-004,-4.02010e-002
-6.574800000000e-004,-4.02010e-002
-6.574400000000e-004,-4.02010e-002
-6.574000000000e-004,-4.02010e-002
-6.573600000000e-004,-4.02010e-002
-6.573200000000e-004,-4.02010e-002
-6.572800000000e-004,-4.02010e-002
-6.572400000000e-004,-4.02010e-002
-6.572000000000e-004,-4.02010e-002
-6.571600000000e-004,-4.02010e-002
-6.571200000000e-004,-4.02010e-002
-6.570800000000e-004,-4.02010e-002
-6.570400000000e-004,-4.02010e-002
-6.570000000000e-004,-4.02010e-002
-6.569600000000e-004,-4.02010e-002
-6.569200000000e-004,-4.02010e-002
-6.568800000000e-004,-4.02010e-002
-6.568400000000e-004,-4.02010e-002
-6.568000000000e-004,-4.02010e-002
-6.567600000000e-004,-4.02010e-002
-6.567200000000e-004,-8.04020e-002
-6.566800000000e-004,-4.02010e-002
-6.566400000000e-004,-4.02010e-002
-6.566000000000e-004,-4.02010e-002
-6.565600000000e-004,-4.02010e-002
-6.565200000000e-004,-4.02010e-002
-6.564800000000e-004,-4.02010e-002
-6.564400000000e-004,-4.02010e-002
-6.564000000000e-004,-4.02010e-002
-6.563600000000e-004,-4.02010e-002
-6.563200000000e-004,-4.02010e-002
-6.562800000000e-004,-4.02010e-002
-6.562400000000e-004,-4.02010e-002
-6.562000000000e-004,-4.02010e-002
-6.561600000000e-004,-4.02010e-002
-6.561200000000e-004,-4.02010e-002
-6.560800000000e-004,-4.02010e-002
-6.560400000000e-004,-4.02010e-002
-6.560000000000e-004,-4.02010e-002
-6.559600000000e-004,-4.02010e-002
-6.559200000000e-004,-4.02010e-002
-6.558800000000e-004,-4.02010e-002
-6.558400000000e-004,-4.02010e-002
-6.558000000000e-004,-4.02010e-002
-6.557600000000e-004,-4.02010e-002
-6.557200000000e-004,-4.02010e-002
-6.556800000000e-004,-4.02010e-002
-6.556400000000e-004,-4.02010e-002
-6.556000000000e-004,-4.02010e-002
-6.555600000000e-004,-4.02010e-002
-6.555200000000e-004,-4.02010e-002
-6.554800000000e-004,-4.02010e-002
-6.554400000000e-004,-4.02010e-002
-6.554000000000e-004,-4.02010e-002
-6.553600000000e-004,-4.02010e-002
-6.553200000000e-004,-8.04020e-002
-6.552800000000e-004,-4.02010e-002
-6.552400000000e-004,-4.02010e-002
-6.552000000000e-004,-4.02010e-002
-6.551600000000e-004,-4.02010e-002
-6.551200000000e-004,-4.02010e-002
-6.550800000000e-004,-4.02010e-002
-6.550400000000e-004,-4.02010e-002
-6.550000000000e-004,-8.04020e-002
-6.549600000000e-004,-4.02010e-002
-6.549200000000e-004,-4.02010e-002
-6.548800000000e-004,-4.02010e-002
-6.548400000000e-004,-4.02010e-002
-6.548000000000e-004,-4.02010e-002
-6.547600000000e-004,-4.02010e-002
-6.547200000000e-004,-4.02010e-002
-6.546800000000e-004,-4.02010e-002
-6.546400000000e-004,-4.02010e-002
-6.546000000000e-004,-8.04020e-002
-6.545600000000e-004,-4.02010e-002
-6.545200000000e-004,-4.02010e-002
-6.544800000000e-004,-4.02010e-002
-6.544400000000e-004,-4.02010e-002
-6.544000000000e-004,-4.02010e-002
-6.543600000000e-004,-4.02010e-002
-6.543200000000e-004,-4.02010e-002
-6.542800000000e-004,-4.02010e-002
-6.542400000000e-004,-4.02010e-002
-6.542000000000e-004,-4.02010e-002
-6.541600000000e-004,-4.02010e-002
-6.541200000000e-004,-4.02010e-002
-6.540800000000e-004,-4.02010e-002
-6.540400000000e-004,-4.02010e-002
-6.540000000000e-004,-4.02010e-002
-6.539600000000e-004,-4.02010e-002
-6.539200000000e-004,-4.02010e-002
-6.538800000000e-004,-4.02010e-002
-6.538400000000e-004, 0.00000e+000
-6.538000000000e-004,-4.02010e-002
-6.537600000000e-004,-4.02010e-002
-6.537200000000e-004,-4.02010e-002
-6.536800000000e-004,-4.02010e-002
-6.536400000000e-004,-4.02010e-002
-6.536000000000e-004,-4.02010e-002
-6.535600000000e-004,-4.02010e-002
-6.535200000000e-004,-4.02010e-002
-6.534800000000e-004,-4.02010e-002
-6.534400000000e-004,-4.02010e-002
-6.534000000000e-004,-4.02010e-002
-6.533600000000e-004,-4.02010e-002
-6.533200000000e-004,-4.02010e-002
-6.532800000000e-004,-4.02010e-002
-6.532400000000e-004,-4.02010e-002
-6.532000000000e-004,-4.02010e-002
-6.531600000000e-004,-4.02010e-002
-6.531200000000e-004,-4.02010e-002
-6.530800000000e-004,-4.02010e-002
-6.530400000000e-004,-4.02010e-002
-6.530000000000e-004,-4.02010e-002
-6.529600000000e-004,-4.02010e-002
-6.529200000000e-004,-4.02010e-002
-6.528800000000e-004,-4.02010e-002
-6.528400000000e-004,-4.02010e-002
-6.528000000000e-004,-4.02010e-002
-6.527600000000e-004,-4.02010e-002
-6.527200000000e-004,-4.02010e-002
-6.526800000000e-004,-4.02010e-002
-6.526400000000e-004,-4.02010e-002
-6.526000000000e-004,-4.02010e-002
-6.525600000000e-004,-4.02010e-002
-6.525200000000e-004,-4.02010e-002
-6.524800000000e-004,-4.02010e-002
-6.524400000000e-004, 0.00000e+000
-6.524000000000e-004,-4.02010e-002
-6.523600000000e-004,-4.02010e-002
-6.523200000000e-004,-4.02010e-002
-6.522800000000e-004,-4.02010e-002
-6.522400000000e-004,-4.02010e-002
-6.522000000000e-004,-4.02010e-002
-6.521600000000e-004,-4.02010e-002
-6.521200000000e-004,-4.02010e-002
-6.520800000000e-004,-4.02010e-002
-6.520400000000e-004,-4.02010e-002
-6.520000000000e-004,-4.02010e-002
-6.519600000000e-004,-4.02010e-002
-6.519200000000e-004,-4.02010e-002
-6.518800000000e-004,-4.02010e-002
-6.518400000000e-004,-4.02010e-002
-6.518000000000e-004,-4.02010e-002
-6.517600000000e-004,-4.02010e-002
-6.517200000000e-004,-4.02010e-002
-6.516800000000e-004,-4.02010e-002
-6.516400000000e-004,-4.02010e-002
-6.516000000000e-004,-4.02010e-002
-6.515600000000e-004,-4.02010e-002
-6.515200000000e-004,-4.02010e-002
-6.514800000000e-004,-4.02010e-002
-6.514400000000e-004,-4.02010e-002
-6.514000000000e-004,-4.02010e-002
-6.513600000000e-004,-4.02010e-002
-6.513200000000e-004,-4.02010e-002
-6.512800000000e-004,-4.02010e-002
-6.512400000000e-004,-4.02010e-002
-6.512000000000e-004,-4.02010e-002
-6.511600000000e-004,-4.02010e-002
-6.511200000000e-004,-4.02010e-002
-6.510800000000e-004,-4.02010e-002
-6.510400000000e-004,-4.02010e-002
-6.510000000000e-004, 0.00000e+000
-6.509600000000e-004,-4.02010e-002
-6.509200000000e-004,-4.02010e-002
-6.508800000000e-004,-4.02010e-002
-6.508400000000e-004,-4.02010e-002
-6.508000000000e-004,-4.02010e-002
-6.507600000000e-004,-4.02010e-002
-6.507200000000e-004,-4.02010e-002
-6.506800000000e-004,-4.02010e-002
-6.506400000000e-004,-4.02010e-002
-6.506000000000e-004,-4.02010e-002
-6.505600000000e-004,-4.02010e-002
-6.505200000000e-004,-4.02010e-002
-6.504800000000e-004,-4.02010e-002
-6.504400000000e-004,-4.02010e-002
-6.504000000000e-004,-4.02010e-002
-6.503600000000e-004,-4.02010e-002
-6.503200000000e-004,-4.02010e-002
-6.502800000000e-004,-4.02010e-002
-6.502400000000e-004,-8.04020e-002
-6.502000000000e-004,-4.02010e-002
-6.501600000000e-004,-4.02010e-002
-6.501200000000e-004,-4.02010e-002
-6.500800000000e-004,-4.02010e-002
-6.500400000000e-004, 0.00000e+000
-6.500000000000e-004,-4.02010e-002
-6.499600000000e-004,-4.02010e-002
-6.499200000000e-004,-4.02010e-002
-6.498800000000e-004,-4.02010e-002
-6.498400000000e-004,-4.02010e-002
-6.498000000000e-004,-4.02010e-002
-6.497600000000e-004,-4.02010e-002
-6.497200000000e-004,-4.02010e-002
-6.496800000000e-004,-4.02010e-002
-6.496400000000e-004,-4.02010e-002
-6.496000000000e-004,-4.02010e-002
-6.495600000000e-004,-4.02010e-002
-6.495200000000e-004,-4.02010e-002
-6.494800000000e-004,-4.02010e-002
-6.494400000000e-004,-4.02010e-002
-6.494000000000e-004,-4.02010e-002
-6.493600000000e-004,-4.02010e-002
-6.493200000000e-004, 0.00000e+000
-6.492800000000e-004,-4.02010e-002
-6.492400000000e-004,-4.02010e-002
-6.492000000000e-004,-4.02010e-002
-6.491600000000e-004,-4.02010e-002
-6.491200000000e-004,-4.02010e-002
-6.490800000000e-004,-4.02010e-002
-6.490400000000e-004,-4.02010e-002
-6.490000000000e-004,-4.02010e-002
-6.489600000000e-004,-8.04020e-002
-6.489200000000e-004,-4.02010e-002
-6.488800000000e-004,-4.02010e-002
-6.488400000000e-004,-4.02010e-002
-6.488000000000e-004,-4.02010e-002
-6.487600000000e-004,-4.02010e-002
-6.487200000000e-004,-4.02010e-002
-6.486800000000e-004,-4.02010e-002
-6.486400000000e-004,-4.02010e-002
-6.486000000000e-004,-4.02010e-002
-6.485600000000e-004,-4.02010e-002
-6.485200000000e-004,-4.02010e-002
-6.484800000000e-004,-4.02010e-002
-6.484400000000e-004,-4.02010e-002
-6.484000000000e-004,-4.02010e-002
-6.483600000000e-004,-4.02010e-002
-6.483200000000e-004,-4.02010e-002
-6.482800000000e-004,-4.02010e-002
-6.482400000000e-004,-4.02010e-002
-6.482000000000e-004,-4.02010e-002
-6.481600000000e-004, 0.00000e+000
-6.481200000000e-004,-4.02010e-002
-6.480800000000e-004,-4.02010e-002
-6.480400000000e-004,-4.02010e-002
-6.480000000000e-004,-4.02010e-002
-6.479600000000e-004,-4.02010e-002
-6.479200000000e-004,-4.02010e-002
-6.478800000000e-004,-4.02010e-002
-6.478400000000e-004,-4.02010e-002
-6.478000000000e-004,-4.02010e-002
-6.477600000000e-004,-4.02010e-002
-6.477200000000e-004,-4.02010e-002
-6.476800000000e-004,-4.02010e-002
-6.476400000000e-004,-4.02010e-002
-6.476000000000e-004,-4.02010e-002
-6.475600000000e-004,-4.02010e-002
-6.475200000000e-004,-4.02010e-002
-6.474800000000e-004,-4.02010e-002
-6.474400000000e-004,-4.02010e-002
-6.474000000000e-004,-8.04020e-002
-6.473600000000e-004,-4.02010e-002
-6.473200000000e-004,-4.02010e-002
-6.472800000000e-004,-4.02010e-002
-6.472400000000e-004,-4.02010e-002
-6.472000000000e-004,-4.02010e-002
-6.471600000000e-004,-4.02010e-002
-6.471200000000e-004,-4.02010e-002
-6.470800000000e-004,-4.02010e-002
-6.470400000000e-004,-4.02010e-002
-6.470000000000e-004,-4.02010e-002
-6.469600000000e-004,-4.02010e-002
-6.469200000000e-004,-4.02010e-002
-6.468800000000e-004,-4.02010e-002
-6.468400000000e-004,-4.02010e-002
-6.468000000000e-004,-4.02010e-002
-6.467600000000e-004,-4.02010e-002
-6.467200000000e-004,-4.02010e-002
-6.466800000000e-004,-4.02010e-002
-6.466400000000e-004,-4.02010e-002
-6.466000000000e-004,-4.02010e-002
-6.465600000000e-004,-4.02010e-002
-6.465200000000e-004,-4.02010e-002
-6.464800000000e-004,-4.02010e-002
-6.464400000000e-004,-4.02010e-002
-6.464000000000e-004,-4.02010e-002
-6.463600000000e-004,-4.02010e-002
-6.463200000000e-004,-4.02010e-002
-6.462800000000e-004,-4.02010e-002
-6.462400000000e-004,-8.04020e-002
-6.462000000000e-004,-4.02010e-002
-6.461600000000e-004,-4.02010e-002
-6.461200000000e-004,-4.02010e-002
-6.460800000000e-004,-4.02010e-002
-6.460400000000e-004,-4.02010e-002
-6.460000000000e-004,-4.02010e-002
-6.459600000000e-004,-4.02010e-002
-6.459200000000e-004,-4.02010e-002
-6.458800000000e-004,-4.02010e-002
-6.458400000000e-004,-4.02010e-002
-6.458000000000e-004,-4.02010e-002
-6.457600000000e-004,-4.02010e-002
-6.457200000000e-004,-4.02010e-002
-6.456800000000e-004,-4.02010e-002
-6.456400000000e-004,-4.02010e-002
-6.456000000000e-004,-4.02010e-002
-6.455600000000e-004,-4.02010e-002
-6.455200000000e-004,-4.02010e-002
-6.454800000000e-004,-8.04020e-002
-6.454400000000e-004,-4.02010e-002
-6.454000000000e-004, 0.00000e+000
-6.453600000000e-004,-4.02010e-002
-6.453200000000e-004,-4.02010e-002
-6.452800000000e-004,-4.02010e-002
-6.452400000000e-004,-4.02010e-002
-6.452000000000e-004,-4.02010e-002
-6.451600000000e-004,-8.04020e-002
-6.451200000000e-004,-4.02010e-002
-6.450800000000e-004,-4.02010e-002
-6.450400000000e-004,-4.02010e-002
-6.450000000000e-004,-4.02010e-002
-6.449600000000e-004,-4.02010e-002
-6.449200000000e-004,-4.02010e-002
-6.448800000000e-004,-4.02010e-002
-6.448400000000e-004,-4.02010e-002
-6.448000000000e-004,-4.02010e-002
-6.447600000000e-004,-4.02010e-002
-6.447200000000e-004,-4.02010e-002
-6.446800000000e-004,-4.02010e-002
-6.446400000000e-004,-4.02010e-002
-6.446000000000e-004,-4.02010e-002
-6.445600000000e-004,-4.02010e-002
-6.445200000000e-004,-4.02010e-002
-6.444800000000e-004,-4.02010e-002
-6.444400000000e-004,-4.02010e-002
-6.444000000000e-004,-4.02010e-002
-6.443600000000e-004,-8.04020e-002
-6.443200000000e-004,-4.02010e-002
-6.442800000000e-004,-4.02010e-002
-6.442400000000e-004,-4.02010e-002
-6.442000000000e-004,-4.02010e-002
-6.441600000000e-004,-4.02010e-002
-6.441200000000e-004,-4.02010e-002
-6.440800000000e-004,-4.02010e-002
-6.440400000000e-004,-8.04020e-002
-6.440000000000e-004,-4.02010e-002
-6.439600000000e-004,-4.02010e-002
-6.439200000000e-004,-4.02010e-002
-6.438800000000e-004,-4.02010e-002
-6.438400000000e-004,-4.02010e-002
-6.438000000000e-004,-4.02010e-002
-6.437600000000e-004,-4.02010e-002
-6.437200000000e-004,-4.02010e-002
-6.436800000000e-004,-4.02010e-002
-6.436400000000e-004,-4.02010e-002
-6.436000000000e-004,-4.02010e-002
-6.435600000000e-004,-4.02010e-002
-6.435200000000e-004,-4.02010e-002
-6.434800000000e-004,-4.02010e-002
-6.434400000000e-004,-4.02010e-002
-6.434000000000e-004,-4.02010e-002
-6.433600000000e-004,-4.02010e-002
-6.433200000000e-004,-4.02010e-002
-6.432800000000e-004,-4.02010e-002
-6.432400000000e-004,-4.02010e-002
-6.432000000000e-004,-4.02010e-002
-6.431600000000e-004,-4.02010e-002
-6.431200000000e-004,-4.02010e-002
-6.430800000000e-004,-4.02010e-002
-6.430400000000e-004,-4.02010e-002
-6.430000000000e-004,-4.02010e-002
-6.429600000000e-004,-4.02010e-002
-6.429200000000e-004,-4.02010e-002
-6.428800000000e-004,-4.02010e-002
-6.428400000000e-004,-4.02010e-002
-6.428000000000e-004,-4.02010e-002
-6.427600000000e-004,-4.02010e-002
-6.427200000000e-004,-4.02010e-002
-6.426800000000e-004,-4.02010e-002
-6.426400000000e-004,-4.02010e-002
-6.426000000000e-004,-4.02010e-002
-6.425600000000e-004,-4.02010e-002
-6.425200000000e-004,-4.02010e-002
-6.424800000000e-004,-4.02010e-002
-6.424400000000e-004,-4.02010e-002
-6.424000000000e-004,-4.02010e-002
-6.423600000000e-004,-4.02010e-002
-6.423200000000e-004,-4.02010e-002
-6.422800000000e-004,-4.02010e-002
-6.422400000000e-004,-4.02010e-002
-6.422000000000e-004,-4.02010e-002
-6.421600000000e-004,-4.02010e-002
-6.421200000000e-004,-4.02010e-002
-6.420800000000e-004,-4.02010e-002
-6.420400000000e-004,-4.02010e-002
-6.420000000000e-004,-4.02010e-002
-6.419600000000e-004,-4.02010e-002
-6.419200000000e-004,-4.02010e-002
-6.418800000000e-004,-4.02010e-002
-6.418400000000e-004,-4.02010e-002
-6.418000000000e-004,-4.02010e-002
-6.417600000000e-004,-4.02010e-002
-6.417200000000e-004,-4.02010e-002
-6.416800000000e-004,-4.02010e-002
-6.416400000000e-004,-4.02010e-002
-6.416000000000e-004,-4.02010e-002
-6.415600000000e-004,-4.02010e-002
-6.415200000000e-004,-4.02010e-002
-6.414800000000e-004,-8.04020e-002
-6.414400000000e-004, 0.00000e+000
-6.414000000000e-004,-4.02010e-002
-6.413600000000e-004,-4.02010e-002
-6.413200000000e-004,-4.02010e-002
-6.412800000000e-004,-4.02010e-002
-6.412400000000e-004,-4.02010e-002
-6.412000000000e-004,-4.02010e-002
-6.411600000000e-004,-4.02010e-002
-6.411200000000e-004,-4.02010e-002
-6.410800000000e-004,-4.02010e-002
-6.410400000000e-004,-4.02010e-002
-6.410000000000e-004, 0.00000e+000
-6.409600000000e-004,-4.02010e-002
-6.409200000000e-004,-4.02010e-002
-6.408800000000e-004,-4.02010e-002
-6.408400000000e-004,-4.02010e-002
-6.408000000000e-004,-4.02010e-002
-6.407600000000e-004,-4.02010e-002
-6.407200000000e-004,-4.02010e-002
-6.406800000000e-004,-4.02010e-002
-6.406400000000e-004,-4.02010e-002
-6.406000000000e-004,-4.02010e-002
-6.405600000000e-004,-4.02010e-002
-6.405200000000e-004,-4.02010e-002
-6.404800000000e-004,-4.02010e-002
-6.404400000000e-004,-4.02010e-002
-6.404000000000e-004,-4.02010e-002
-6.403600000000e-004,-4.02010e-002
-6.403200000000e-004,-8.04020e-002
-6.402800000000e-004,-4.02010e-002
-6.402400000000e-004,-4.02010e-002
-6.402000000000e-004,-4.02010e-002
-6.401600000000e-004,-4.02010e-002
-6.401200000000e-004,-4.02010e-002
-6.400800000000e-004,-4.02010e-002
-6.400400000000e-004,-4.02010e-002
-6.400000000000e-004,-4.02010e-002
-6.399600000000e-004,-4.02010e-002
-6.399200000000e-004,-4.02010e-002
-6.398800000000e-004,-4.02010e-002
-6.398400000000e-004,-4.02010e-002
-6.398000000000e-004,-4.02010e-002
-6.397600000000e-004,-4.02010e-002
-6.397200000000e-004,-4.02010e-002
-6.396800000000e-004,-4.02010e-002
-6.396400000000e-004,-4.02010e-002
-6.396000000000e-004,-4.02010e-002
-6.395600000000e-004,-4.02010e-002
-6.395200000000e-004,-4.02010e-002
-6.394800000000e-004,-4.02010e-002
-6.394400000000e-004,-4.02010e-002
-6.394000000000e-004,-4.02010e-002
-6.393600000000e-004,-4.02010e-002
-6.393200000000e-004,-4.02010e-002
-6.392800000000e-004,-4.02010e-002
-6.392400000000e-004,-4.02010e-002
-6.392000000000e-004,-4.02010e-002
-6.391600000000e-004,-4.02010e-002
-6.391200000000e-004,-4.02010e-002
-6.390800000000e-004,-4.02010e-002
-6.390400000000e-004,-4.02010e-002
-6.390000000000e-004,-4.02010e-002
-6.389600000000e-004,-4.02010e-002
-6.389200000000e-004,-4.02010e-002
-6.388800000000e-004,-4.02010e-002
-6.388400000000e-004,-4.02010e-002
-6.388000000000e-004,-4.02010e-002
-6.387600000000e-004, 0.00000e+000
-6.387200000000e-004,-4.02010e-002
-6.386800000000e-004,-4.02010e-002
-6.386400000000e-004,-4.02010e-002
-6.386000000000e-004,-4.02010e-002
-6.385600000000e-004,-4.02010e-002
-6.385200000000e-004,-4.02010e-002
-6.384800000000e-004,-4.02010e-002
-6.384400000000e-004,-4.02010e-002
-6.384000000000e-004,-4.02010e-002
-6.383600000000e-004,-4.02010e-002
-6.383200000000e-004,-4.02010e-002
-6.382800000000e-004,-4.02010e-002
-6.382400000000e-004,-4.02010e-002
-6.382000000000e-004,-4.02010e-002
-6.381600000000e-004,-4.02010e-002
-6.381200000000e-004,-4.02010e-002
-6.380800000000e-004,-4.02010e-002
-6.380400000000e-004,-4.02010e-002
-6.380000000000e-004,-4.02010e-002
-6.379600000000e-004,-8.04020e-002
-6.379200000000e-004,-4.02010e-002
-6.378800000000e-004,-4.02010e-002
-6.378400000000e-004,-4.02010e-002
-6.378000000000e-004,-4.02010e-002
-6.377600000000e-004,-4.02010e-002
-6.377200000000e-004,-4.02010e-002
-6.376800000000e-004,-4.02010e-002
-6.376400000000e-004,-8.04020e-002
-6.376000000000e-004,-4.02010e-002
-6.375600000000e-004,-4.02010e-002
-6.375200000000e-004,-4.02010e-002
-6.374800000000e-004,-4.02010e-002
-6.374400000000e-004,-4.02010e-002
-6.374000000000e-004,-4.02010e-002
-6.373600000000e-004,-4.02010e-002
-6.373200000000e-004,-4.02010e-002
-6.372800000000e-004,-4.02010e-002
-6.372400000000e-004,-4.02010e-002
-6.372000000000e-004,-4.02010e-002
-6.371600000000e-004,-4.02010e-002
-6.371200000000e-004,-4.02010e-002
-6.370800000000e-004,-4.02010e-002
-6.370400000000e-004,-4.02010e-002
-6.370000000000e-004,-4.02010e-002
-6.369600000000e-004,-4.02010e-002
-6.369200000000e-004,-4.02010e-002
-6.368800000000e-004,-4.02010e-002
-6.368400000000e-004,-8.04020e-002
-6.368000000000e-004,-4.02010e-002
-6.367600000000e-004,-4.02010e-002
-6.367200000000e-004,-4.02010e-002
-6.366800000000e-004,-4.02010e-002
-6.366400000000e-004,-4.02010e-002
-6.366000000000e-004,-4.02010e-002
-6.365600000000e-004,-4.02010e-002
-6.365200000000e-004,-4.02010e-002
-6.364800000000e-004,-4.02010e-002
-6.364400000000e-004,-4.02010e-002
-6.364000000000e-004,-4.02010e-002
-6.363600000000e-004,-4.02010e-002
-6.363200000000e-004,-4.02010e-002
-6.362800000000e-004,-4.02010e-002
-6.362400000000e-004,-4.02010e-002
-6.362000000000e-004,-4.02010e-002
-6.361600000000e-004,-4.02010e-002
-6.361200000000e-004,-4.02010e-002
-6.360800000000e-004,-4.02010e-002
-6.360400000000e-004,-4.02010e-002
-6.360000000000e-004,-4.02010e-002
-6.359600000000e-004,-8.04020e-002
-6.359200000000e-004,-4.02010e-002
-6.358800000000e-004,-4.02010e-002
-6.358400000000e-004,-4.02010e-002
-6.358000000000e-004,-4.02010e-002
-6.357600000000e-004,-4.02010e-002
-6.357200000000e-004,-4.02010e-002
-6.356800000000e-004,-4.02010e-002
-6.356400000000e-004,-4.02010e-002
-6.356000000000e-004,-4.02010e-002
-6.355600000000e-004,-4.02010e-002
-6.355200000000e-004,-4.02010e-002
-6.354800000000e-004,-4.02010e-002
-6.354400000000e-004,-4.02010e-002
-6.354000000000e-004,-4.02010e-002
-6.353600000000e-004,-4.02010e-002
-6.353200000000e-004,-4.02010e-002
-6.352800000000e-004,-4.02010e-002
-6.352400000000e-004,-4.02010e-002
-6.352000000000e-004,-4.02010e-002
-6.351600000000e-004,-4.02010e-002
-6.351200000000e-004,-4.02010e-002
-6.350800000000e-004,-4.02010e-002
-6.350400000000e-004,-4.02010e-002
-6.350000000000e-004,-4.02010e-002
-6.349600000000e-004,-4.02010e-002
-6.349200000000e-004,-4.02010e-002
-6.348800000000e-004,-4.02010e-002
-6.348400000000e-004,-4.02010e-002
-6.348000000000e-004,-4.02010e-002
-6.347600000000e-004,-4.02010e-002
-6.347200000000e-004,-4.02010e-002
-6.346800000000e-004,-4.02010e-002
-6.346400000000e-004,-4.02010e-002
-6.346000000000e-004,-4.02010e-002
-6.345600000000e-004,-4.02010e-002
-6.345200000000e-004,-4.02010e-002
-6.344800000000e-004,-4.02010e-002
-6.344400000000e-004,-4.02010e-002
-6.344000000000e-004,-4.02010e-002
-6.343600000000e-004,-4.02010e-002
-6.343200000000e-004,-4.02010e-002
-6.342800000000e-004,-4.02010e-002
-6.342400000000e-004,-4.02010e-002
-6.342000000000e-004,-4.02010e-002
-6.341600000000e-004,-4.02010e-002
-6.341200000000e-004,-4.02010e-002
-6.340800000000e-004,-4.02010e-002
-6.340400000000e-004,-4.02010e-002
-6.340000000000e-004,-4.02010e-002
-6.339600000000e-004,-4.02010e-002
-6.339200000000e-004,-4.02010e-002
-6.338800000000e-004, 0.00000e+000
-6.338400000000e-004,-4.02010e-002
-6.338000000000e-004,-4.02010e-002
-6.337600000000e-004,-4.02010e-002
-6.337200000000e-004,-4.02010e-002
-6.336800000000e-004,-4.02010e-002
-6.336400000000e-004,-4.02010e-002
-6.336000000000e-004,-4.02010e-002
-6.335600000000e-004,-4.02010e-002
-6.335200000000e-004,-4.02010e-002
-6.334800000000e-004,-4.02010e-002
-6.334400000000e-004,-4.02010e-002
-6.334000000000e-004,-4.02010e-002
-6.333600000000e-004,-4.02010e-002
-6.333200000000e-004,-4.02010e-002
-6.332800000000e-004,-4.02010e-002
-6.332400000000e-004,-4.02010e-002
-6.332000000000e-004,-4.02010e-002
-6.331600000000e-004,-4.02010e-002
-6.331200000000e-004,-4.02010e-002
-6.330800000000e-004,-4.02010e-002
-6.330400000000e-004,-4.02010e-002
-6.330000000000e-004,-4.02010e-002
-6.329600000000e-004,-4.02010e-002
-6.329200000000e-004,-4.02010e-002
-6.328800000000e-004,-4.02010e-002
-6.328400000000e-004,-4.02010e-002
-6.328000000000e-004,-4.02010e-002
-6.327600000000e-004,-4.02010e-002
-6.327200000000e-004,-4.02010e-002
-6.326800000000e-004,-4.02010e-002
-6.326400000000e-004,-4.02010e-002
-6.326000000000e-004,-4.02010e-002
-6.325600000000e-004,-4.02010e-002
-6.325200000000e-004,-4.02010e-002
-6.324800000000e-004,-4.02010e-002
-6.324400000000e-004,-4.02010e-002
-6.324000000000e-004,-4.02010e-002
-6.323600000000e-004, 0.00000e+000
-6.323200000000e-004,-4.02010e-002
-6.322800000000e-004,-4.02010e-002
-6.322400000000e-004,-4.02010e-002
-6.322000000000e-004,-4.02010e-002
-6.321600000000e-004,-4.02010e-002
-6.321200000000e-004,-4.02010e-002
-6.320800000000e-004,-8.04020e-002
-6.320400000000e-004,-4.02010e-002
-6.320000000000e-004,-4.02010e-002
-6.319600000000e-004,-4.02010e-002
-6.319200000000e-004,-4.02010e-002
-6.318800000000e-004,-4.02010e-002
-6.318400000000e-004,-4.02010e-002
-6.318000000000e-004,-4.02010e-002
-6.317600000000e-004,-4.02010e-002
-6.317200000000e-004,-4.02010e-002
-6.316800000000e-004,-4.02010e-002
-6.316400000000e-004,-4.02010e-002
-6.316000000000e-004,-4.02010e-002
-6.315600000000e-004,-4.02010e-002
-6.315200000000e-004,-4.02010e-002
-6.314800000000e-004,-4.02010e-002
-6.314400000000e-004,-4.02010e-002
-6.314000000000e-004,-4.02010e-002
-6.313600000000e-004,-8.04020e-002
-6.313200000000e-004,-4.02010e-002
-6.312800000000e-004,-8.04020e-002
-6.312400000000e-004,-4.02010e-002
-6.312000000000e-004,-4.02010e-002
-6.311600000000e-004,-4.02010e-002
-6.311200000000e-004,-4.02010e-002
-6.310800000000e-004,-4.02010e-002
-6.310400000000e-004,-8.04020e-002
-6.310000000000e-004,-4.02010e-002
-6.309600000000e-004,-4.02010e-002
-6.309200000000e-004,-4.02010e-002
-6.308800000000e-004,-4.02010e-002
-6.308400000000e-004,-4.02010e-002
-6.308000000000e-004,-4.02010e-002
-6.307600000000e-004,-4.02010e-002
-6.307200000000e-004, 0.00000e+000
-6.306800000000e-004,-4.02010e-002
-6.306400000000e-004,-4.02010e-002
-6.306000000000e-004,-4.02010e-002
-6.305600000000e-004,-4.02010e-002
-6.305200000000e-004,-4.02010e-002
-6.304800000000e-004,-4.02010e-002
-6.304400000000e-004,-4.02010e-002
-6.304000000000e-004,-4.02010e-002
-6.303600000000e-004,-4.02010e-002
-6.303200000000e-004,-4.02010e-002
-6.302800000000e-004,-4.02010e-002
-6.302400000000e-004,-4.02010e-002
-6.302000000000e-004,-4.02010e-002
-6.301600000000e-004,-4.02010e-002
-6.301200000000e-004,-4.02010e-002
-6.300800000000e-004,-4.02010e-002
-6.300400000000e-004,-4.02010e-002
-6.300000000000e-004,-4.02010e-002
-6.299600000000e-004,-4.02010e-002
-6.299200000000e-004,-4.02010e-002
-6.298800000000e-004,-4.02010e-002
-6.298400000000e-004,-4.02010e-002
-6.298000000000e-004,-4.02010e-002
-6.297600000000e-004,-4.02010e-002
-6.297200000000e-004,-4.02010e-002
-6.296800000000e-004,-4.02010e-002
-6.296400000000e-004,-4.02010e-002
-6.296000000000e-004,-4.02010e-002
-6.295600000000e-004,-4.02010e-002
-6.295200000000e-004,-4.02010e-002
-6.294800000000e-004,-8.04020e-002
-6.294400000000e-004,-4.02010e-002
-6.294000000000e-004,-4.02010e-002
-6.293600000000e-004,-4.02010e-002
-6.293200000000e-004,-4.02010e-002
-6.292800000000e-004,-4.02010e-002
-6.292400000000e-004,-4.02010e-002
-6.292000000000e-004,-4.02010e-002
-6.291600000000e-004,-8.04020e-002
-6.291200000000e-004,-4.02010e-002
-6.290800000000e-004,-4.02010e-002
-6.290400000000e-004,-4.02010e-002
-6.290000000000e-004,-4.02010e-002
-6.289600000000e-004,-4.02010e-002
-6.289200000000e-004,-4.02010e-002
-6.288800000000e-004,-4.02010e-002
-6.288400000000e-004,-4.02010e-002
-6.288000000000e-004,-4.02010e-002
-6.287600000000e-004,-4.02010e-002
-6.287200000000e-004,-4.02010e-002
-6.286800000000e-004,-4.02010e-002
-6.286400000000e-004,-4.02010e-002
-6.286000000000e-004,-4.02010e-002
-6.285600000000e-004,-4.02010e-002
-6.285200000000e-004,-4.02010e-002
-6.284800000000e-004,-4.02010e-002
-6.284400000000e-004,-4.02010e-002
-6.284000000000e-004,-4.02010e-002
-6.283600000000e-004,-4.02010e-002
-6.283200000000e-004,-4.02010e-002
-6.282800000000e-004,-4.02010e-002
-6.282400000000e-004,-4.02010e-002
-6.282000000000e-004,-4.02010e-002
-6.281600000000e-004,-4.02010e-002
-6.281200000000e-004,-4.02010e-002
-6.280800000000e-004,-4.02010e-002
-6.280400000000e-004,-4.02010e-002
-6.280000000000e-004,-4.02010e-002
-6.279600000000e-004,-8.04020e-002
-6.279200000000e-004,-4.02010e-002
-6.278800000000e-004,-4.02010e-002
-6.278400000000e-004,-4.02010e-002
-6.278000000000e-004,-4.02010e-002
-6.277600000000e-004,-8.04020e-002
-6.277200000000e-004,-4.02010e-002
-6.276800000000e-004,-4.02010e-002
-6.276400000000e-004,-4.02010e-002
-6.276000000000e-004,-4.02010e-002
-6.275600000000e-004,-4.02010e-002
-6.275200000000e-004,-4.02010e-002
-6.274800000000e-004,-4.02010e-002
-6.274400000000e-004,-4.02010e-002
-6.274000000000e-004,-4.02010e-002
-6.273600000000e-004,-4.02010e-002
-6.273200000000e-004,-4.02010e-002
-6.272800000000e-004,-4.02010e-002
-6.272400000000e-004,-4.02010e-002
-6.272000000000e-004,-4.02010e-002
-6.271600000000e-004,-4.02010e-002
-6.271200000000e-004,-4.02010e-002
-6.270800000000e-004,-4.02010e-002
-6.270400000000e-004,-4.02010e-002
-6.270000000000e-004,-4.02010e-002
-6.269600000000e-004,-4.02010e-002
-6.269200000000e-004,-4.02010e-002
-6.268800000000e-004,-4.02010e-002
-6.268400000000e-004,-4.02010e-002
-6.268000000000e-004,-4.02010e-002
-6.267600000000e-004,-4.02010e-002
-6.267200000000e-004, 0.00000e+000
-6.266800000000e-004,-4.02010e-002
-6.266400000000e-004,-4.02010e-002
-6.266000000000e-004,-4.02010e-002
-6.265600000000e-004,-4.02010e-002
-6.265200000000e-004,-4.02010e-002
-6.264800000000e-004,-4.02010e-002
-6.264400000000e-004,-4.02010e-002
-6.264000000000e-004,-4.02010e-002
-6.263600000000e-004,-4.02010e-002
-6.263200000000e-004,-4.02010e-002
-6.262800000000e-004,-4.02010e-002
-6.262400000000e-004,-4.02010e-002
-6.262000000000e-004,-4.02010e-002
-6.261600000000e-004,-4.02010e-002
-6.261200000000e-004,-4.02010e-002
-6.260800000000e-004,-4.02010e-002
-6.260400000000e-004, 0.00000e+000
-6.260000000000e-004,-4.02010e-002
-6.259600000000e-004,-4.02010e-002
-6.259200000000e-004,-4.02010e-002
-6.258800000000e-004,-4.02010e-002
-6.258400000000e-004,-4.02010e-002
-6.258000000000e-004,-4.02010e-002
-6.257600000000e-004,-4.02010e-002
-6.257200000000e-004,-4.02010e-002
-6.256800000000e-004,-4.02010e-002
-6.256400000000e-004,-4.02010e-002
-6.256000000000e-004,-4.02010e-002
-6.255600000000e-004,-4.02010e-002
-6.255200000000e-004,-4.02010e-002
-6.254800000000e-004,-4.02010e-002
-6.254400000000e-004,-4.02010e-002
-6.254000000000e-004,-4.02010e-002
-6.253600000000e-004,-4.02010e-002
-6.253200000000e-004,-4.02010e-002
-6.252800000000e-004,-4.02010e-002
-6.252400000000e-004,-4.02010e-002
-6.252000000000e-004,-4.02010e-002
-6.251600000000e-004,-4.02010e-002
-6.251200000000e-004,-4.02010e-002
-6.250800000000e-004,-4.02010e-002
-6.250400000000e-004,-4.02010e-002
-6.250000000000e-004,-4.02010e-002
-6.249600000000e-004,-4.02010e-002
-6.249200000000e-004,-4.02010e-002
-6.248800000000e-004,-4.02010e-002
-6.248400000000e-004,-8.04020e-002
-6.248000000000e-004,-4.02010e-002
-6.247600000000e-004,-4.02010e-002
-6.247200000000e-004,-4.02010e-002
-6.246800000000e-004,-4.02010e-002
-6.246400000000e-004,-4.02010e-002
-6.246000000000e-004,-4.02010e-002
-6.245600000000e-004, 0.00000e+000
-6.245200000000e-004,-4.02010e-002
-6.244800000000e-004,-4.02010e-002
-6.244400000000e-004,-4.02010e-002
-6.244000000000e-004,-4.02010e-002
-6.243600000000e-004,-8.04020e-002
-6.243200000000e-004,-4.02010e-002
-6.242800000000e-004,-4.02010e-002
-6.242400000000e-004,-4.02010e-002
-6.242000000000e-004,-4.02010e-002
-6.241600000000e-004,-4.02010e-002
-6.241200000000e-004,-4.02010e-002
-6.240800000000e-004,-4.02010e-002
-6.240400000000e-004,-4.02010e-002
-6.240000000000e-004,-4.02010e-002
-6.239600000000e-004,-4.02010e-002
-6.239200000000e-004,-4.02010e-002
-6.238800000000e-004,-4.02010e-002
-6.238400000000e-004,-4.02010e-002
-6.238000000000e-004,-4.02010e-002
-6.237600000000e-004,-4.02010e-002
-6.237200000000e-004,-4.02010e-002
-6.236800000000e-004,-4.02010e-002
-6.236400000000e-004,-8.04020e-002
-6.236000000000e-004,-4.02010e-002
-6.235600000000e-004,-4.02010e-002
-6.235200000000e-004,-4.02010e-002
-6.234800000000e-004,-4.02010e-002
-6.234400000000e-004,-4.02010e-002
-6.234000000000e-004,-4.02010e-002
-6.233600000000e-004,-4.02010e-002
-6.233200000000e-004,-4.02010e-002
-6.232800000000e-004,-4.02010e-002
-6.232400000000e-004,-4.02010e-002
-6.232000000000e-004,-8.04020e-002
-6.231600000000e-004,-4.02010e-002
-6.231200000000e-004,-4.02010e-002
-6.230800000000e-004,-4.02010e-002
-6.230400000000e-004,-4.02010e-002
-6.230000000000e-004,-4.02010e-002
-6.229600000000e-004,-4.02010e-002
-6.229200000000e-004,-4.02010e-002
-6.228800000000e-004,-4.02010e-002
-6.228400000000e-004,-4.02010e-002
-6.228000000000e-004,-4.02010e-002
-6.227600000000e-004,-4.02010e-002
-6.227200000000e-004,-4.02010e-002
-6.226800000000e-004,-4.02010e-002
-6.226400000000e-004,-4.02010e-002
-6.226000000000e-004,-4.02010e-002
-6.225600000000e-004,-4.02010e-002
-6.225200000000e-004,-4.02010e-002
-6.224800000000e-004,-4.02010e-002
-6.224400000000e-004,-4.02010e-002
-6.224000000000e-004,-4.02010e-002
-6.223600000000e-004, 0.00000e+000
-6.223200000000e-004,-4.02010e-002
-6.222800000000e-004,-4.02010e-002
-6.222400000000e-004,-4.02010e-002
-6.222000000000e-004,-4.02010e-002
-6.221600000000e-004,-4.02010e-002
-6.221200000000e-004,-4.02010e-002
-6.220800000000e-004,-4.02010e-002
-6.220400000000e-004,-4.02010e-002
-6.220000000000e-004,-4.02010e-002
-6.219600000000e-004,-4.02010e-002
-6.219200000000e-004,-4.02010e-002
-6.218800000000e-004,-4.02010e-002
-6.218400000000e-004,-4.02010e-002
-6.218000000000e-004,-4.02010e-002
-6.217600000000e-004,-4.02010e-002
-6.217200000000e-004,-4.02010e-002
-6.216800000000e-004,-4.02010e-002
-6.216400000000e-004,-4.02010e-002
-6.216000000000e-004,-4.02010e-002
-6.215600000000e-004,-4.02010e-002
-6.215200000000e-004,-4.02010e-002
-6.214800000000e-004,-4.02010e-002
-6.214400000000e-004,-4.02010e-002
-6.214000000000e-004,-4.02010e-002
-6.213600000000e-004,-4.02010e-002
-6.213200000000e-004,-4.02010e-002
-6.212800000000e-004,-4.02010e-002
-6.212400000000e-004,-4.02010e-002
-6.212000000000e-004,-4.02010e-002
-6.211600000000e-004,-4.02010e-002
-6.211200000000e-004,-4.02010e-002
-6.210800000000e-004,-4.02010e-002
-6.210400000000e-004,-4.02010e-002
-6.210000000000e-004,-4.02010e-002
-6.209600000000e-004,-4.02010e-002
-6.209200000000e-004,-4.02010e-002
-6.208800000000e-004,-4.02010e-002
-6.208400000000e-004,-4.02010e-002
-6.208000000000e-004,-8.04020e-002
-6.207600000000e-004,-4.02010e-002
-6.207200000000e-004,-4.02010e-002
-6.206800000000e-004,-4.02010e-002
-6.206400000000e-004,-4.02010e-002
-6.206000000000e-004,-4.02010e-002
-6.205600000000e-004,-4.02010e-002
-6.205200000000e-004,-4.02010e-002
-6.204800000000e-004,-4.02010e-002
-6.204400000000e-004,-8.04020e-002
-6.204000000000e-004,-4.02010e-002
-6.203600000000e-004,-4.02010e-002
-6.203200000000e-004,-4.02010e-002
-6.202800000000e-004,-4.02010e-002
-6.202400000000e-004,-4.02010e-002
-6.202000000000e-004,-4.02010e-002
-6.201600000000e-004,-4.02010e-002
-6.201200000000e-004,-4.02010e-002
-6.200800000000e-004,-4.02010e-002
-6.200400000000e-004,-4.02010e-002
-6.200000000000e-004,-4.02010e-002
-6.199600000000e-004,-4.02010e-002
-6.199200000000e-004,-4.02010e-002
-6.198800000000e-004,-4.02010e-002
-6.198400000000e-004,-4.02010e-002
-6.198000000000e-004,-4.02010e-002
-6.197600000000e-004,-4.02010e-002
-6.197200000000e-004,-4.02010e-002
-6.196800000000e-004,-4.02010e-002
-6.196400000000e-004,-4.02010e-002
-6.196000000000e-004,-4.02010e-002
-6.195600000000e-004,-4.02010e-002
-6.195200000000e-004,-4.02010e-002
-6.194800000000e-004,-4.02010e-002
-6.194400000000e-004,-4.02010e-002
-6.194000000000e-004,-4.02010e-002
-6.193600000000e-004,-4.02010e-002
-6.193200000000e-004,-4.02010e-002
-6.192800000000e-004,-4.02010e-002
-6.192400000000e-004,-4.02010e-002
-6.192000000000e-004,-4.02010e-002
-6.191600000000e-004,-4.02010e-002
-6.191200000000e-004,-4.02010e-002
-6.190800000000e-004,-4.02010e-002
-6.190400000000e-004,-4.02010e-002
-6.190000000000e-004,-4.02010e-002
-6.189600000000e-004,-4.02010e-002
-6.189200000000e-004,-4.02010e-002
-6.188800000000e-004,-4.02010e-002
-6.188400000000e-004,-4.02010e-002
-6.188000000000e-004,-4.02010e-002
-6.187600000000e-004,-4.02010e-002
-6.187200000000e-004,-4.02010e-002
-6.186800000000e-004,-4.02010e-002
-6.186400000000e-004,-4.02010e-002
-6.186000000000e-004,-4.02010e-002
-6.185600000000e-004,-4.02010e-002
-6.185200000000e-004,-4.02010e-002
-6.184800000000e-004,-4.02010e-002
-6.184400000000e-004,-4.02010e-002
-6.184000000000e-004,-4.02010e-002
-6.183600000000e-004,-4.02010e-002
-6.183200000000e-004,-4.02010e-002
-6.182800000000e-004,-4.02010e-002
-6.182400000000e-004,-4.02010e-002
-6.182000000000e-004,-4.02010e-002
-6.181600000000e-004,-4.02010e-002
-6.181200000000e-004, 0.00000e+000
-6.180800000000e-004,-4.02010e-002
-6.180400000000e-004,-4.02010e-002
-6.180000000000e-004,-4.02010e-002
-6.179600000000e-004,-4.02010e-002
-6.179200000000e-004,-4.02010e-002
-6.178800000000e-004,-4.02010e-002
-6.178400000000e-004,-4.02010e-002
-6.178000000000e-004,-4.02010e-002
-6.177600000000e-004,-4.02010e-002
-6.177200000000e-004,-4.02010e-002
-6.176800000000e-004,-4.02010e-002
-6.176400000000e-004,-4.02010e-002
-6.176000000000e-004,-4.02010e-002
-6.175600000000e-004,-4.02010e-002
-6.175200000000e-004,-4.02010e-002
-6.174800000000e-004,-4.02010e-002
-6.174400000000e-004,-4.02010e-002
-6.174000000000e-004,-4.02010e-002
-6.173600000000e-004,-4.02010e-002
-6.173200000000e-004,-4.02010e-002
-6.172800000000e-004,-4.02010e-002
-6.172400000000e-004,-4.02010e-002
-6.172000000000e-004,-4.02010e-002
-6.171600000000e-004,-4.02010e-002
-6.171200000000e-004,-4.02010e-002
-6.170800000000e-004,-4.02010e-002
-6.170400000000e-004,-4.02010e-002
-6.170000000000e-004,-4.02010e-002
-6.169600000000e-004,-4.02010e-002
-6.169200000000e-004,-4.02010e-002
-6.168800000000e-004,-4.02010e-002
-6.168400000000e-004,-4.02010e-002
-6.168000000000e-004,-4.02010e-002
-6.167600000000e-004,-4.02010e-002
-6.167200000000e-004,-4.02010e-002
-6.166800000000e-004,-4.02010e-002
-6.166400000000e-004,-4.02010e-002
-6.166000000000e-004,-4.02010e-002
-6.165600000000e-004,-4.02010e-002
-6.165200000000e-004, 0.00000e+000
-6.164800000000e-004,-4.02010e-002
-6.164400000000e-004,-4.02010e-002
-6.164000000000e-004,-4.02010e-002
-6.163600000000e-004,-4.02010e-002
-6.163200000000e-004,-4.02010e-002
-6.162800000000e-004,-4.02010e-002
-6.162400000000e-004,-4.02010e-002
-6.162000000000e-004,-4.02010e-002
-6.161600000000e-004,-4.02010e-002
-6.161200000000e-004,-4.02010e-002
-6.160800000000e-004,-4.02010e-002
-6.160400000000e-004,-4.02010e-002
-6.160000000000e-004,-4.02010e-002
-6.159600000000e-004,-4.02010e-002
-6.159200000000e-004,-4.02010e-002
-6.158800000000e-004,-8.04020e-002
-6.158400000000e-004,-4.02010e-002
-6.158000000000e-004,-4.02010e-002
-6.157600000000e-004,-4.02010e-002
-6.157200000000e-004,-4.02010e-002
-6.156800000000e-004,-4.02010e-002
-6.156400000000e-004,-4.02010e-002
-6.156000000000e-004,-4.02010e-002
-6.155600000000e-004,-4.02010e-002
-6.155200000000e-004,-4.02010e-002
-6.154800000000e-004,-4.02010e-002
-6.154400000000e-004,-4.02010e-002
-6.154000000000e-004,-4.02010e-002
-6.153600000000e-004,-4.02010e-002
-6.153200000000e-004,-4.02010e-002
-6.152800000000e-004,-4.02010e-002
-6.152400000000e-004,-4.02010e-002
-6.152000000000e-004,-4.02010e-002
-6.151600000000e-004,-4.02010e-002
-6.151200000000e-004,-4.02010e-002
-6.150800000000e-004,-4.02010e-002
-6.150400000000e-004,-4.02010e-002
-6.150000000000e-004,-4.02010e-002
-6.149600000000e-004,-4.02010e-002
-6.149200000000e-004,-4.02010e-002
-6.148800000000e-004,-4.02010e-002
-6.148400000000e-004,-4.02010e-002
-6.148000000000e-004,-4.02010e-002
-6.147600000000e-004,-4.02010e-002
-6.147200000000e-004,-4.02010e-002
-6.146800000000e-004,-4.02010e-002
-6.146400000000e-004,-4.02010e-002
-6.146000000000e-004,-4.02010e-002
-6.145600000000e-004,-4.02010e-002
-6.145200000000e-004,-4.02010e-002
-6.144800000000e-004,-4.02010e-002
-6.144400000000e-004,-4.02010e-002
-6.144000000000e-004,-4.02010e-002
-6.143600000000e-004,-4.02010e-002
-6.143200000000e-004,-4.02010e-002
-6.142800000000e-004,-4.02010e-002
-6.142400000000e-004,-4.02010e-002
-6.142000000000e-004,-4.02010e-002
-6.141600000000e-004,-4.02010e-002
-6.141200000000e-004,-4.02010e-002
-6.140800000000e-004,-4.02010e-002
-6.140400000000e-004, 0.00000e+000
-6.140000000000e-004,-4.02010e-002
-6.139600000000e-004,-4.02010e-002
-6.139200000000e-004,-4.02010e-002
-6.138800000000e-004,-4.02010e-002
-6.138400000000e-004,-4.02010e-002
-6.138000000000e-004,-4.02010e-002
-6.137600000000e-004,-4.02010e-002
-6.137200000000e-004,-4.02010e-002
-6.136800000000e-004,-4.02010e-002
-6.136400000000e-004,-4.02010e-002
-6.136000000000e-004,-4.02010e-002
-6.135600000000e-004,-4.02010e-002
-6.135200000000e-004,-4.02010e-002
-6.134800000000e-004,-4.02010e-002
-6.134400000000e-004,-4.02010e-002
-6.134000000000e-004,-4.02010e-002
-6.133600000000e-004,-4.02010e-002
-6.133200000000e-004,-4.02010e-002
-6.132800000000e-004,-4.02010e-002
-6.132400000000e-004,-4.02010e-002
-6.132000000000e-004,-4.02010e-002
-6.131600000000e-004, 0.00000e+000
-6.131200000000e-004,-4.02010e-002
-6.130800000000e-004,-4.02010e-002
-6.130400000000e-004,-4.02010e-002
-6.130000000000e-004,-4.02010e-002
-6.129600000000e-004,-4.02010e-002
-6.129200000000e-004,-4.02010e-002
-6.128800000000e-004,-4.02010e-002
-6.128400000000e-004,-4.02010e-002
-6.128000000000e-004,-4.02010e-002
-6.127600000000e-004,-4.02010e-002
-6.127200000000e-004,-4.02010e-002
-6.126800000000e-004,-4.02010e-002
-6.126400000000e-004,-4.02010e-002
-6.126000000000e-004,-4.02010e-002
-6.125600000000e-004,-4.02010e-002
-6.125200000000e-004,-4.02010e-002
-6.124800000000e-004,-4.02010e-002
-6.124400000000e-004,-4.02010e-002
-6.124000000000e-004,-4.02010e-002
-6.123600000000e-004,-4.02010e-002
-6.123200000000e-004,-4.02010e-002
-6.122800000000e-004,-4.02010e-002
-6.122400000000e-004,-4.02010e-002
-6.122000000000e-004,-4.02010e-002
-6.121600000000e-004,-4.02010e-002
-6.121200000000e-004,-4.02010e-002
-6.120800000000e-004,-8.04020e-002
-6.120400000000e-004,-4.02010e-002
-6.120000000000e-004,-4.02010e-002
-6.119600000000e-004,-4.02010e-002
-6.119200000000e-004,-4.02010e-002
-6.118800000000e-004,-4.02010e-002
-6.118400000000e-004,-4.02010e-002
-6.118000000000e-004,-4.02010e-002
-6.117600000000e-004,-4.02010e-002
-6.117200000000e-004,-4.02010e-002
-6.116800000000e-004,-4.02010e-002
-6.116400000000e-004,-4.02010e-002
-6.116000000000e-004,-4.02010e-002
-6.115600000000e-004,-4.02010e-002
-6.115200000000e-004,-4.02010e-002
-6.114800000000e-004,-4.02010e-002
-6.114400000000e-004,-8.04020e-002
-6.114000000000e-004,-4.02010e-002
-6.113600000000e-004,-4.02010e-002
-6.113200000000e-004,-4.02010e-002
-6.112800000000e-004,-4.02010e-002
-6.112400000000e-004,-4.02010e-002
-6.112000000000e-004,-4.02010e-002
-6.111600000000e-004,-4.02010e-002
-6.111200000000e-004,-4.02010e-002
-6.110800000000e-004,-4.02010e-002
-6.110400000000e-004,-4.02010e-002
-6.110000000000e-004,-4.02010e-002
-6.109600000000e-004,-4.02010e-002
-6.109200000000e-004,-4.02010e-002
-6.108800000000e-004,-4.02010e-002
-6.108400000000e-004,-4.02010e-002
-6.108000000000e-004,-4.02010e-002
-6.107600000000e-004,-4.02010e-002
-6.107200000000e-004,-4.02010e-002
-6.106800000000e-004,-4.02010e-002
-6.106400000000e-004,-4.02010e-002
-6.106000000000e-004,-4.02010e-002
-6.105600000000e-004,-4.02010e-002
-6.105200000000e-004,-4.02010e-002
-6.104800000000e-004,-4.02010e-002
-6.104400000000e-004,-4.02010e-002
-6.104000000000e-004,-4.02010e-002
-6.103600000000e-004,-4.02010e-002
-6.103200000000e-004,-4.02010e-002
-6.102800000000e-004,-4.02010e-002
-6.102400000000e-004,-4.02010e-002
-6.102000000000e-004,-4.02010e-002
-6.101600000000e-004,-4.02010e-002
-6.101200000000e-004,-4.02010e-002
-6.100800000000e-004,-4.02010e-002
-6.100400000000e-004,-4.02010e-002
-6.100000000000e-004,-4.02010e-002
-6.099600000000e-004,-4.02010e-002
-6.099200000000e-004,-4.02010e-002
-6.098800000000e-004,-4.02010e-002
-6.098400000000e-004,-4.02010e-002
-6.098000000000e-004,-4.02010e-002
-6.097600000000e-004,-4.02010e-002
-6.097200000000e-004,-4.02010e-002
-6.096800000000e-004,-4.02010e-002
-6.096400000000e-004,-4.02010e-002
-6.096000000000e-004,-4.02010e-002
-6.095600000000e-004,-4.02010e-002
-6.095200000000e-004,-4.02010e-002
-6.094800000000e-004,-4.02010e-002
-6.094400000000e-004,-4.02010e-002
-6.094000000000e-004,-4.02010e-002
-6.093600000000e-004,-4.02010e-002
-6.093200000000e-004,-4.02010e-002
-6.092800000000e-004,-4.02010e-002
-6.092400000000e-004,-4.02010e-002
-6.092000000000e-004, 0.00000e+000
-6.091600000000e-004,-4.02010e-002
-6.091200000000e-004,-4.02010e-002
-6.090800000000e-004,-4.02010e-002
-6.090400000000e-004,-4.02010e-002
-6.090000000000e-004,-4.02010e-002
-6.089600000000e-004,-4.02010e-002
-6.089200000000e-004,-4.02010e-002
-6.088800000000e-004,-4.02010e-002
-6.088400000000e-004,-4.02010e-002
-6.088000000000e-004,-4.02010e-002
-6.087600000000e-004,-4.02010e-002
-6.087200000000e-004,-4.02010e-002
-6.086800000000e-004,-4.02010e-002
-6.086400000000e-004,-4.02010e-002
-6.086000000000e-004,-4.02010e-002
-6.085600000000e-004,-4.02010e-002
-6.085200000000e-004,-4.02010e-002
-6.084800000000e-004,-4.02010e-002
-6.084400000000e-004,-4.02010e-002
-6.084000000000e-004,-4.02010e-002
-6.083600000000e-004,-4.02010e-002
-6.083200000000e-004,-4.02010e-002
-6.082800000000e-004,-4.02010e-002
-6.082400000000e-004,-4.02010e-002
-6.082000000000e-004,-4.02010e-002
-6.081600000000e-004,-4.02010e-002
-6.081200000000e-004, 0.00000e+000
-6.080800000000e-004,-4.02010e-002
-6.080400000000e-004,-4.02010e-002
-6.080000000000e-004,-4.02010e-002
-6.079600000000e-004,-4.02010e-002
-6.079200000000e-004,-4.02010e-002
-6.078800000000e-004,-4.02010e-002
-6.078400000000e-004,-4.02010e-002
-6.078000000000e-004,-4.02010e-002
-6.077600000000e-004,-4.02010e-002
-6.077200000000e-004,-4.02010e-002
-6.076800000000e-004,-4.02010e-002
-6.076400000000e-004,-4.02010e-002
-6.076000000000e-004,-4.02010e-002
-6.075600000000e-004,-4.02010e-002
-6.075200000000e-004,-4.02010e-002
-6.074800000000e-004,-4.02010e-002
-6.074400000000e-004,-4.02010e-002
-6.074000000000e-004,-4.02010e-002
-6.073600000000e-004,-4.02010e-002
-6.073200000000e-004,-4.02010e-002
-6.072800000000e-004,-4.02010e-002
-6.072400000000e-004,-4.02010e-002
-6.072000000000e-004,-4.02010e-002
-6.071600000000e-004,-4.02010e-002
-6.071200000000e-004,-4.02010e-002
-6.070800000000e-004,-4.02010e-002
-6.070400000000e-004,-4.02010e-002
-6.070000000000e-004,-4.02010e-002
-6.069600000000e-004,-4.02010e-002
-6.069200000000e-004,-4.02010e-002
-6.068800000000e-004,-4.02010e-002
-6.068400000000e-004,-4.02010e-002
-6.068000000000e-004,-4.02010e-002
-6.067600000000e-004,-4.02010e-002
-6.067200000000e-004,-4.02010e-002
-6.066800000000e-004,-4.02010e-002
-6.066400000000e-004,-4.02010e-002
-6.066000000000e-004,-4.02010e-002
-6.065600000000e-004,-4.02010e-002
-6.065200000000e-004,-4.02010e-002
-6.064800000000e-004,-4.02010e-002
-6.064400000000e-004,-4.02010e-002
-6.064000000000e-004,-4.02010e-002
-6.063600000000e-004,-4.02010e-002
-6.063200000000e-004,-4.02010e-002
-6.062800000000e-004,-4.02010e-002
-6.062400000000e-004,-4.02010e-002
-6.062000000000e-004,-4.02010e-002
-6.061600000000e-004,-4.02010e-002
-6.061200000000e-004,-4.02010e-002
-6.060800000000e-004,-4.02010e-002
-6.060400000000e-004,-4.02010e-002
-6.060000000000e-004,-4.02010e-002
-6.059600000000e-004,-4.02010e-002
-6.059200000000e-004,-4.02010e-002
-6.058800000000e-004,-4.02010e-002
-6.058400000000e-004,-4.02010e-002
-6.058000000000e-004,-4.02010e-002
-6.057600000000e-004,-4.02010e-002
-6.057200000000e-004,-4.02010e-002
-6.056800000000e-004,-4.02010e-002
-6.056400000000e-004,-4.02010e-002
-6.056000000000e-004,-4.02010e-002
-6.055600000000e-004,-4.02010e-002
-6.055200000000e-004,-4.02010e-002
-6.054800000000e-004,-4.02010e-002
-6.054400000000e-004,-4.02010e-002
-6.054000000000e-004,-4.02010e-002
-6.053600000000e-004,-4.02010e-002
-6.053200000000e-004,-4.02010e-002
-6.052800000000e-004,-4.02010e-002
-6.052400000000e-004,-4.02010e-002
-6.052000000000e-004,-4.02010e-002
-6.051600000000e-004,-4.02010e-002
-6.051200000000e-004,-4.02010e-002
-6.050800000000e-004,-4.02010e-002
-6.050400000000e-004,-4.02010e-002
-6.050000000000e-004,-4.02010e-002
-6.049600000000e-004,-4.02010e-002
-6.049200000000e-004,-4.02010e-002
-6.048800000000e-004,-4.02010e-002
-6.048400000000e-004,-4.02010e-002
-6.048000000000e-004,-4.02010e-002
-6.047600000000e-004,-8.04020e-002
-6.047200000000e-004,-4.02010e-002
-6.046800000000e-004,-4.02010e-002
-6.046400000000e-004,-4.02010e-002
-6.046000000000e-004,-4.02010e-002
-6.045600000000e-004,-4.02010e-002
-6.045200000000e-004,-4.02010e-002
-6.044800000000e-004,-4.02010e-002
-6.044400000000e-004,-4.02010e-002
-6.044000000000e-004,-4.02010e-002
-6.043600000000e-004,-4.02010e-002
-6.043200000000e-004,-4.02010e-002
-6.042800000000e-004,-4.02010e-002
-6.042400000000e-004,-4.02010e-002
-6.042000000000e-004,-4.02010e-002
-6.041600000000e-004,-4.02010e-002
-6.041200000000e-004,-4.02010e-002
-6.040800000000e-004,-4.02010e-002
-6.040400000000e-004,-4.02010e-002
-6.040000000000e-004,-4.02010e-002
-6.039600000000e-004,-4.02010e-002
-6.039200000000e-004,-4.02010e-002
-6.038800000000e-004,-4.02010e-002
-6.038400000000e-004,-4.02010e-002
-6.038000000000e-004,-4.02010e-002
-6.037600000000e-004,-4.02010e-002
-6.037200000000e-004,-4.02010e-002
-6.036800000000e-004,-4.02010e-002
-6.036400000000e-004,-4.02010e-002
-6.036000000000e-004,-4.02010e-002
-6.035600000000e-004,-4.02010e-002
-6.035200000000e-004,-4.02010e-002
-6.034800000000e-004,-4.02010e-002
-6.034400000000e-004,-4.02010e-002
-6.034000000000e-004,-4.02010e-002
-6.033600000000e-004,-4.02010e-002
-6.033200000000e-004,-4.02010e-002
-6.032800000000e-004,-4.02010e-002
-6.032400000000e-004,-4.02010e-002
-6.032000000000e-004,-4.02010e-002
-6.031600000000e-004,-4.02010e-002
-6.031200000000e-004,-4.02010e-002
-6.030800000000e-004,-4.02010e-002
-6.030400000000e-004,-4.02010e-002
-6.030000000000e-004,-4.02010e-002
-6.029600000000e-004,-4.02010e-002
-6.029200000000e-004,-4.02010e-002
-6.028800000000e-004,-4.02010e-002
-6.028400000000e-004,-4.02010e-002
-6.028000000000e-004,-4.02010e-002
-6.027600000000e-004,-4.02010e-002
-6.027200000000e-004,-4.02010e-002
-6.026800000000e-004,-4.02010e-002
-6.026400000000e-004,-4.02010e-002
-6.026000000000e-004,-4.02010e-002
-6.025600000000e-004,-4.02010e-002
-6.025200000000e-004,-4.02010e-002
-6.024800000000e-004,-4.02010e-002
-6.024400000000e-004,-4.02010e-002
-6.024000000000e-004,-4.02010e-002
-6.023600000000e-004,-4.02010e-002
-6.023200000000e-004,-4.02010e-002
-6.022800000000e-004,-4.02010e-002
-6.022400000000e-004,-4.02010e-002
-6.022000000000e-004,-4.02010e-002
-6.021600000000e-004,-4.02010e-002
-6.021200000000e-004,-4.02010e-002
-6.020800000000e-004,-4.02010e-002
-6.020400000000e-004,-4.02010e-002
-6.020000000000e-004,-4.02010e-002
-6.019600000000e-004,-4.02010e-002
-6.019200000000e-004,-4.02010e-002
-6.018800000000e-004,-4.02010e-002
-6.018400000000e-004,-4.02010e-002
-6.018000000000e-004,-4.02010e-002
-6.017600000000e-004,-4.02010e-002
-6.017200000000e-004,-4.02010e-002
-6.016800000000e-004,-4.02010e-002
-6.016400000000e-004,-4.02010e-002
-6.016000000000e-004,-4.02010e-002
-6.015600000000e-004,-4.02010e-002
-6.015200000000e-004,-4.02010e-002
-6.014800000000e-004,-4.02010e-002
-6.014400000000e-004,-4.02010e-002
-6.014000000000e-004,-4.02010e-002
-6.013600000000e-004,-4.02010e-002
-6.013200000000e-004,-4.02010e-002
-6.012800000000e-004,-4.02010e-002
-6.012400000000e-004,-4.02010e-002
-6.012000000000e-004,-4.02010e-002
-6.011600000000e-004,-4.02010e-002
-6.011200000000e-004,-4.02010e-002
-6.010800000000e-004,-4.02010e-002
-6.010400000000e-004,-4.02010e-002
-6.010000000000e-004,-4.02010e-002
-6.009600000000e-004,-4.02010e-002
-6.009200000000e-004,-4.02010e-002
-6.008800000000e-004,-4.02010e-002
-6.008400000000e-004,-8.04020e-002
-6.008000000000e-004,-4.02010e-002
-6.007600000000e-004,-4.02010e-002
-6.007200000000e-004,-4.02010e-002
-6.006800000000e-004,-4.02010e-002
-6.006400000000e-004,-4.02010e-002
-6.006000000000e-004,-4.02010e-002
-6.005600000000e-004,-4.02010e-002
-6.005200000000e-004,-4.02010e-002
-6.004800000000e-004,-4.02010e-002
-6.004400000000e-004,-4.02010e-002
-6.004000000000e-004,-4.02010e-002
-6.003600000000e-004, 0.00000e+000
-6.003200000000e-004,-4.02010e-002
-6.002800000000e-004,-4.02010e-002
-6.002400000000e-004,-4.02010e-002
-6.002000000000e-004,-4.02010e-002
-6.001600000000e-004,-4.02010e-002
-6.001200000000e-004,-4.02010e-002
-6.000800000000e-004,-4.02010e-002
-6.000400000000e-004,-4.02010e-002
-6.000000000000e-004,-4.02010e-002
-5.999600000000e-004,-4.02010e-002
-5.999200000000e-004,-4.02010e-002
-5.998800000000e-004,-4.02010e-002
-5.998400000000e-004,-4.02010e-002
-5.998000000000e-004,-4.02010e-002
-5.997600000000e-004,-4.02010e-002
-5.997200000000e-004,-4.02010e-002
-5.996800000000e-004,-4.02010e-002
-5.996400000000e-004,-4.02010e-002
-5.996000000000e-004,-4.02010e-002
-5.995600000000e-004,-4.02010e-002
-5.995200000000e-004,-4.02010e-002
-5.994800000000e-004,-4.02010e-002
-5.994400000000e-004,-4.02010e-002
-5.994000000000e-004,-4.02010e-002
-5.993600000000e-004,-4.02010e-002
-5.993200000000e-004,-4.02010e-002
-5.992800000000e-004,-4.02010e-002
-5.992400000000e-004,-4.02010e-002
-5.992000000000e-004,-4.02010e-002
-5.991600000000e-004,-4.02010e-002
-5.991200000000e-004,-4.02010e-002
-5.990800000000e-004,-4.02010e-002
-5.990400000000e-004,-4.02010e-002
-5.990000000000e-004,-4.02010e-002
-5.989600000000e-004,-4.02010e-002
-5.989200000000e-004,-4.02010e-002
-5.988800000000e-004,-4.02010e-002
-5.988400000000e-004,-4.02010e-002
-5.988000000000e-004,-4.02010e-002
-5.987600000000e-004,-4.02010e-002
-5.987200000000e-004,-4.02010e-002
-5.986800000000e-004,-4.02010e-002
-5.986400000000e-004,-4.02010e-002
-5.986000000000e-004,-4.02010e-002
-5.985600000000e-004,-4.02010e-002
-5.985200000000e-004,-4.02010e-002
-5.984800000000e-004,-4.02010e-002
-5.984400000000e-004,-4.02010e-002
-5.984000000000e-004,-4.02010e-002
-5.983600000000e-004,-4.02010e-002
-5.983200000000e-004,-4.02010e-002
-5.982800000000e-004,-4.02010e-002
-5.982400000000e-004,-4.02010e-002
-5.982000000000e-004,-4.02010e-002
-5.981600000000e-004,-4.02010e-002
-5.981200000000e-004,-4.02010e-002
-5.980800000000e-004,-4.02010e-002
-5.980400000000e-004,-4.02010e-002
-5.980000000000e-004,-4.02010e-002
-5.979600000000e-004, 0.00000e+000
-5.979200000000e-004,-4.02010e-002
-5.978800000000e-004,-4.02010e-002
-5.978400000000e-004,-4.02010e-002
-5.978000000000e-004,-4.02010e-002
-5.977600000000e-004,-4.02010e-002
-5.977200000000e-004, 0.00000e+000
-5.976800000000e-004,-4.02010e-002
-5.976400000000e-004, 0.00000e+000
-5.976000000000e-004,-4.02010e-002
-5.975600000000e-004,-4.02010e-002
-5.975200000000e-004,-4.02010e-002
-5.974800000000e-004,-4.02010e-002
-5.974400000000e-004,-4.02010e-002
-5.974000000000e-004,-4.02010e-002
-5.973600000000e-004,-4.02010e-002
-5.973200000000e-004,-8.04020e-002
-5.972800000000e-004,-4.02010e-002
-5.972400000000e-004,-4.02010e-002
-5.972000000000e-004,-4.02010e-002
-5.971600000000e-004,-4.02010e-002
-5.971200000000e-004,-4.02010e-002
-5.970800000000e-004,-4.02010e-002
-5.970400000000e-004,-4.02010e-002
-5.970000000000e-004,-4.02010e-002
-5.969600000000e-004,-4.02010e-002
-5.969200000000e-004,-4.02010e-002
-5.968800000000e-004,-4.02010e-002
-5.968400000000e-004,-4.02010e-002
-5.968000000000e-004,-4.02010e-002
-5.967600000000e-004,-4.02010e-002
-5.967200000000e-004,-4.02010e-002
-5.966800000000e-004,-4.02010e-002
-5.966400000000e-004,-4.02010e-002
-5.966000000000e-004,-4.02010e-002
-5.965600000000e-004,-4.02010e-002
-5.965200000000e-004,-4.02010e-002
-5.964800000000e-004,-4.02010e-002
-5.964400000000e-004,-4.02010e-002
-5.964000000000e-004,-4.02010e-002
-5.963600000000e-004,-4.02010e-002
-5.963200000000e-004,-4.02010e-002
-5.962800000000e-004,-4.02010e-002
-5.962400000000e-004,-4.02010e-002
-5.962000000000e-004,-4.02010e-002
-5.961600000000e-004,-4.02010e-002
-5.961200000000e-004,-4.02010e-002
-5.960800000000e-004,-4.02010e-002
-5.960400000000e-004,-4.02010e-002
-5.960000000000e-004,-4.02010e-002
-5.959600000000e-004,-4.02010e-002
-5.959200000000e-004,-4.02010e-002
-5.958800000000e-004,-4.02010e-002
-5.958400000000e-004,-4.02010e-002
-5.958000000000e-004,-4.02010e-002
-5.957600000000e-004,-4.02010e-002
-5.957200000000e-004,-4.02010e-002
-5.956800000000e-004,-4.02010e-002
-5.956400000000e-004,-4.02010e-002
-5.956000000000e-004,-4.02010e-002
-5.955600000000e-004,-4.02010e-002
-5.955200000000e-004,-4.02010e-002
-5.954800000000e-004,-4.02010e-002
-5.954400000000e-004,-4.02010e-002
-5.954000000000e-004,-4.02010e-002
-5.953600000000e-004,-4.02010e-002
-5.953200000000e-004,-4.02010e-002
-5.952800000000e-004,-4.02010e-002
-5.952400000000e-004,-4.02010e-002
-5.952000000000e-004,-4.02010e-002
-5.951600000000e-004,-4.02010e-002
-5.951200000000e-004,-4.02010e-002
-5.950800000000e-004,-4.02010e-002
-5.950400000000e-004,-4.02010e-002
-5.950000000000e-004,-4.02010e-002
-5.949600000000e-004, 0.00000e+000
-5.949200000000e-004,-4.02010e-002
-5.948800000000e-004,-4.02010e-002
-5.948400000000e-004,-4.02010e-002
-5.948000000000e-004,-4.02010e-002
-5.947600000000e-004,-4.02010e-002
-5.947200000000e-004,-4.02010e-002
-5.946800000000e-004,-4.02010e-002
-5.946400000000e-004,-4.02010e-002
-5.946000000000e-004,-4.02010e-002
-5.945600000000e-004,-4.02010e-002
-5.945200000000e-004,-4.02010e-002
-5.944800000000e-004,-4.02010e-002
-5.944400000000e-004,-4.02010e-002
-5.944000000000e-004,-4.02010e-002
-5.943600000000e-004,-4.02010e-002
-5.943200000000e-004,-4.02010e-002
-5.942800000000e-004,-4.02010e-002
-5.942400000000e-004,-4.02010e-002
-5.942000000000e-004,-4.02010e-002
-5.941600000000e-004,-4.02010e-002
-5.941200000000e-004,-4.02010e-002
-5.940800000000e-004,-4.02010e-002
-5.940400000000e-004,-4.02010e-002
-5.940000000000e-004,-4.02010e-002
-5.939600000000e-004,-4.02010e-002
-5.939200000000e-004,-4.02010e-002
-5.938800000000e-004,-4.02010e-002
-5.938400000000e-004, 0.00000e+000
-5.938000000000e-004,-4.02010e-002
-5.937600000000e-004,-4.02010e-002
-5.937200000000e-004,-4.02010e-002
-5.936800000000e-004,-4.02010e-002
-5.936400000000e-004,-4.02010e-002
-5.936000000000e-004,-4.02010e-002
-5.935600000000e-004,-4.02010e-002
-5.935200000000e-004,-4.02010e-002
-5.934800000000e-004,-4.02010e-002
-5.934400000000e-004,-4.02010e-002
-5.934000000000e-004,-4.02010e-002
-5.933600000000e-004,-4.02010e-002
-5.933200000000e-004,-4.02010e-002
-5.932800000000e-004,-4.02010e-002
-5.932400000000e-004,-4.02010e-002
-5.932000000000e-004,-4.02010e-002
-5.931600000000e-004,-4.02010e-002
-5.931200000000e-004,-4.02010e-002
-5.930800000000e-004,-4.02010e-002
-5.930400000000e-004,-4.02010e-002
-5.930000000000e-004,-4.02010e-002
-5.929600000000e-004,-4.02010e-002
-5.929200000000e-004,-4.02010e-002
-5.928800000000e-004,-4.02010e-002
-5.928400000000e-004,-4.02010e-002
-5.928000000000e-004,-4.02010e-002
-5.927600000000e-004,-4.02010e-002
-5.927200000000e-004,-4.02010e-002
-5.926800000000e-004,-4.02010e-002
-5.926400000000e-004,-4.02010e-002
-5.926000000000e-004,-4.02010e-002
-5.925600000000e-004,-4.02010e-002
-5.925200000000e-004,-4.02010e-002
-5.924800000000e-004,-4.02010e-002
-5.924400000000e-004,-4.02010e-002
-5.924000000000e-004,-4.02010e-002
-5.923600000000e-004,-4.02010e-002
-5.923200000000e-004,-4.02010e-002
-5.922800000000e-004,-8.04020e-002
-5.922400000000e-004,-4.02010e-002
-5.922000000000e-004,-4.02010e-002
-5.921600000000e-004,-4.02010e-002
-5.921200000000e-004,-4.02010e-002
-5.920800000000e-004,-4.02010e-002
-5.920400000000e-004,-4.02010e-002
-5.920000000000e-004,-4.02010e-002
-5.919600000000e-004,-4.02010e-002
-5.919200000000e-004,-4.02010e-002
-5.918800000000e-004,-4.02010e-002
-5.918400000000e-004,-4.02010e-002
-5.918000000000e-004,-4.02010e-002
-5.917600000000e-004,-4.02010e-002
-5.917200000000e-004,-4.02010e-002
-5.916800000000e-004,-4.02010e-002
-5.916400000000e-004,-4.02010e-002
-5.916000000000e-004,-4.02010e-002
-5.915600000000e-004,-4.02010e-002
-5.915200000000e-004,-4.02010e-002
-5.914800000000e-004,-4.02010e-002
-5.914400000000e-004,-8.04020e-002
-5.914000000000e-004,-4.02010e-002
-5.913600000000e-004,-4.02010e-002
-5.913200000000e-004,-4.02010e-002
-5.912800000000e-004,-4.02010e-002
-5.912400000000e-004,-4.02010e-002
-5.912000000000e-004,-4.02010e-002
-5.911600000000e-004,-4.02010e-002
-5.911200000000e-004,-4.02010e-002
-5.910800000000e-004,-4.02010e-002
-5.910400000000e-004,-4.02010e-002
-5.910000000000e-004,-4.02010e-002
-5.909600000000e-004,-4.02010e-002
-5.909200000000e-004,-4.02010e-002
-5.908800000000e-004,-4.02010e-002
-5.908400000000e-004,-4.02010e-002
-5.908000000000e-004,-4.02010e-002
-5.907600000000e-004,-8.04020e-002
-5.907200000000e-004,-4.02010e-002
-5.906800000000e-004,-4.02010e-002
-5.906400000000e-004,-4.02010e-002
-5.906000000000e-004,-4.02010e-002
-5.905600000000e-004,-4.02010e-002
-5.905200000000e-004,-4.02010e-002
-5.904800000000e-004,-4.02010e-002
-5.904400000000e-004,-4.02010e-002
-5.904000000000e-004,-4.02010e-002
-5.903600000000e-004,-4.02010e-002
-5.903200000000e-004,-4.02010e-002
-5.902800000000e-004,-4.02010e-002
-5.902400000000e-004,-4.02010e-002
-5.902000000000e-004,-4.02010e-002
-5.901600000000e-004,-4.02010e-002
-5.901200000000e-004,-4.02010e-002
-5.900800000000e-004,-4.02010e-002
-5.900400000000e-004,-4.02010e-002
-5.900000000000e-004,-4.02010e-002
-5.899600000000e-004,-4.02010e-002
-5.899200000000e-004,-4.02010e-002
-5.898800000000e-004,-4.02010e-002
-5.898400000000e-004,-4.02010e-002
-5.898000000000e-004,-4.02010e-002
-5.897600000000e-004,-4.02010e-002
-5.897200000000e-004,-4.02010e-002
-5.896800000000e-004,-4.02010e-002
-5.896400000000e-004,-4.02010e-002
-5.896000000000e-004,-4.02010e-002
-5.895600000000e-004,-4.02010e-002
-5.895200000000e-004,-4.02010e-002
-5.894800000000e-004,-4.02010e-002
-5.894400000000e-004,-4.02010e-002
-5.894000000000e-004,-4.02010e-002
-5.893600000000e-004,-4.02010e-002
-5.893200000000e-004,-4.02010e-002
-5.892800000000e-004,-4.02010e-002
-5.892400000000e-004,-4.02010e-002
-5.892000000000e-004,-4.02010e-002
-5.891600000000e-004,-4.02010e-002
-5.891200000000e-004,-4.02010e-002
-5.890800000000e-004,-4.02010e-002
-5.890400000000e-004,-4.02010e-002
-5.890000000000e-004,-4.02010e-002
-5.889600000000e-004,-4.02010e-002
-5.889200000000e-004,-8.04020e-002
-5.888800000000e-004,-4.02010e-002
-5.888400000000e-004,-4.02010e-002
-5.888000000000e-004,-4.02010e-002
-5.887600000000e-004,-4.02010e-002
-5.887200000000e-004,-4.02010e-002
-5.886800000000e-004,-4.02010e-002
-5.886400000000e-004,-4.02010e-002
-5.886000000000e-004,-4.02010e-002
-5.885600000000e-004,-4.02010e-002
-5.885200000000e-004,-4.02010e-002
-5.884800000000e-004,-4.02010e-002
-5.884400000000e-004,-4.02010e-002
-5.884000000000e-004,-4.02010e-002
-5.883600000000e-004,-4.02010e-002
-5.883200000000e-004,-4.02010e-002
-5.882800000000e-004,-4.02010e-002
-5.882400000000e-004,-4.02010e-002
-5.882000000000e-004,-4.02010e-002
-5.881600000000e-004,-4.02010e-002
-5.881200000000e-004,-4.02010e-002
-5.880800000000e-004,-4.02010e-002
-5.880400000000e-004,-4.02010e-002
-5.880000000000e-004,-4.02010e-002
-5.879600000000e-004,-4.02010e-002
-5.879200000000e-004,-4.02010e-002
-5.878800000000e-004,-4.02010e-002
-5.878400000000e-004,-4.02010e-002
-5.878000000000e-004,-4.02010e-002
-5.877600000000e-004,-4.02010e-002
-5.877200000000e-004,-4.02010e-002
-5.876800000000e-004,-4.02010e-002
-5.876400000000e-004,-4.02010e-002
-5.876000000000e-004,-4.02010e-002
-5.875600000000e-004,-8.04020e-002
-5.875200000000e-004,-4.02010e-002
-5.874800000000e-004,-4.02010e-002
-5.874400000000e-004,-4.02010e-002
-5.874000000000e-004,-4.02010e-002
-5.873600000000e-004,-4.02010e-002
-5.873200000000e-004,-4.02010e-002
-5.872800000000e-004,-4.02010e-002
-5.872400000000e-004,-4.02010e-002
-5.872000000000e-004, 0.00000e+000
-5.871600000000e-004,-4.02010e-002
-5.871200000000e-004,-4.02010e-002
-5.870800000000e-004,-4.02010e-002
-5.870400000000e-004,-4.02010e-002
-5.870000000000e-004,-4.02010e-002
-5.869600000000e-004,-4.02010e-002
-5.869200000000e-004,-4.02010e-002
-5.868800000000e-004,-4.02010e-002
-5.868400000000e-004,-4.02010e-002
-5.868000000000e-004,-4.02010e-002
-5.867600000000e-004,-4.02010e-002
-5.867200000000e-004,-4.02010e-002
-5.866800000000e-004,-4.02010e-002
-5.866400000000e-004,-4.02010e-002
-5.866000000000e-004,-4.02010e-002
-5.865600000000e-004,-4.02010e-002
-5.865200000000e-004,-4.02010e-002
-5.864800000000e-004,-4.02010e-002
-5.864400000000e-004,-4.02010e-002
-5.864000000000e-004,-4.02010e-002
-5.863600000000e-004,-4.02010e-002
-5.863200000000e-004,-4.02010e-002
-5.862800000000e-004,-4.02010e-002
-5.862400000000e-004,-4.02010e-002
-5.862000000000e-004,-4.02010e-002
-5.861600000000e-004,-4.02010e-002
-5.861200000000e-004,-4.02010e-002
-5.860800000000e-004,-4.02010e-002
-5.860400000000e-004,-4.02010e-002
-5.860000000000e-004,-4.02010e-002
-5.859600000000e-004,-4.02010e-002
-5.859200000000e-004,-4.02010e-002
-5.858800000000e-004,-4.02010e-002
-5.858400000000e-004,-4.02010e-002
-5.858000000000e-004,-4.02010e-002
-5.857600000000e-004,-4.02010e-002
-5.857200000000e-004,-4.02010e-002
-5.856800000000e-004,-4.02010e-002
-5.856400000000e-004,-4.02010e-002
-5.856000000000e-004,-4.02010e-002
-5.855600000000e-004,-4.02010e-002
-5.855200000000e-004,-4.02010e-002
-5.854800000000e-004,-4.02010e-002
-5.854400000000e-004,-4.02010e-002
-5.854000000000e-004,-8.04020e-002
-5.853600000000e-004,-4.02010e-002
-5.853200000000e-004,-4.02010e-002
-5.852800000000e-004,-4.02010e-002
-5.852400000000e-004,-4.02010e-002
-5.852000000000e-004,-4.02010e-002
-5.851600000000e-004,-4.02010e-002
-5.851200000000e-004,-4.02010e-002
-5.850800000000e-004,-4.02010e-002
-5.850400000000e-004,-4.02010e-002
-5.850000000000e-004,-4.02010e-002
-5.849600000000e-004,-4.02010e-002
-5.849200000000e-004,-4.02010e-002
-5.848800000000e-004,-4.02010e-002
-5.848400000000e-004,-4.02010e-002
-5.848000000000e-004,-4.02010e-002
-5.847600000000e-004,-8.04020e-002
-5.847200000000e-004,-4.02010e-002
-5.846800000000e-004,-4.02010e-002
-5.846400000000e-004,-4.02010e-002
-5.846000000000e-004,-4.02010e-002
-5.845600000000e-004,-4.02010e-002
-5.845200000000e-004,-4.02010e-002
-5.844800000000e-004,-4.02010e-002
-5.844400000000e-004,-4.02010e-002
-5.844000000000e-004,-4.02010e-002
-5.843600000000e-004,-8.04020e-002
-5.843200000000e-004,-4.02010e-002
-5.842800000000e-004,-4.02010e-002
-5.842400000000e-004,-4.02010e-002
-5.842000000000e-004,-4.02010e-002
-5.841600000000e-004,-4.02010e-002
-5.841200000000e-004,-4.02010e-002
-5.840800000000e-004,-4.02010e-002
-5.840400000000e-004,-4.02010e-002
-5.840000000000e-004,-4.02010e-002
-5.839600000000e-004,-4.02010e-002
-5.839200000000e-004,-4.02010e-002
-5.838800000000e-004,-4.02010e-002
-5.838400000000e-004,-4.02010e-002
-5.838000000000e-004, 0.00000e+000
-5.837600000000e-004,-4.02010e-002
-5.837200000000e-004,-4.02010e-002
-5.836800000000e-004,-4.02010e-002
-5.836400000000e-004,-4.02010e-002
-5.836000000000e-004,-4.02010e-002
-5.835600000000e-004,-4.02010e-002
-5.835200000000e-004,-4.02010e-002
-5.834800000000e-004,-4.02010e-002
-5.834400000000e-004,-4.02010e-002
-5.834000000000e-004,-4.02010e-002
-5.833600000000e-004,-4.02010e-002
-5.833200000000e-004,-4.02010e-002
-5.832800000000e-004,-4.02010e-002
-5.832400000000e-004,-4.02010e-002
-5.832000000000e-004,-4.02010e-002
-5.831600000000e-004,-4.02010e-002
-5.831200000000e-004,-4.02010e-002
-5.830800000000e-004,-4.02010e-002
-5.830400000000e-004,-4.02010e-002
-5.830000000000e-004,-4.02010e-002
-5.829600000000e-004,-8.04020e-002
-5.829200000000e-004,-4.02010e-002
-5.828800000000e-004,-4.02010e-002
-5.828400000000e-004, 0.00000e+000
-5.828000000000e-004,-4.02010e-002
-5.827600000000e-004,-4.02010e-002
-5.827200000000e-004,-4.02010e-002
-5.826800000000e-004,-4.02010e-002
-5.826400000000e-004,-4.02010e-002
-5.826000000000e-004,-4.02010e-002
-5.825600000000e-004,-4.02010e-002
-5.825200000000e-004,-4.02010e-002
-5.824800000000e-004,-4.02010e-002
-5.824400000000e-004,-4.02010e-002
-5.824000000000e-004,-4.02010e-002
-5.823600000000e-004,-4.02010e-002
-5.823200000000e-004,-4.02010e-002
-5.822800000000e-004,-4.02010e-002
-5.822400000000e-004,-4.02010e-002
-5.822000000000e-004,-4.02010e-002
-5.821600000000e-004,-4.02010e-002
-5.821200000000e-004,-4.02010e-002
-5.820800000000e-004,-4.02010e-002
-5.820400000000e-004,-4.02010e-002
-5.820000000000e-004,-4.02010e-002
-5.819600000000e-004,-4.02010e-002
-5.819200000000e-004,-4.02010e-002
-5.818800000000e-004,-4.02010e-002
-5.818400000000e-004,-4.02010e-002
-5.818000000000e-004,-4.02010e-002
-5.817600000000e-004,-4.02010e-002
-5.817200000000e-004,-8.04020e-002
-5.816800000000e-004,-4.02010e-002
-5.816400000000e-004,-4.02010e-002
-5.816000000000e-004,-4.02010e-002
-5.815600000000e-004,-4.02010e-002
-5.815200000000e-004,-4.02010e-002
-5.814800000000e-004,-4.02010e-002
-5.814400000000e-004,-4.02010e-002
-5.814000000000e-004,-4.02010e-002
-5.813600000000e-004,-4.02010e-002
-5.813200000000e-004,-4.02010e-002
-5.812800000000e-004,-4.02010e-002
-5.812400000000e-004,-4.02010e-002
-5.812000000000e-004,-4.02010e-002
-5.811600000000e-004,-4.02010e-002
-5.811200000000e-004,-4.02010e-002
-5.810800000000e-004,-4.02010e-002
-5.810400000000e-004,-4.02010e-002
-5.810000000000e-004,-4.02010e-002
-5.809600000000e-004,-4.02010e-002
-5.809200000000e-004,-4.02010e-002
-5.808800000000e-004,-4.02010e-002
-5.808400000000e-004,-4.02010e-002
-5.808000000000e-004,-4.02010e-002
-5.807600000000e-004,-4.02010e-002
-5.807200000000e-004,-4.02010e-002
-5.806800000000e-004,-4.02010e-002
-5.806400000000e-004,-4.02010e-002
-5.806000000000e-004,-4.02010e-002
-5.805600000000e-004,-4.02010e-002
-5.805200000000e-004, 0.00000e+000
-5.804800000000e-004,-4.02010e-002
-5.804400000000e-004,-4.02010e-002
-5.804000000000e-004,-4.02010e-002
-5.803600000000e-004,-4.02010e-002
-5.803200000000e-004,-4.02010e-002
-5.802800000000e-004,-4.02010e-002
-5.802400000000e-004,-4.02010e-002
-5.802000000000e-004,-4.02010e-002
-5.801600000000e-004,-4.02010e-002
-5.801200000000e-004,-4.02010e-002
-5.800800000000e-004,-4.02010e-002
-5.800400000000e-004,-4.02010e-002
-5.800000000000e-004,-4.02010e-002
-5.799600000000e-004,-4.02010e-002
-5.799200000000e-004,-4.02010e-002
-5.798800000000e-004,-4.02010e-002
-5.798400000000e-004,-4.02010e-002
-5.798000000000e-004,-4.02010e-002
-5.797600000000e-004,-4.02010e-002
-5.797200000000e-004,-4.02010e-002
-5.796800000000e-004,-4.02010e-002
-5.796400000000e-004,-4.02010e-002
-5.796000000000e-004,-4.02010e-002
-5.795600000000e-004,-8.04020e-002
-5.795200000000e-004,-4.02010e-002
-5.794800000000e-004,-4.02010e-002
-5.794400000000e-004,-4.02010e-002
-5.794000000000e-004,-4.02010e-002
-5.793600000000e-004,-8.04020e-002
-5.793200000000e-004,-4.02010e-002
-5.792800000000e-004,-4.02010e-002
-5.792400000000e-004,-4.02010e-002
-5.792000000000e-004,-4.02010e-002
-5.791600000000e-004,-4.02010e-002
-5.791200000000e-004,-4.02010e-002
-5.790800000000e-004,-4.02010e-002
-5.790400000000e-004,-4.02010e-002
-5.790000000000e-004,-4.02010e-002
-5.789600000000e-004, 0.00000e+000
-5.789200000000e-004,-4.02010e-002
-5.788800000000e-004,-4.02010e-002
-5.788400000000e-004,-4.02010e-002
-5.788000000000e-004,-4.02010e-002
-5.787600000000e-004,-4.02010e-002
-5.787200000000e-004,-4.02010e-002
-5.786800000000e-004,-4.02010e-002
-5.786400000000e-004, 0.00000e+000
-5.786000000000e-004,-4.02010e-002
-5.785600000000e-004,-4.02010e-002
-5.785200000000e-004,-4.02010e-002
-5.784800000000e-004,-4.02010e-002
-5.784400000000e-004,-4.02010e-002
-5.784000000000e-004,-4.02010e-002
-5.783600000000e-004,-4.02010e-002
-5.783200000000e-004,-4.02010e-002
-5.782800000000e-004,-4.02010e-002
-5.782400000000e-004,-4.02010e-002
-5.782000000000e-004,-4.02010e-002
-5.781600000000e-004,-4.02010e-002
-5.781200000000e-004,-4.02010e-002
-5.780800000000e-004,-4.02010e-002
-5.780400000000e-004,-4.02010e-002
-5.780000000000e-004,-4.02010e-002
-5.779600000000e-004,-4.02010e-002
-5.779200000000e-004,-4.02010e-002
-5.778800000000e-004,-4.02010e-002
-5.778400000000e-004,-4.02010e-002
-5.778000000000e-004,-4.02010e-002
-5.777600000000e-004,-4.02010e-002
-5.777200000000e-004,-4.02010e-002
-5.776800000000e-004,-4.02010e-002
-5.776400000000e-004, 0.00000e+000
-5.776000000000e-004,-4.02010e-002
-5.775600000000e-004,-4.02010e-002
-5.775200000000e-004,-4.02010e-002
-5.774800000000e-004,-4.02010e-002
-5.774400000000e-004,-4.02010e-002
-5.774000000000e-004,-4.02010e-002
-5.773600000000e-004,-4.02010e-002
-5.773200000000e-004,-4.02010e-002
-5.772800000000e-004,-4.02010e-002
-5.772400000000e-004,-4.02010e-002
-5.772000000000e-004,-4.02010e-002
-5.771600000000e-004,-4.02010e-002
-5.771200000000e-004,-4.02010e-002
-5.770800000000e-004,-4.02010e-002
-5.770400000000e-004,-4.02010e-002
-5.770000000000e-004,-4.02010e-002
-5.769600000000e-004,-4.02010e-002
-5.769200000000e-004,-4.02010e-002
-5.768800000000e-004,-4.02010e-002
-5.768400000000e-004,-4.02010e-002
-5.768000000000e-004,-4.02010e-002
-5.767600000000e-004,-4.02010e-002
-5.767200000000e-004,-4.02010e-002
-5.766800000000e-004,-4.02010e-002
-5.766400000000e-004,-4.02010e-002
-5.766000000000e-004,-4.02010e-002
-5.765600000000e-004,-4.02010e-002
-5.765200000000e-004,-4.02010e-002
-5.764800000000e-004,-4.02010e-002
-5.764400000000e-004,-4.02010e-002
-5.764000000000e-004,-4.02010e-002
-5.763600000000e-004,-4.02010e-002
-5.763200000000e-004,-4.02010e-002
-5.762800000000e-004,-4.02010e-002
-5.762400000000e-004,-4.02010e-002
-5.762000000000e-004,-4.02010e-002
-5.761600000000e-004,-4.02010e-002
-5.761200000000e-004,-4.02010e-002
-5.760800000000e-004,-4.02010e-002
-5.760400000000e-004,-4.02010e-002
-5.760000000000e-004,-4.02010e-002
-5.759600000000e-004,-4.02010e-002
-5.759200000000e-004,-4.02010e-002
-5.758800000000e-004,-4.02010e-002
-5.758400000000e-004,-4.02010e-002
-5.758000000000e-004,-4.02010e-002
-5.757600000000e-004,-4.02010e-002
-5.757200000000e-004,-4.02010e-002
-5.756800000000e-004,-4.02010e-002
-5.756400000000e-004,-4.02010e-002
-5.756000000000e-004,-4.02010e-002
-5.755600000000e-004,-4.02010e-002
-5.755200000000e-004,-4.02010e-002
-5.754800000000e-004,-4.02010e-002
-5.754400000000e-004,-4.02010e-002
-5.754000000000e-004,-4.02010e-002
-5.753600000000e-004,-4.02010e-002
-5.753200000000e-004,-4.02010e-002
-5.752800000000e-004,-4.02010e-002
-5.752400000000e-004,-4.02010e-002
-5.752000000000e-004,-4.02010e-002
-5.751600000000e-004,-4.02010e-002
-5.751200000000e-004,-4.02010e-002
-5.750800000000e-004,-4.02010e-002
-5.750400000000e-004,-4.02010e-002
-5.750000000000e-004,-4.02010e-002
-5.749600000000e-004,-4.02010e-002
-5.749200000000e-004,-4.02010e-002
-5.748800000000e-004,-4.02010e-002
-5.748400000000e-004,-4.02010e-002
-5.748000000000e-004,-4.02010e-002
-5.747600000000e-004,-4.02010e-002
-5.747200000000e-004,-4.02010e-002
-5.746800000000e-004,-4.02010e-002
-5.746400000000e-004,-4.02010e-002
-5.746000000000e-004,-4.02010e-002
-5.745600000000e-004,-4.02010e-002
-5.745200000000e-004,-4.02010e-002
-5.744800000000e-004,-4.02010e-002
-5.744400000000e-004,-4.02010e-002
-5.744000000000e-004,-4.02010e-002
-5.743600000000e-004,-4.02010e-002
-5.743200000000e-004,-4.02010e-002
-5.742800000000e-004,-4.02010e-002
-5.742400000000e-004,-4.02010e-002
-5.742000000000e-004,-4.02010e-002
-5.741600000000e-004,-4.02010e-002
-5.741200000000e-004,-4.02010e-002
-5.740800000000e-004,-4.02010e-002
-5.740400000000e-004, 0.00000e+000
-5.740000000000e-004,-4.02010e-002
-5.739600000000e-004,-4.02010e-002
-5.739200000000e-004,-4.02010e-002
-5.738800000000e-004,-4.02010e-002
-5.738400000000e-004,-4.02010e-002
-5.738000000000e-004,-4.02010e-002
-5.737600000000e-004,-4.02010e-002
-5.737200000000e-004,-4.02010e-002
-5.736800000000e-004,-4.02010e-002
-5.736400000000e-004,-4.02010e-002
-5.736000000000e-004,-4.02010e-002
-5.735600000000e-004,-4.02010e-002
-5.735200000000e-004,-4.02010e-002
-5.734800000000e-004,-4.02010e-002
-5.734400000000e-004,-4.02010e-002
-5.734000000000e-004,-4.02010e-002
-5.733600000000e-004,-4.02010e-002
-5.733200000000e-004,-4.02010e-002
-5.732800000000e-004,-8.04020e-002
-5.732400000000e-004,-4.02010e-002
-5.732000000000e-004,-4.02010e-002
-5.731600000000e-004,-4.02010e-002
-5.731200000000e-004,-4.02010e-002
-5.730800000000e-004,-4.02010e-002
-5.730400000000e-004,-4.02010e-002
-5.730000000000e-004,-4.02010e-002
-5.729600000000e-004,-4.02010e-002
-5.729200000000e-004,-4.02010e-002
-5.728800000000e-004,-4.02010e-002
-5.728400000000e-004,-4.02010e-002
-5.728000000000e-004,-4.02010e-002
-5.727600000000e-004,-4.02010e-002
-5.727200000000e-004,-4.02010e-002
-5.726800000000e-004,-4.02010e-002
-5.726400000000e-004,-4.02010e-002
-5.726000000000e-004,-4.02010e-002
-5.725600000000e-004,-4.02010e-002
-5.725200000000e-004,-4.02010e-002
-5.724800000000e-004,-4.02010e-002
-5.724400000000e-004,-4.02010e-002
-5.724000000000e-004,-4.02010e-002
-5.723600000000e-004,-4.02010e-002
-5.723200000000e-004,-4.02010e-002
-5.722800000000e-004,-4.02010e-002
-5.722400000000e-004,-4.02010e-002
-5.722000000000e-004,-4.02010e-002
-5.721600000000e-004,-4.02010e-002
-5.721200000000e-004,-4.02010e-002
-5.720800000000e-004,-4.02010e-002
-5.720400000000e-004,-4.02010e-002
-5.720000000000e-004,-4.02010e-002
-5.719600000000e-004,-4.02010e-002
-5.719200000000e-004,-8.04020e-002
-5.718800000000e-004,-4.02010e-002
-5.718400000000e-004,-4.02010e-002
-5.718000000000e-004,-4.02010e-002
-5.717600000000e-004,-4.02010e-002
-5.717200000000e-004,-4.02010e-002
-5.716800000000e-004,-4.02010e-002
-5.716400000000e-004,-4.02010e-002
-5.716000000000e-004,-4.02010e-002
-5.715600000000e-004,-4.02010e-002
-5.715200000000e-004,-4.02010e-002
-5.714800000000e-004,-4.02010e-002
-5.714400000000e-004,-4.02010e-002
-5.714000000000e-004,-4.02010e-002
-5.713600000000e-004,-4.02010e-002
-5.713200000000e-004,-4.02010e-002
-5.712800000000e-004,-4.02010e-002
-5.712400000000e-004,-4.02010e-002
-5.712000000000e-004,-4.02010e-002
-5.711600000000e-004, 0.00000e+000
-5.711200000000e-004,-4.02010e-002
-5.710800000000e-004,-4.02010e-002
-5.710400000000e-004,-4.02010e-002
-5.710000000000e-004,-4.02010e-002
-5.709600000000e-004,-4.02010e-002
-5.709200000000e-004,-4.02010e-002
-5.708800000000e-004,-4.02010e-002
-5.708400000000e-004,-8.04020e-002
-5.708000000000e-004,-4.02010e-002
-5.707600000000e-004,-4.02010e-002
-5.707200000000e-004,-4.02010e-002
-5.706800000000e-004,-4.02010e-002
-5.706400000000e-004,-4.02010e-002
-5.706000000000e-004,-4.02010e-002
-5.705600000000e-004,-4.02010e-002
-5.705200000000e-004,-4.02010e-002
-5.704800000000e-004,-4.02010e-002
-5.704400000000e-004,-4.02010e-002
-5.704000000000e-004,-4.02010e-002
-5.703600000000e-004,-4.02010e-002
-5.703200000000e-004,-4.02010e-002
-5.702800000000e-004,-4.02010e-002
-5.702400000000e-004,-4.02010e-002
-5.702000000000e-004, 0.00000e+000
-5.701600000000e-004,-4.02010e-002
-5.701200000000e-004,-4.02010e-002
-5.700800000000e-004,-4.02010e-002
-5.700400000000e-004,-4.02010e-002
-5.700000000000e-004,-4.02010e-002
-5.699600000000e-004,-4.02010e-002
-5.699200000000e-004,-4.02010e-002
-5.698800000000e-004,-4.02010e-002
-5.698400000000e-004,-4.02010e-002
-5.698000000000e-004,-4.02010e-002
-5.697600000000e-004,-4.02010e-002
-5.697200000000e-004,-4.02010e-002
-5.696800000000e-004,-4.02010e-002
-5.696400000000e-004,-4.02010e-002
-5.696000000000e-004,-4.02010e-002
-5.695600000000e-004,-4.02010e-002
-5.695200000000e-004,-4.02010e-002
-5.694800000000e-004,-4.02010e-002
-5.694400000000e-004,-4.02010e-002
-5.694000000000e-004,-4.02010e-002
-5.693600000000e-004,-4.02010e-002
-5.693200000000e-004,-4.02010e-002
-5.692800000000e-004,-4.02010e-002
-5.692400000000e-004,-4.02010e-002
-5.692000000000e-004,-4.02010e-002
-5.691600000000e-004,-4.02010e-002
-5.691200000000e-004,-4.02010e-002
-5.690800000000e-004,-4.02010e-002
-5.690400000000e-004,-4.02010e-002
-5.690000000000e-004,-4.02010e-002
-5.689600000000e-004,-4.02010e-002
-5.689200000000e-004,-4.02010e-002
-5.688800000000e-004,-4.02010e-002
-5.688400000000e-004, 0.00000e+000
-5.688000000000e-004,-4.02010e-002
-5.687600000000e-004,-4.02010e-002
-5.687200000000e-004,-8.04020e-002
-5.686800000000e-004,-4.02010e-002
-5.686400000000e-004,-4.02010e-002
-5.686000000000e-004,-4.02010e-002
-5.685600000000e-004,-4.02010e-002
-5.685200000000e-004,-4.02010e-002
-5.684800000000e-004,-4.02010e-002
-5.684400000000e-004,-4.02010e-002
-5.684000000000e-004,-4.02010e-002
-5.683600000000e-004,-4.02010e-002
-5.683200000000e-004,-4.02010e-002
-5.682800000000e-004,-4.02010e-002
-5.682400000000e-004,-4.02010e-002
-5.682000000000e-004,-4.02010e-002
-5.681600000000e-004,-4.02010e-002
-5.681200000000e-004,-4.02010e-002
-5.680800000000e-004,-4.02010e-002
-5.680400000000e-004,-4.02010e-002
-5.680000000000e-004,-4.02010e-002
-5.679600000000e-004,-8.04020e-002
-5.679200000000e-004,-4.02010e-002
-5.678800000000e-004,-4.02010e-002
-5.678400000000e-004,-4.02010e-002
-5.678000000000e-004,-4.02010e-002
-5.677600000000e-004,-4.02010e-002
-5.677200000000e-004,-4.02010e-002
-5.676800000000e-004,-4.02010e-002
-5.676400000000e-004,-4.02010e-002
-5.676000000000e-004,-4.02010e-002
-5.675600000000e-004,-4.02010e-002
-5.675200000000e-004,-8.04020e-002
-5.674800000000e-004,-4.02010e-002
-5.674400000000e-004,-4.02010e-002
-5.674000000000e-004,-4.02010e-002
-5.673600000000e-004,-4.02010e-002
-5.673200000000e-004,-4.02010e-002
-5.672800000000e-004,-4.02010e-002
-5.672400000000e-004,-8.04020e-002
-5.672000000000e-004,-4.02010e-002
-5.671600000000e-004,-4.02010e-002
-5.671200000000e-004,-4.02010e-002
-5.670800000000e-004,-4.02010e-002
-5.670400000000e-004,-4.02010e-002
-5.670000000000e-004,-4.02010e-002
-5.669600000000e-004,-4.02010e-002
-5.669200000000e-004,-4.02010e-002
-5.668800000000e-004,-4.02010e-002
-5.668400000000e-004,-4.02010e-002
-5.668000000000e-004,-4.02010e-002
-5.667600000000e-004,-4.02010e-002
-5.667200000000e-004,-4.02010e-002
-5.666800000000e-004,-4.02010e-002
-5.666400000000e-004,-4.02010e-002
-5.666000000000e-004,-4.02010e-002
-5.665600000000e-004,-4.02010e-002
-5.665200000000e-004,-4.02010e-002
-5.664800000000e-004,-4.02010e-002
-5.664400000000e-004,-4.02010e-002
-5.664000000000e-004,-4.02010e-002
-5.663600000000e-004,-4.02010e-002
-5.663200000000e-004,-4.02010e-002
-5.662800000000e-004,-4.02010e-002
-5.662400000000e-004,-4.02010e-002
-5.662000000000e-004,-4.02010e-002
-5.661600000000e-004,-4.02010e-002
-5.661200000000e-004,-4.02010e-002
-5.660800000000e-004,-4.02010e-002
-5.660400000000e-004,-4.02010e-002
-5.660000000000e-004,-4.02010e-002
-5.659600000000e-004,-4.02010e-002
-5.659200000000e-004,-4.02010e-002
-5.658800000000e-004,-4.02010e-002
-5.658400000000e-004,-4.02010e-002
-5.658000000000e-004,-4.02010e-002
-5.657600000000e-004,-4.02010e-002
-5.657200000000e-004,-4.02010e-002
-5.656800000000e-004,-4.02010e-002
-5.656400000000e-004,-4.02010e-002
-5.656000000000e-004,-4.02010e-002
-5.655600000000e-004,-4.02010e-002
-5.655200000000e-004,-4.02010e-002
-5.654800000000e-004,-4.02010e-002
-5.654400000000e-004,-4.02010e-002
-5.654000000000e-004,-8.04020e-002
-5.653600000000e-004,-4.02010e-002
-5.653200000000e-004,-4.02010e-002
-5.652800000000e-004,-4.02010e-002
-5.652400000000e-004,-4.02010e-002
-5.652000000000e-004,-4.02010e-002
-5.651600000000e-004,-4.02010e-002
-5.651200000000e-004,-4.02010e-002
-5.650800000000e-004,-8.04020e-002
-5.650400000000e-004,-4.02010e-002
-5.650000000000e-004,-4.02010e-002
-5.649600000000e-004,-4.02010e-002
-5.649200000000e-004,-4.02010e-002
-5.648800000000e-004,-4.02010e-002
-5.648400000000e-004,-4.02010e-002
-5.648000000000e-004,-4.02010e-002
-5.647600000000e-004,-8.04020e-002
-5.647200000000e-004,-4.02010e-002
-5.646800000000e-004,-4.02010e-002
-5.646400000000e-004,-4.02010e-002
-5.646000000000e-004,-4.02010e-002
-5.645600000000e-004,-4.02010e-002
-5.645200000000e-004,-4.02010e-002
-5.644800000000e-004,-4.02010e-002
-5.644400000000e-004,-4.02010e-002
-5.644000000000e-004,-4.02010e-002
-5.643600000000e-004,-4.02010e-002
-5.643200000000e-004,-4.02010e-002
-5.642800000000e-004,-4.02010e-002
-5.642400000000e-004,-4.02010e-002
-5.642000000000e-004,-4.02010e-002
-5.641600000000e-004,-4.02010e-002
-5.641200000000e-004,-4.02010e-002
-5.640800000000e-004,-4.02010e-002
-5.640400000000e-004,-8.04020e-002
-5.640000000000e-004,-4.02010e-002
-5.639600000000e-004,-4.02010e-002
-5.639200000000e-004,-4.02010e-002
-5.638800000000e-004,-4.02010e-002
-5.638400000000e-004,-4.02010e-002
-5.638000000000e-004,-4.02010e-002
-5.637600000000e-004,-4.02010e-002
-5.637200000000e-004,-4.02010e-002
-5.636800000000e-004,-4.02010e-002
-5.636400000000e-004,-4.02010e-002
-5.636000000000e-004,-4.02010e-002
-5.635600000000e-004,-4.02010e-002
-5.635200000000e-004,-4.02010e-002
-5.634800000000e-004,-4.02010e-002
-5.634400000000e-004,-4.02010e-002
-5.634000000000e-004,-4.02010e-002
-5.633600000000e-004,-4.02010e-002
-5.633200000000e-004,-4.02010e-002
-5.632800000000e-004,-4.02010e-002
-5.632400000000e-004,-4.02010e-002
-5.632000000000e-004,-4.02010e-002
-5.631600000000e-004,-4.02010e-002
-5.631200000000e-004,-4.02010e-002
-5.630800000000e-004,-4.02010e-002
-5.630400000000e-004,-4.02010e-002
-5.630000000000e-004,-4.02010e-002
-5.629600000000e-004,-4.02010e-002
-5.629200000000e-004,-4.02010e-002
-5.628800000000e-004,-4.02010e-002
-5.628400000000e-004,-4.02010e-002
-5.628000000000e-004,-4.02010e-002
-5.627600000000e-004,-4.02010e-002
-5.627200000000e-004,-4.02010e-002
-5.626800000000e-004,-4.02010e-002
-5.626400000000e-004,-4.02010e-002
-5.626000000000e-004,-4.02010e-002
-5.625600000000e-004,-8.04020e-002
-5.625200000000e-004,-4.02010e-002
-5.624800000000e-004,-4.02010e-002
-5.624400000000e-004,-4.02010e-002
-5.624000000000e-004,-4.02010e-002
-5.623600000000e-004,-4.02010e-002
-5.623200000000e-004,-4.02010e-002
-5.622800000000e-004,-4.02010e-002
-5.622400000000e-004,-4.02010e-002
-5.622000000000e-004,-4.02010e-002
-5.621600000000e-004,-4.02010e-002
-5.621200000000e-004,-4.02010e-002
-5.620800000000e-004,-4.02010e-002
-5.620400000000e-004,-4.02010e-002
-5.620000000000e-004,-4.02010e-002
-5.619600000000e-004,-4.02010e-002
-5.619200000000e-004,-4.02010e-002
-5.618800000000e-004,-4.02010e-002
-5.618400000000e-004,-4.02010e-002
-5.618000000000e-004,-4.02010e-002
-5.617600000000e-004,-4.02010e-002
-5.617200000000e-004,-4.02010e-002
-5.616800000000e-004,-4.02010e-002
-5.616400000000e-004,-4.02010e-002
-5.616000000000e-004,-4.02010e-002
-5.615600000000e-004,-4.02010e-002
-5.615200000000e-004,-4.02010e-002
-5.614800000000e-004,-4.02010e-002
-5.614400000000e-004,-4.02010e-002
-5.614000000000e-004,-4.02010e-002
-5.613600000000e-004,-4.02010e-002
-5.613200000000e-004,-4.02010e-002
-5.612800000000e-004,-4.02010e-002
-5.612400000000e-004,-4.02010e-002
-5.612000000000e-004,-4.02010e-002
-5.611600000000e-004,-4.02010e-002
-5.611200000000e-004,-4.02010e-002
-5.610800000000e-004,-4.02010e-002
-5.610400000000e-004,-4.02010e-002
-5.610000000000e-004,-8.04020e-002
-5.609600000000e-004,-4.02010e-002
-5.609200000000e-004, 0.00000e+000
-5.608800000000e-004,-4.02010e-002
-5.608400000000e-004,-4.02010e-002
-5.608000000000e-004,-4.02010e-002
-5.607600000000e-004,-4.02010e-002
-5.607200000000e-004,-4.02010e-002
-5.606800000000e-004,-4.02010e-002
-5.606400000000e-004,-4.02010e-002
-5.606000000000e-004,-4.02010e-002
-5.605600000000e-004,-4.02010e-002
-5.605200000000e-004,-4.02010e-002
-5.604800000000e-004,-4.02010e-002
-5.604400000000e-004,-4.02010e-002
-5.604000000000e-004,-4.02010e-002
-5.603600000000e-004,-4.02010e-002
-5.603200000000e-004,-4.02010e-002
-5.602800000000e-004,-4.02010e-002
-5.602400000000e-004,-4.02010e-002
-5.602000000000e-004,-4.02010e-002
-5.601600000000e-004,-8.04020e-002
-5.601200000000e-004,-4.02010e-002
-5.600800000000e-004,-4.02010e-002
-5.600400000000e-004,-4.02010e-002
-5.600000000000e-004,-4.02010e-002
-5.599600000000e-004,-4.02010e-002
-5.599200000000e-004,-4.02010e-002
-5.598800000000e-004,-4.02010e-002
-5.598400000000e-004,-4.02010e-002
-5.598000000000e-004,-4.02010e-002
-5.597600000000e-004,-4.02010e-002
-5.597200000000e-004,-4.02010e-002
-5.596800000000e-004,-4.02010e-002
-5.596400000000e-004,-4.02010e-002
-5.596000000000e-004,-4.02010e-002
-5.595600000000e-004,-4.02010e-002
-5.595200000000e-004,-4.02010e-002
-5.594800000000e-004,-4.02010e-002
-5.594400000000e-004,-4.02010e-002
-5.594000000000e-004,-4.02010e-002
-5.593600000000e-004,-4.02010e-002
-5.593200000000e-004,-4.02010e-002
-5.592800000000e-004,-4.02010e-002
-5.592400000000e-004,-4.02010e-002
-5.592000000000e-004,-4.02010e-002
-5.591600000000e-004,-4.02010e-002
-5.591200000000e-004,-4.02010e-002
-5.590800000000e-004,-4.02010e-002
-5.590400000000e-004, 0.00000e+000
-5.590000000000e-004,-4.02010e-002
-5.589600000000e-004,-4.02010e-002
-5.589200000000e-004,-4.02010e-002
-5.588800000000e-004,-4.02010e-002
-5.588400000000e-004,-4.02010e-002
-5.588000000000e-004,-4.02010e-002
-5.587600000000e-004,-8.04020e-002
-5.587200000000e-004,-4.02010e-002
-5.586800000000e-004,-4.02010e-002
-5.586400000000e-004,-8.04020e-002
-5.586000000000e-004,-4.02010e-002
-5.585600000000e-004,-4.02010e-002
-5.585200000000e-004,-4.02010e-002
-5.584800000000e-004,-4.02010e-002
-5.584400000000e-004,-4.02010e-002
-5.584000000000e-004,-4.02010e-002
-5.583600000000e-004,-4.02010e-002
-5.583200000000e-004,-4.02010e-002
-5.582800000000e-004,-4.02010e-002
-5.582400000000e-004,-4.02010e-002
-5.582000000000e-004,-4.02010e-002
-5.581600000000e-004,-4.02010e-002
-5.581200000000e-004,-4.02010e-002
-5.580800000000e-004,-4.02010e-002
-5.580400000000e-004,-4.02010e-002
-5.580000000000e-004,-4.02010e-002
-5.579600000000e-004,-4.02010e-002
-5.579200000000e-004,-4.02010e-002
-5.578800000000e-004,-4.02010e-002
-5.578400000000e-004,-4.02010e-002
-5.578000000000e-004,-4.02010e-002
-5.577600000000e-004,-4.02010e-002
-5.577200000000e-004,-4.02010e-002
-5.576800000000e-004,-4.02010e-002
-5.576400000000e-004,-4.02010e-002
-5.576000000000e-004,-4.02010e-002
-5.575600000000e-004,-4.02010e-002
-5.575200000000e-004,-4.02010e-002
-5.574800000000e-004,-4.02010e-002
-5.574400000000e-004,-4.02010e-002
-5.574000000000e-004,-4.02010e-002
-5.573600000000e-004,-4.02010e-002
-5.573200000000e-004,-4.02010e-002
-5.572800000000e-004,-4.02010e-002
-5.572400000000e-004,-4.02010e-002
-5.572000000000e-004,-4.02010e-002
-5.571600000000e-004,-4.02010e-002
-5.571200000000e-004,-4.02010e-002
-5.570800000000e-004,-4.02010e-002
-5.570400000000e-004,-4.02010e-002
-5.570000000000e-004,-4.02010e-002
-5.569600000000e-004,-4.02010e-002
-5.569200000000e-004,-4.02010e-002
-5.568800000000e-004,-4.02010e-002
-5.568400000000e-004,-4.02010e-002
-5.568000000000e-004,-4.02010e-002
-5.567600000000e-004,-4.02010e-002
-5.567200000000e-004,-4.02010e-002
-5.566800000000e-004,-4.02010e-002
-5.566400000000e-004,-4.02010e-002
-5.566000000000e-004,-4.02010e-002
-5.565600000000e-004,-4.02010e-002
-5.565200000000e-004,-4.02010e-002
-5.564800000000e-004,-4.02010e-002
-5.564400000000e-004,-4.02010e-002
-5.564000000000e-004,-4.02010e-002
-5.563600000000e-004,-4.02010e-002
-5.563200000000e-004,-4.02010e-002
-5.562800000000e-004,-4.02010e-002
-5.562400000000e-004,-4.02010e-002
-5.562000000000e-004,-4.02010e-002
-5.561600000000e-004,-4.02010e-002
-5.561200000000e-004,-4.02010e-002
-5.560800000000e-004,-4.02010e-002
-5.560400000000e-004,-4.02010e-002
-5.560000000000e-004,-4.02010e-002
-5.559600000000e-004,-4.02010e-002
-5.559200000000e-004,-4.02010e-002
-5.558800000000e-004,-4.02010e-002
-5.558400000000e-004,-4.02010e-002
-5.558000000000e-004,-8.04020e-002
-5.557600000000e-004,-4.02010e-002
-5.557200000000e-004,-4.02010e-002
-5.556800000000e-004,-4.02010e-002
-5.556400000000e-004,-4.02010e-002
-5.556000000000e-004,-4.02010e-002
-5.555600000000e-004,-4.02010e-002
-5.555200000000e-004,-4.02010e-002
-5.554800000000e-004,-4.02010e-002
-5.554400000000e-004,-4.02010e-002
-5.554000000000e-004,-4.02010e-002
-5.553600000000e-004,-4.02010e-002
-5.553200000000e-004,-4.02010e-002
-5.552800000000e-004,-4.02010e-002
-5.552400000000e-004,-4.02010e-002
-5.552000000000e-004,-4.02010e-002
-5.551600000000e-004,-4.02010e-002
-5.551200000000e-004,-4.02010e-002
-5.550800000000e-004,-4.02010e-002
-5.550400000000e-004,-4.02010e-002
-5.550000000000e-004,-4.02010e-002
-5.549600000000e-004,-4.02010e-002
-5.549200000000e-004,-4.02010e-002
-5.548800000000e-004,-4.02010e-002
-5.548400000000e-004,-4.02010e-002
-5.548000000000e-004,-4.02010e-002
-5.547600000000e-004,-4.02010e-002
-5.547200000000e-004,-4.02010e-002
-5.546800000000e-004,-4.02010e-002
-5.546400000000e-004,-4.02010e-002
-5.546000000000e-004,-4.02010e-002
-5.545600000000e-004,-4.02010e-002
-5.545200000000e-004,-4.02010e-002
-5.544800000000e-004,-4.02010e-002
-5.544400000000e-004,-4.02010e-002
-5.544000000000e-004,-4.02010e-002
-5.543600000000e-004,-4.02010e-002
-5.543200000000e-004,-4.02010e-002
-5.542800000000e-004,-4.02010e-002
-5.542400000000e-004,-4.02010e-002
-5.542000000000e-004,-4.02010e-002
-5.541600000000e-004,-4.02010e-002
-5.541200000000e-004,-4.02010e-002
-5.540800000000e-004,-4.02010e-002
-5.540400000000e-004,-4.02010e-002
-5.540000000000e-004,-4.02010e-002
-5.539600000000e-004,-4.02010e-002
-5.539200000000e-004,-4.02010e-002
-5.538800000000e-004,-4.02010e-002
-5.538400000000e-004,-4.02010e-002
-5.538000000000e-004,-4.02010e-002
-5.537600000000e-004,-4.02010e-002
-5.537200000000e-004,-4.02010e-002
-5.536800000000e-004,-4.02010e-002
-5.536400000000e-004,-4.02010e-002
-5.536000000000e-004,-4.02010e-002
-5.535600000000e-004,-4.02010e-002
-5.535200000000e-004,-4.02010e-002
-5.534800000000e-004,-4.02010e-002
-5.534400000000e-004,-4.02010e-002
-5.534000000000e-004,-4.02010e-002
-5.533600000000e-004,-4.02010e-002
-5.533200000000e-004,-4.02010e-002
-5.532800000000e-004,-4.02010e-002
-5.532400000000e-004,-4.02010e-002
-5.532000000000e-004,-4.02010e-002
-5.531600000000e-004,-4.02010e-002
-5.531200000000e-004,-4.02010e-002
-5.530800000000e-004,-4.02010e-002
-5.530400000000e-004,-4.02010e-002
-5.530000000000e-004,-4.02010e-002
-5.529600000000e-004,-4.02010e-002
-5.529200000000e-004,-4.02010e-002
-5.528800000000e-004,-4.02010e-002
-5.528400000000e-004,-4.02010e-002
-5.528000000000e-004,-4.02010e-002
-5.527600000000e-004,-4.02010e-002
-5.527200000000e-004,-4.02010e-002
-5.526800000000e-004,-4.02010e-002
-5.526400000000e-004,-4.02010e-002
-5.526000000000e-004,-4.02010e-002
-5.525600000000e-004,-4.02010e-002
-5.525200000000e-004,-4.02010e-002
-5.524800000000e-004,-4.02010e-002
-5.524400000000e-004,-4.02010e-002
-5.524000000000e-004,-4.02010e-002
-5.523600000000e-004,-4.02010e-002
-5.523200000000e-004,-4.02010e-002
-5.522800000000e-004,-4.02010e-002
-5.522400000000e-004,-4.02010e-002
-5.522000000000e-004,-4.02010e-002
-5.521600000000e-004,-4.02010e-002
-5.521200000000e-004,-4.02010e-002
-5.520800000000e-004,-4.02010e-002
-5.520400000000e-004,-4.02010e-002
-5.520000000000e-004,-4.02010e-002
-5.519600000000e-004,-4.02010e-002
-5.519200000000e-004, 0.00000e+000
-5.518800000000e-004,-4.02010e-002
-5.518400000000e-004,-4.02010e-002
-5.518000000000e-004,-4.02010e-002
-5.517600000000e-004,-4.02010e-002
-5.517200000000e-004,-4.02010e-002
-5.516800000000e-004,-4.02010e-002
-5.516400000000e-004,-4.02010e-002
-5.516000000000e-004,-4.02010e-002
-5.515600000000e-004,-4.02010e-002
-5.515200000000e-004,-4.02010e-002
-5.514800000000e-004,-4.02010e-002
-5.514400000000e-004,-4.02010e-002
-5.514000000000e-004,-4.02010e-002
-5.513600000000e-004,-4.02010e-002
-5.513200000000e-004,-4.02010e-002
-5.512800000000e-004,-4.02010e-002
-5.512400000000e-004,-8.04020e-002
-5.512000000000e-004,-4.02010e-002
-5.511600000000e-004,-4.02010e-002
-5.511200000000e-004,-4.02010e-002
-5.510800000000e-004,-4.02010e-002
-5.510400000000e-004,-4.02010e-002
-5.510000000000e-004,-4.02010e-002
-5.509600000000e-004,-4.02010e-002
-5.509200000000e-004,-4.02010e-002
-5.508800000000e-004,-4.02010e-002
-5.508400000000e-004,-4.02010e-002
-5.508000000000e-004,-4.02010e-002
-5.507600000000e-004,-4.02010e-002
-5.507200000000e-004,-4.02010e-002
-5.506800000000e-004,-4.02010e-002
-5.506400000000e-004,-4.02010e-002
-5.506000000000e-004,-4.02010e-002
-5.505600000000e-004,-4.02010e-002
-5.505200000000e-004,-4.02010e-002
-5.504800000000e-004,-4.02010e-002
-5.504400000000e-004,-4.02010e-002
-5.504000000000e-004,-4.02010e-002
-5.503600000000e-004,-4.02010e-002
-5.503200000000e-004, 0.00000e+000
-5.502800000000e-004,-4.02010e-002
-5.502400000000e-004,-4.02010e-002
-5.502000000000e-004,-4.02010e-002
-5.501600000000e-004,-8.04020e-002
-5.501200000000e-004,-4.02010e-002
-5.500800000000e-004,-4.02010e-002
-5.500400000000e-004,-4.02010e-002
-5.500000000000e-004,-4.02010e-002
-5.499600000000e-004,-4.02010e-002
-5.499200000000e-004,-4.02010e-002
-5.498800000000e-004,-4.02010e-002
-5.498400000000e-004,-4.02010e-002
-5.498000000000e-004,-4.02010e-002
-5.497600000000e-004,-4.02010e-002
-5.497200000000e-004,-4.02010e-002
-5.496800000000e-004,-4.02010e-002
-5.496400000000e-004,-4.02010e-002
-5.496000000000e-004,-4.02010e-002
-5.495600000000e-004,-4.02010e-002
-5.495200000000e-004,-4.02010e-002
-5.494800000000e-004, 0.00000e+000
-5.494400000000e-004,-4.02010e-002
-5.494000000000e-004,-4.02010e-002
-5.493600000000e-004,-4.02010e-002
-5.493200000000e-004,-4.02010e-002
-5.492800000000e-004,-4.02010e-002
-5.492400000000e-004,-4.02010e-002
-5.492000000000e-004,-4.02010e-002
-5.491600000000e-004,-4.02010e-002
-5.491200000000e-004,-4.02010e-002
-5.490800000000e-004,-4.02010e-002
-5.490400000000e-004,-4.02010e-002
-5.490000000000e-004,-4.02010e-002
-5.489600000000e-004,-4.02010e-002
-5.489200000000e-004,-4.02010e-002
-5.488800000000e-004,-4.02010e-002
-5.488400000000e-004,-4.02010e-002
-5.488000000000e-004,-4.02010e-002
-5.487600000000e-004,-4.02010e-002
-5.487200000000e-004,-4.02010e-002
-5.486800000000e-004,-4.02010e-002
-5.486400000000e-004,-4.02010e-002
-5.486000000000e-004,-4.02010e-002
-5.485600000000e-004,-4.02010e-002
-5.485200000000e-004,-4.02010e-002
-5.484800000000e-004,-4.02010e-002
-5.484400000000e-004,-4.02010e-002
-5.484000000000e-004,-4.02010e-002
-5.483600000000e-004,-4.02010e-002
-5.483200000000e-004,-4.02010e-002
-5.482800000000e-004,-4.02010e-002
-5.482400000000e-004,-4.02010e-002
-5.482000000000e-004,-4.02010e-002
-5.481600000000e-004,-4.02010e-002
-5.481200000000e-004,-4.02010e-002
-5.480800000000e-004, 0.00000e+000
-5.480400000000e-004,-4.02010e-002
-5.480000000000e-004,-4.02010e-002
-5.479600000000e-004,-4.02010e-002
-5.479200000000e-004,-4.02010e-002
-5.478800000000e-004,-4.02010e-002
-5.478400000000e-004,-4.02010e-002
-5.478000000000e-004,-4.02010e-002
-5.477600000000e-004,-4.02010e-002
-5.477200000000e-004,-4.02010e-002
-5.476800000000e-004,-4.02010e-002
-5.476400000000e-004,-4.02010e-002
-5.476000000000e-004,-4.02010e-002
-5.475600000000e-004,-4.02010e-002
-5.475200000000e-004,-4.02010e-002
-5.474800000000e-004,-4.02010e-002
-5.474400000000e-004,-4.02010e-002
-5.474000000000e-004,-4.02010e-002
-5.473600000000e-004,-4.02010e-002
-5.473200000000e-004,-4.02010e-002
-5.472800000000e-004,-4.02010e-002
-5.472400000000e-004,-4.02010e-002
-5.472000000000e-004,-4.02010e-002
-5.471600000000e-004,-4.02010e-002
-5.471200000000e-004,-4.02010e-002
-5.470800000000e-004,-4.02010e-002
-5.470400000000e-004,-4.02010e-002
-5.470000000000e-004,-4.02010e-002
-5.469600000000e-004,-4.02010e-002
-5.469200000000e-004,-4.02010e-002
-5.468800000000e-004,-4.02010e-002
-5.468400000000e-004,-4.02010e-002
-5.468000000000e-004,-4.02010e-002
-5.467600000000e-004,-4.02010e-002
-5.467200000000e-004,-4.02010e-002
-5.466800000000e-004,-4.02010e-002
-5.466400000000e-004,-4.02010e-002
-5.466000000000e-004,-4.02010e-002
-5.465600000000e-004,-4.02010e-002
-5.465200000000e-004,-4.02010e-002
-5.464800000000e-004, 0.00000e+000
-5.464400000000e-004,-8.04020e-002
-5.464000000000e-004,-4.02010e-002
-5.463600000000e-004,-4.02010e-002
-5.463200000000e-004,-4.02010e-002
-5.462800000000e-004,-4.02010e-002
-5.462400000000e-004,-4.02010e-002
-5.462000000000e-004,-4.02010e-002
-5.461600000000e-004,-4.02010e-002
-5.461200000000e-004,-4.02010e-002
-5.460800000000e-004,-4.02010e-002
-5.460400000000e-004,-4.02010e-002
-5.460000000000e-004,-4.02010e-002
-5.459600000000e-004,-4.02010e-002
-5.459200000000e-004,-4.02010e-002
-5.458800000000e-004,-4.02010e-002
-5.458400000000e-004,-4.02010e-002
-5.458000000000e-004,-4.02010e-002
-5.457600000000e-004,-4.02010e-002
-5.457200000000e-004,-4.02010e-002
-5.456800000000e-004,-4.02010e-002
-5.456400000000e-004,-4.02010e-002
-5.456000000000e-004,-4.02010e-002
-5.455600000000e-004,-4.02010e-002
-5.455200000000e-004,-4.02010e-002
-5.454800000000e-004,-4.02010e-002
-5.454400000000e-004,-4.02010e-002
-5.454000000000e-004,-4.02010e-002
-5.453600000000e-004,-4.02010e-002
-5.453200000000e-004,-4.02010e-002
-5.452800000000e-004,-4.02010e-002
-5.452400000000e-004,-4.02010e-002
-5.452000000000e-004,-4.02010e-002
-5.451600000000e-004,-4.02010e-002
-5.451200000000e-004,-4.02010e-002
-5.450800000000e-004,-4.02010e-002
-5.450400000000e-004,-4.02010e-002
-5.450000000000e-004,-4.02010e-002
-5.449600000000e-004,-4.02010e-002
-5.449200000000e-004,-4.02010e-002
-5.448800000000e-004,-8.04020e-002
-5.448400000000e-004,-4.02010e-002
-5.448000000000e-004,-4.02010e-002
-5.447600000000e-004,-4.02010e-002
-5.447200000000e-004,-4.02010e-002
-5.446800000000e-004,-4.02010e-002
-5.446400000000e-004,-4.02010e-002
-5.446000000000e-004,-4.02010e-002
-5.445600000000e-004,-4.02010e-002
-5.445200000000e-004,-4.02010e-002
-5.444800000000e-004,-4.02010e-002
-5.444400000000e-004,-4.02010e-002
-5.444000000000e-004,-4.02010e-002
-5.443600000000e-004,-4.02010e-002
-5.443200000000e-004,-4.02010e-002
-5.442800000000e-004,-4.02010e-002
-5.442400000000e-004,-4.02010e-002
-5.442000000000e-004,-4.02010e-002
-5.441600000000e-004,-4.02010e-002
-5.441200000000e-004,-4.02010e-002
-5.440800000000e-004,-4.02010e-002
-5.440400000000e-004,-4.02010e-002
-5.440000000000e-004,-4.02010e-002
-5.439600000000e-004,-4.02010e-002
-5.439200000000e-004,-8.04020e-002
-5.438800000000e-004,-4.02010e-002
-5.438400000000e-004,-4.02010e-002
-5.438000000000e-004,-4.02010e-002
-5.437600000000e-004,-4.02010e-002
-5.437200000000e-004,-4.02010e-002
-5.436800000000e-004,-4.02010e-002
-5.436400000000e-004,-4.02010e-002
-5.436000000000e-004,-4.02010e-002
-5.435600000000e-004,-4.02010e-002
-5.435200000000e-004,-4.02010e-002
-5.434800000000e-004,-8.04020e-002
-5.434400000000e-004,-4.02010e-002
-5.434000000000e-004,-4.02010e-002
-5.433600000000e-004,-4.02010e-002
-5.433200000000e-004,-4.02010e-002
-5.432800000000e-004,-4.02010e-002
-5.432400000000e-004,-4.02010e-002
-5.432000000000e-004,-4.02010e-002
-5.431600000000e-004,-4.02010e-002
-5.431200000000e-004,-4.02010e-002
-5.430800000000e-004,-4.02010e-002
-5.430400000000e-004,-4.02010e-002
-5.430000000000e-004,-4.02010e-002
-5.429600000000e-004,-4.02010e-002
-5.429200000000e-004,-4.02010e-002
-5.428800000000e-004,-4.02010e-002
-5.428400000000e-004,-4.02010e-002
-5.428000000000e-004, 0.00000e+000
-5.427600000000e-004,-4.02010e-002
-5.427200000000e-004,-4.02010e-002
-5.426800000000e-004,-4.02010e-002
-5.426400000000e-004,-4.02010e-002
-5.426000000000e-004,-4.02010e-002
-5.425600000000e-004,-4.02010e-002
-5.425200000000e-004,-4.02010e-002
-5.424800000000e-004,-4.02010e-002
-5.424400000000e-004,-4.02010e-002
-5.424000000000e-004,-4.02010e-002
-5.423600000000e-004,-4.02010e-002
-5.423200000000e-004,-4.02010e-002
-5.422800000000e-004,-4.02010e-002
-5.422400000000e-004,-4.02010e-002
-5.422000000000e-004,-4.02010e-002
-5.421600000000e-004,-4.02010e-002
-5.421200000000e-004,-4.02010e-002
-5.420800000000e-004,-4.02010e-002
-5.420400000000e-004,-4.02010e-002
-5.420000000000e-004,-4.02010e-002
-5.419600000000e-004,-4.02010e-002
-5.419200000000e-004,-4.02010e-002
-5.418800000000e-004,-4.02010e-002
-5.418400000000e-004,-4.02010e-002
-5.418000000000e-004,-4.02010e-002
-5.417600000000e-004,-4.02010e-002
-5.417200000000e-004,-4.02010e-002
-5.416800000000e-004,-4.02010e-002
-5.416400000000e-004,-4.02010e-002
-5.416000000000e-004,-4.02010e-002
-5.415600000000e-004,-4.02010e-002
-5.415200000000e-004,-4.02010e-002
-5.414800000000e-004,-4.02010e-002
-5.414400000000e-004,-4.02010e-002
-5.414000000000e-004,-8.04020e-002
-5.413600000000e-004,-4.02010e-002
-5.413200000000e-004,-4.02010e-002
-5.412800000000e-004,-4.02010e-002
-5.412400000000e-004,-4.02010e-002
-5.412000000000e-004,-4.02010e-002
-5.411600000000e-004,-4.02010e-002
-5.411200000000e-004,-4.02010e-002
-5.410800000000e-004,-4.02010e-002
-5.410400000000e-004,-4.02010e-002
-5.410000000000e-004,-4.02010e-002
-5.409600000000e-004,-4.02010e-002
-5.409200000000e-004,-4.02010e-002
-5.408800000000e-004,-4.02010e-002
-5.408400000000e-004,-4.02010e-002
-5.408000000000e-004,-4.02010e-002
-5.407600000000e-004,-4.02010e-002
-5.407200000000e-004,-4.02010e-002
-5.406800000000e-004,-4.02010e-002
-5.406400000000e-004,-4.02010e-002
-5.406000000000e-004,-4.02010e-002
-5.405600000000e-004,-4.02010e-002
-5.405200000000e-004,-4.02010e-002
-5.404800000000e-004,-4.02010e-002
-5.404400000000e-004, 0.00000e+000
-5.404000000000e-004,-4.02010e-002
-5.403600000000e-004,-4.02010e-002
-5.403200000000e-004,-4.02010e-002
-5.402800000000e-004,-4.02010e-002
-5.402400000000e-004,-4.02010e-002
-5.402000000000e-004,-4.02010e-002
-5.401600000000e-004,-4.02010e-002
-5.401200000000e-004,-4.02010e-002
-5.400800000000e-004,-4.02010e-002
-5.400400000000e-004,-4.02010e-002
-5.400000000000e-004,-4.02010e-002
-5.399600000000e-004,-4.02010e-002
-5.399200000000e-004,-8.04020e-002
-5.398800000000e-004,-4.02010e-002
-5.398400000000e-004,-4.02010e-002
-5.398000000000e-004,-4.02010e-002
-5.397600000000e-004,-4.02010e-002
-5.397200000000e-004,-4.02010e-002
-5.396800000000e-004,-4.02010e-002
-5.396400000000e-004,-4.02010e-002
-5.396000000000e-004,-4.02010e-002
-5.395600000000e-004,-4.02010e-002
-5.395200000000e-004,-4.02010e-002
-5.394800000000e-004,-4.02010e-002
-5.394400000000e-004,-4.02010e-002
-5.394000000000e-004,-8.04020e-002
-5.393600000000e-004,-4.02010e-002
-5.393200000000e-004,-4.02010e-002
-5.392800000000e-004,-4.02010e-002
-5.392400000000e-004,-4.02010e-002
-5.392000000000e-004,-4.02010e-002
-5.391600000000e-004,-4.02010e-002
-5.391200000000e-004,-4.02010e-002
-5.390800000000e-004,-4.02010e-002
-5.390400000000e-004,-8.04020e-002
-5.390000000000e-004,-8.04020e-002
-5.389600000000e-004,-4.02010e-002
-5.389200000000e-004,-4.02010e-002
-5.388800000000e-004,-4.02010e-002
-5.388400000000e-004,-4.02010e-002
-5.388000000000e-004,-4.02010e-002
-5.387600000000e-004,-4.02010e-002
-5.387200000000e-004,-4.02010e-002
-5.386800000000e-004,-4.02010e-002
-5.386400000000e-004,-4.02010e-002
-5.386000000000e-004,-4.02010e-002
-5.385600000000e-004,-4.02010e-002
-5.385200000000e-004,-4.02010e-002
-5.384800000000e-004,-4.02010e-002
-5.384400000000e-004,-4.02010e-002
-5.384000000000e-004,-4.02010e-002
-5.383600000000e-004,-4.02010e-002
-5.383200000000e-004,-4.02010e-002
-5.382800000000e-004,-4.02010e-002
-5.382400000000e-004,-4.02010e-002
-5.382000000000e-004,-4.02010e-002
-5.381600000000e-004,-4.02010e-002
-5.381200000000e-004,-4.02010e-002
-5.380800000000e-004,-4.02010e-002
-5.380400000000e-004,-4.02010e-002
-5.380000000000e-004,-4.02010e-002
-5.379600000000e-004,-4.02010e-002
-5.379200000000e-004,-4.02010e-002
-5.378800000000e-004,-4.02010e-002
-5.378400000000e-004,-4.02010e-002
-5.378000000000e-004,-4.02010e-002
-5.377600000000e-004,-4.02010e-002
-5.377200000000e-004,-4.02010e-002
-5.376800000000e-004,-4.02010e-002
-5.376400000000e-004,-4.02010e-002
-5.376000000000e-004,-4.02010e-002
-5.375600000000e-004,-4.02010e-002
-5.375200000000e-004,-8.04020e-002
-5.374800000000e-004,-4.02010e-002
-5.374400000000e-004,-4.02010e-002
-5.374000000000e-004,-4.02010e-002
-5.373600000000e-004,-4.02010e-002
-5.373200000000e-004,-8.04020e-002
-5.372800000000e-004,-4.02010e-002
-5.372400000000e-004,-4.02010e-002
-5.372000000000e-004,-4.02010e-002
-5.371600000000e-004,-4.02010e-002
-5.371200000000e-004,-4.02010e-002
-5.370800000000e-004,-4.02010e-002
-5.370400000000e-004,-4.02010e-002
-5.370000000000e-004,-4.02010e-002
-5.369600000000e-004,-4.02010e-002
-5.369200000000e-004,-4.02010e-002
-5.368800000000e-004,-4.02010e-002
-5.368400000000e-004,-8.04020e-002
-5.368000000000e-004,-4.02010e-002
-5.367600000000e-004,-4.02010e-002
-5.367200000000e-004,-4.02010e-002
-5.366800000000e-004,-4.02010e-002
-5.366400000000e-004,-4.02010e-002
-5.366000000000e-004,-4.02010e-002
-5.365600000000e-004,-4.02010e-002
-5.365200000000e-004,-4.02010e-002
-5.364800000000e-004,-4.02010e-002
-5.364400000000e-004,-4.02010e-002
-5.364000000000e-004,-4.02010e-002
-5.363600000000e-004,-4.02010e-002
-5.363200000000e-004,-4.02010e-002
-5.362800000000e-004,-4.02010e-002
-5.362400000000e-004,-4.02010e-002
-5.362000000000e-004,-4.02010e-002
-5.361600000000e-004,-4.02010e-002
-5.361200000000e-004,-4.02010e-002
-5.360800000000e-004,-4.02010e-002
-5.360400000000e-004, 0.00000e+000
-5.360000000000e-004,-4.02010e-002
-5.359600000000e-004,-4.02010e-002
-5.359200000000e-004,-4.02010e-002
-5.358800000000e-004,-4.02010e-002
-5.358400000000e-004,-4.02010e-002
-5.358000000000e-004,-4.02010e-002
-5.357600000000e-004,-4.02010e-002
-5.357200000000e-004,-4.02010e-002
-5.356800000000e-004,-4.02010e-002
-5.356400000000e-004,-4.02010e-002
-5.356000000000e-004,-4.02010e-002
-5.355600000000e-004,-4.02010e-002
-5.355200000000e-004,-4.02010e-002
-5.354800000000e-004,-4.02010e-002
-5.354400000000e-004,-4.02010e-002
-5.354000000000e-004,-4.02010e-002
-5.353600000000e-004,-4.02010e-002
-5.353200000000e-004,-4.02010e-002
-5.352800000000e-004,-4.02010e-002
-5.352400000000e-004,-4.02010e-002
-5.352000000000e-004,-4.02010e-002
-5.351600000000e-004,-4.02010e-002
-5.351200000000e-004,-4.02010e-002
-5.350800000000e-004,-4.02010e-002
-5.350400000000e-004,-4.02010e-002
-5.350000000000e-004,-4.02010e-002
-5.349600000000e-004,-4.02010e-002
-5.349200000000e-004,-4.02010e-002
-5.348800000000e-004,-4.02010e-002
-5.348400000000e-004,-4.02010e-002
-5.348000000000e-004,-4.02010e-002
-5.347600000000e-004,-4.02010e-002
-5.347200000000e-004, 0.00000e+000
-5.346800000000e-004,-4.02010e-002
-5.346400000000e-004,-4.02010e-002
-5.346000000000e-004,-4.02010e-002
-5.345600000000e-004,-4.02010e-002
-5.345200000000e-004,-4.02010e-002
-5.344800000000e-004,-4.02010e-002
-5.344400000000e-004,-4.02010e-002
-5.344000000000e-004,-4.02010e-002
-5.343600000000e-004,-4.02010e-002
-5.343200000000e-004,-4.02010e-002
-5.342800000000e-004,-4.02010e-002
-5.342400000000e-004,-8.04020e-002
-5.342000000000e-004,-4.02010e-002
-5.341600000000e-004,-4.02010e-002
-5.341200000000e-004,-4.02010e-002
-5.340800000000e-004,-4.02010e-002
-5.340400000000e-004,-4.02010e-002
-5.340000000000e-004, 0.00000e+000
-5.339600000000e-004,-4.02010e-002
-5.339200000000e-004,-4.02010e-002
-5.338800000000e-004,-4.02010e-002
-5.338400000000e-004,-4.02010e-002
-5.338000000000e-004, 0.00000e+000
-5.337600000000e-004,-4.02010e-002
-5.337200000000e-004,-4.02010e-002
-5.336800000000e-004,-4.02010e-002
-5.336400000000e-004,-4.02010e-002
-5.336000000000e-004,-4.02010e-002
-5.335600000000e-004,-4.02010e-002
-5.335200000000e-004,-4.02010e-002
-5.334800000000e-004,-4.02010e-002
-5.334400000000e-004,-4.02010e-002
-5.334000000000e-004,-4.02010e-002
-5.333600000000e-004,-4.02010e-002
-5.333200000000e-004,-4.02010e-002
-5.332800000000e-004,-4.02010e-002
-5.332400000000e-004,-4.02010e-002
-5.332000000000e-004,-4.02010e-002
-5.331600000000e-004,-4.02010e-002
-5.331200000000e-004,-4.02010e-002
-5.330800000000e-004,-4.02010e-002
-5.330400000000e-004,-4.02010e-002
-5.330000000000e-004,-4.02010e-002
-5.329600000000e-004,-4.02010e-002
-5.329200000000e-004,-4.02010e-002
-5.328800000000e-004,-4.02010e-002
-5.328400000000e-004,-4.02010e-002
-5.328000000000e-004, 0.00000e+000
-5.327600000000e-004,-4.02010e-002
-5.327200000000e-004,-4.02010e-002
-5.326800000000e-004,-4.02010e-002
-5.326400000000e-004,-4.02010e-002
-5.326000000000e-004,-4.02010e-002
-5.325600000000e-004,-4.02010e-002
-5.325200000000e-004,-4.02010e-002
-5.324800000000e-004,-4.02010e-002
-5.324400000000e-004,-4.02010e-002
-5.324000000000e-004,-4.02010e-002
-5.323600000000e-004,-4.02010e-002
-5.323200000000e-004,-4.02010e-002
-5.322800000000e-004,-4.02010e-002
-5.322400000000e-004,-4.02010e-002
-5.322000000000e-004,-4.02010e-002
-5.321600000000e-004,-4.02010e-002
-5.321200000000e-004,-4.02010e-002
-5.320800000000e-004,-4.02010e-002
-5.320400000000e-004,-4.02010e-002
-5.320000000000e-004,-4.02010e-002
-5.319600000000e-004,-4.02010e-002
-5.319200000000e-004,-8.04020e-002
-5.318800000000e-004,-4.02010e-002
-5.318400000000e-004,-4.02010e-002
-5.318000000000e-004,-4.02010e-002
-5.317600000000e-004,-4.02010e-002
-5.317200000000e-004,-4.02010e-002
-5.316800000000e-004,-4.02010e-002
-5.316400000000e-004,-4.02010e-002
-5.316000000000e-004,-4.02010e-002
-5.315600000000e-004,-4.02010e-002
-5.315200000000e-004,-4.02010e-002
-5.314800000000e-004,-4.02010e-002
-5.314400000000e-004,-4.02010e-002
-5.314000000000e-004,-4.02010e-002
-5.313600000000e-004,-4.02010e-002
-5.313200000000e-004,-4.02010e-002
-5.312800000000e-004,-4.02010e-002
-5.312400000000e-004,-4.02010e-002
-5.312000000000e-004,-4.02010e-002
-5.311600000000e-004,-4.02010e-002
-5.311200000000e-004,-4.02010e-002
-5.310800000000e-004,-4.02010e-002
-5.310400000000e-004,-4.02010e-002
-5.310000000000e-004,-4.02010e-002
-5.309600000000e-004,-4.02010e-002
-5.309200000000e-004,-4.02010e-002
-5.308800000000e-004,-4.02010e-002
-5.308400000000e-004,-4.02010e-002
-5.308000000000e-004,-4.02010e-002
-5.307600000000e-004,-4.02010e-002
-5.307200000000e-004,-4.02010e-002
-5.306800000000e-004,-4.02010e-002
-5.306400000000e-004,-4.02010e-002
-5.306000000000e-004,-4.02010e-002
-5.305600000000e-004,-4.02010e-002
-5.305200000000e-004,-4.02010e-002
-5.304800000000e-004,-4.02010e-002
-5.304400000000e-004,-4.02010e-002
-5.304000000000e-004,-4.02010e-002
-5.303600000000e-004,-4.02010e-002
-5.303200000000e-004,-4.02010e-002
-5.302800000000e-004,-4.02010e-002
-5.302400000000e-004,-4.02010e-002
-5.302000000000e-004,-4.02010e-002
-5.301600000000e-004,-4.02010e-002
-5.301200000000e-004,-4.02010e-002
-5.300800000000e-004,-4.02010e-002
-5.300400000000e-004,-4.02010e-002
-5.300000000000e-004,-4.02010e-002
-5.299600000000e-004,-4.02010e-002
-5.299200000000e-004,-4.02010e-002
-5.298800000000e-004,-4.02010e-002
-5.298400000000e-004,-4.02010e-002
-5.298000000000e-004,-4.02010e-002
-5.297600000000e-004,-4.02010e-002
-5.297200000000e-004,-4.02010e-002
-5.296800000000e-004,-4.02010e-002
-5.296400000000e-004,-4.02010e-002
-5.296000000000e-004,-4.02010e-002
-5.295600000000e-004,-4.02010e-002
-5.295200000000e-004,-4.02010e-002
-5.294800000000e-004,-4.02010e-002
-5.294400000000e-004,-4.02010e-002
-5.294000000000e-004,-4.02010e-002
-5.293600000000e-004,-4.02010e-002
-5.293200000000e-004,-4.02010e-002
-5.292800000000e-004,-4.02010e-002
-5.292400000000e-004,-4.02010e-002
-5.292000000000e-004,-8.04020e-002
-5.291600000000e-004,-4.02010e-002
-5.291200000000e-004,-4.02010e-002
-5.290800000000e-004,-4.02010e-002
-5.290400000000e-004,-4.02010e-002
-5.290000000000e-004,-4.02010e-002
-5.289600000000e-004,-4.02010e-002
-5.289200000000e-004,-8.04020e-002
-5.288800000000e-004,-4.02010e-002
-5.288400000000e-004,-4.02010e-002
-5.288000000000e-004,-4.02010e-002
-5.287600000000e-004,-4.02010e-002
-5.287200000000e-004,-4.02010e-002
-5.286800000000e-004,-4.02010e-002
-5.286400000000e-004,-4.02010e-002
-5.286000000000e-004,-4.02010e-002
-5.285600000000e-004,-4.02010e-002
-5.285200000000e-004,-4.02010e-002
-5.284800000000e-004,-4.02010e-002
-5.284400000000e-004,-4.02010e-002
-5.284000000000e-004,-4.02010e-002
-5.283600000000e-004,-4.02010e-002
-5.283200000000e-004,-4.02010e-002
-5.282800000000e-004,-4.02010e-002
-5.282400000000e-004,-4.02010e-002
-5.282000000000e-004,-4.02010e-002
-5.281600000000e-004,-4.02010e-002
-5.281200000000e-004,-4.02010e-002
-5.280800000000e-004,-4.02010e-002
-5.280400000000e-004,-4.02010e-002
-5.280000000000e-004,-4.02010e-002
-5.279600000000e-004,-4.02010e-002
-5.279200000000e-004,-4.02010e-002
-5.278800000000e-004,-4.02010e-002
-5.278400000000e-004,-4.02010e-002
-5.278000000000e-004,-4.02010e-002
-5.277600000000e-004,-4.02010e-002
-5.277200000000e-004,-4.02010e-002
-5.276800000000e-004,-4.02010e-002
-5.276400000000e-004,-4.02010e-002
-5.276000000000e-004,-4.02010e-002
-5.275600000000e-004,-4.02010e-002
-5.275200000000e-004,-4.02010e-002
-5.274800000000e-004,-4.02010e-002
-5.274400000000e-004,-4.02010e-002
-5.274000000000e-004,-4.02010e-002
-5.273600000000e-004,-4.02010e-002
-5.273200000000e-004,-4.02010e-002
-5.272800000000e-004,-4.02010e-002
-5.272400000000e-004, 0.00000e+000
-5.272000000000e-004,-8.04020e-002
-5.271600000000e-004,-4.02010e-002
-5.271200000000e-004,-4.02010e-002
-5.270800000000e-004,-4.02010e-002
-5.270400000000e-004,-4.02010e-002
-5.270000000000e-004,-4.02010e-002
-5.269600000000e-004,-4.02010e-002
-5.269200000000e-004,-4.02010e-002
-5.268800000000e-004,-4.02010e-002
-5.268400000000e-004,-4.02010e-002
-5.268000000000e-004,-4.02010e-002
-5.267600000000e-004,-4.02010e-002
-5.267200000000e-004,-4.02010e-002
-5.266800000000e-004,-4.02010e-002
-5.266400000000e-004,-4.02010e-002
-5.266000000000e-004,-4.02010e-002
-5.265600000000e-004,-4.02010e-002
-5.265200000000e-004,-4.02010e-002
-5.264800000000e-004,-4.02010e-002
-5.264400000000e-004,-4.02010e-002
-5.264000000000e-004,-4.02010e-002
-5.263600000000e-004, 0.00000e+000
-5.263200000000e-004,-4.02010e-002
-5.262800000000e-004,-4.02010e-002
-5.262400000000e-004,-4.02010e-002
-5.262000000000e-004,-4.02010e-002
-5.261600000000e-004,-4.02010e-002
-5.261200000000e-004,-4.02010e-002
-5.260800000000e-004,-4.02010e-002
-5.260400000000e-004,-4.02010e-002
-5.260000000000e-004,-4.02010e-002
-5.259600000000e-004, 0.00000e+000
-5.259200000000e-004,-4.02010e-002
-5.258800000000e-004,-4.02010e-002
-5.258400000000e-004,-4.02010e-002
-5.258000000000e-004,-4.02010e-002
-5.257600000000e-004,-4.02010e-002
-5.257200000000e-004,-4.02010e-002
-5.256800000000e-004,-4.02010e-002
-5.256400000000e-004,-4.02010e-002
-5.256000000000e-004,-4.02010e-002
-5.255600000000e-004,-4.02010e-002
-5.255200000000e-004,-4.02010e-002
-5.254800000000e-004,-4.02010e-002
-5.254400000000e-004,-4.02010e-002
-5.254000000000e-004,-4.02010e-002
-5.253600000000e-004,-4.02010e-002
-5.253200000000e-004,-4.02010e-002
-5.252800000000e-004,-4.02010e-002
-5.252400000000e-004,-4.02010e-002
-5.252000000000e-004, 0.00000e+000
-5.251600000000e-004,-4.02010e-002
-5.251200000000e-004,-4.02010e-002
-5.250800000000e-004,-4.02010e-002
-5.250400000000e-004,-4.02010e-002
-5.250000000000e-004,-4.02010e-002
-5.249600000000e-004,-4.02010e-002
-5.249200000000e-004,-4.02010e-002
-5.248800000000e-004,-4.02010e-002
-5.248400000000e-004,-4.02010e-002
-5.248000000000e-004,-4.02010e-002
-5.247600000000e-004,-4.02010e-002
-5.247200000000e-004,-4.02010e-002
-5.246800000000e-004,-4.02010e-002
-5.246400000000e-004,-4.02010e-002
-5.246000000000e-004,-4.02010e-002
-5.245600000000e-004,-4.02010e-002
-5.245200000000e-004,-4.02010e-002
-5.244800000000e-004,-4.02010e-002
-5.244400000000e-004,-4.02010e-002
-5.244000000000e-004,-4.02010e-002
-5.243600000000e-004,-4.02010e-002
-5.243200000000e-004,-4.02010e-002
-5.242800000000e-004,-4.02010e-002
-5.242400000000e-004,-4.02010e-002
-5.242000000000e-004,-4.02010e-002
-5.241600000000e-004,-4.02010e-002
-5.241200000000e-004,-4.02010e-002
-5.240800000000e-004,-4.02010e-002
-5.240400000000e-004,-4.02010e-002
-5.240000000000e-004,-4.02010e-002
-5.239600000000e-004,-4.02010e-002
-5.239200000000e-004,-4.02010e-002
-5.238800000000e-004, 0.00000e+000
-5.238400000000e-004,-4.02010e-002
-5.238000000000e-004,-4.02010e-002
-5.237600000000e-004,-4.02010e-002
-5.237200000000e-004,-4.02010e-002
-5.236800000000e-004,-4.02010e-002
-5.236400000000e-004,-4.02010e-002
-5.236000000000e-004,-4.02010e-002
-5.235600000000e-004, 0.00000e+000
-5.235200000000e-004,-4.02010e-002
-5.234800000000e-004,-4.02010e-002
-5.234400000000e-004, 0.00000e+000
-5.234000000000e-004,-4.02010e-002
-5.233600000000e-004,-4.02010e-002
-5.233200000000e-004,-4.02010e-002
-5.232800000000e-004,-4.02010e-002
-5.232400000000e-004,-4.02010e-002
-5.232000000000e-004,-4.02010e-002
-5.231600000000e-004,-4.02010e-002
-5.231200000000e-004,-4.02010e-002
-5.230800000000e-004,-4.02010e-002
-5.230400000000e-004,-4.02010e-002
-5.230000000000e-004,-4.02010e-002
-5.229600000000e-004,-4.02010e-002
-5.229200000000e-004,-4.02010e-002
-5.228800000000e-004,-4.02010e-002
-5.228400000000e-004,-4.02010e-002
-5.228000000000e-004,-4.02010e-002
-5.227600000000e-004,-4.02010e-002
-5.227200000000e-004,-4.02010e-002
-5.226800000000e-004,-4.02010e-002
-5.226400000000e-004,-4.02010e-002
-5.226000000000e-004,-4.02010e-002
-5.225600000000e-004,-4.02010e-002
-5.225200000000e-004,-4.02010e-002
-5.224800000000e-004,-4.02010e-002
-5.224400000000e-004,-4.02010e-002
-5.224000000000e-004,-4.02010e-002
-5.223600000000e-004,-4.02010e-002
-5.223200000000e-004,-4.02010e-002
-5.222800000000e-004,-4.02010e-002
-5.222400000000e-004,-4.02010e-002
-5.222000000000e-004,-4.02010e-002
-5.221600000000e-004,-4.02010e-002
-5.221200000000e-004,-8.04020e-002
-5.220800000000e-004,-4.02010e-002
-5.220400000000e-004,-4.02010e-002
-5.220000000000e-004,-4.02010e-002
-5.219600000000e-004,-4.02010e-002
-5.219200000000e-004,-4.02010e-002
-5.218800000000e-004,-4.02010e-002
-5.218400000000e-004,-4.02010e-002
-5.218000000000e-004,-4.02010e-002
-5.217600000000e-004,-4.02010e-002
-5.217200000000e-004,-4.02010e-002
-5.216800000000e-004,-4.02010e-002
-5.216400000000e-004,-4.02010e-002
-5.216000000000e-004,-8.04020e-002
-5.215600000000e-004,-4.02010e-002
-5.215200000000e-004,-4.02010e-002
-5.214800000000e-004,-4.02010e-002
-5.214400000000e-004,-4.02010e-002
-5.214000000000e-004,-4.02010e-002
-5.213600000000e-004,-4.02010e-002
-5.213200000000e-004,-4.02010e-002
-5.212800000000e-004,-4.02010e-002
-5.212400000000e-004,-4.02010e-002
-5.212000000000e-004,-8.04020e-002
-5.211600000000e-004,-4.02010e-002
-5.211200000000e-004, 0.00000e+000
-5.210800000000e-004,-4.02010e-002
-5.210400000000e-004,-4.02010e-002
-5.210000000000e-004,-4.02010e-002
-5.209600000000e-004,-4.02010e-002
-5.209200000000e-004,-4.02010e-002
-5.208800000000e-004,-4.02010e-002
-5.208400000000e-004,-4.02010e-002
-5.208000000000e-004,-4.02010e-002
-5.207600000000e-004,-4.02010e-002
-5.207200000000e-004,-4.02010e-002
-5.206800000000e-004,-4.02010e-002
-5.206400000000e-004,-4.02010e-002
-5.206000000000e-004,-4.02010e-002
-5.205600000000e-004,-4.02010e-002
-5.205200000000e-004,-4.02010e-002
-5.204800000000e-004,-4.02010e-002
-5.204400000000e-004,-4.02010e-002
-5.204000000000e-004,-4.02010e-002
-5.203600000000e-004,-4.02010e-002
-5.203200000000e-004,-4.02010e-002
-5.202800000000e-004,-4.02010e-002
-5.202400000000e-004,-4.02010e-002
-5.202000000000e-004,-4.02010e-002
-5.201600000000e-004,-4.02010e-002
-5.201200000000e-004,-4.02010e-002
-5.200800000000e-004,-4.02010e-002
-5.200400000000e-004,-4.02010e-002
-5.200000000000e-004,-4.02010e-002
-5.199600000000e-004,-4.02010e-002
-5.199200000000e-004,-4.02010e-002
-5.198800000000e-004,-4.02010e-002
-5.198400000000e-004,-4.02010e-002
-5.198000000000e-004,-4.02010e-002
-5.197600000000e-004,-4.02010e-002
-5.197200000000e-004,-4.02010e-002
-5.196800000000e-004,-4.02010e-002
-5.196400000000e-004,-4.02010e-002
-5.196000000000e-004,-4.02010e-002
-5.195600000000e-004, 0.00000e+000
-5.195200000000e-004,-8.04020e-002
-5.194800000000e-004,-4.02010e-002
-5.194400000000e-004,-4.02010e-002
-5.194000000000e-004,-4.02010e-002
-5.193600000000e-004,-4.02010e-002
-5.193200000000e-004,-4.02010e-002
-5.192800000000e-004,-4.02010e-002
-5.192400000000e-004,-4.02010e-002
-5.192000000000e-004,-4.02010e-002
-5.191600000000e-004,-4.02010e-002
-5.191200000000e-004,-4.02010e-002
-5.190800000000e-004,-4.02010e-002
-5.190400000000e-004,-4.02010e-002
-5.190000000000e-004,-4.02010e-002
-5.189600000000e-004,-4.02010e-002
-5.189200000000e-004,-4.02010e-002
-5.188800000000e-004,-4.02010e-002
-5.188400000000e-004,-4.02010e-002
-5.188000000000e-004,-4.02010e-002
-5.187600000000e-004,-8.04020e-002
-5.187200000000e-004,-4.02010e-002
-5.186800000000e-004,-4.02010e-002
-5.186400000000e-004,-4.02010e-002
-5.186000000000e-004,-4.02010e-002
-5.185600000000e-004,-4.02010e-002
-5.185200000000e-004,-4.02010e-002
-5.184800000000e-004,-4.02010e-002
-5.184400000000e-004,-4.02010e-002
-5.184000000000e-004,-4.02010e-002
-5.183600000000e-004,-4.02010e-002
-5.183200000000e-004,-4.02010e-002
-5.182800000000e-004,-4.02010e-002
-5.182400000000e-004,-4.02010e-002
-5.182000000000e-004,-4.02010e-002
-5.181600000000e-004,-4.02010e-002
-5.181200000000e-004,-4.02010e-002
-5.180800000000e-004,-4.02010e-002
-5.180400000000e-004,-4.02010e-002
-5.180000000000e-004,-4.02010e-002
-5.179600000000e-004,-4.02010e-002
-5.179200000000e-004,-4.02010e-002
-5.178800000000e-004,-4.02010e-002
-5.178400000000e-004,-4.02010e-002
-5.178000000000e-004,-4.02010e-002
-5.177600000000e-004,-8.04020e-002
-5.177200000000e-004,-4.02010e-002
-5.176800000000e-004,-4.02010e-002
-5.176400000000e-004,-4.02010e-002
-5.176000000000e-004,-4.02010e-002
-5.175600000000e-004,-4.02010e-002
-5.175200000000e-004,-4.02010e-002
-5.174800000000e-004,-4.02010e-002
-5.174400000000e-004,-4.02010e-002
-5.174000000000e-004,-4.02010e-002
-5.173600000000e-004,-4.02010e-002
-5.173200000000e-004,-4.02010e-002
-5.172800000000e-004,-4.02010e-002
-5.172400000000e-004,-4.02010e-002
-5.172000000000e-004,-4.02010e-002
-5.171600000000e-004,-4.02010e-002
-5.171200000000e-004,-4.02010e-002
-5.170800000000e-004,-8.04020e-002
-5.170400000000e-004,-4.02010e-002
-5.170000000000e-004,-4.02010e-002
-5.169600000000e-004,-4.02010e-002
-5.169200000000e-004,-4.02010e-002
-5.168800000000e-004,-4.02010e-002
-5.168400000000e-004,-4.02010e-002
-5.168000000000e-004,-4.02010e-002
-5.167600000000e-004,-4.02010e-002
-5.167200000000e-004,-4.02010e-002
-5.166800000000e-004,-8.04020e-002
-5.166400000000e-004,-4.02010e-002
-5.166000000000e-004,-4.02010e-002
-5.165600000000e-004,-4.02010e-002
-5.165200000000e-004,-4.02010e-002
-5.164800000000e-004,-4.02010e-002
-5.164400000000e-004,-4.02010e-002
-5.164000000000e-004,-4.02010e-002
-5.163600000000e-004,-4.02010e-002
-5.163200000000e-004,-4.02010e-002
-5.162800000000e-004,-4.02010e-002
-5.162400000000e-004,-8.04020e-002
-5.162000000000e-004,-4.02010e-002
-5.161600000000e-004,-4.02010e-002
-5.161200000000e-004,-4.02010e-002
-5.160800000000e-004,-4.02010e-002
-5.160400000000e-004,-4.02010e-002
-5.160000000000e-004,-4.02010e-002
-5.159600000000e-004,-4.02010e-002
-5.159200000000e-004,-4.02010e-002
-5.158800000000e-004,-4.02010e-002
-5.158400000000e-004,-4.02010e-002
-5.158000000000e-004,-4.02010e-002
-5.157600000000e-004,-4.02010e-002
-5.157200000000e-004,-4.02010e-002
-5.156800000000e-004,-4.02010e-002
-5.156400000000e-004,-4.02010e-002
-5.156000000000e-004,-4.02010e-002
-5.155600000000e-004,-4.02010e-002
-5.155200000000e-004,-4.02010e-002
-5.154800000000e-004,-4.02010e-002
-5.154400000000e-004,-4.02010e-002
-5.154000000000e-004,-4.02010e-002
-5.153600000000e-004,-4.02010e-002
-5.153200000000e-004,-4.02010e-002
-5.152800000000e-004,-4.02010e-002
-5.152400000000e-004,-4.02010e-002
-5.152000000000e-004,-4.02010e-002
-5.151600000000e-004,-4.02010e-002
-5.151200000000e-004,-4.02010e-002
-5.150800000000e-004,-4.02010e-002
-5.150400000000e-004,-4.02010e-002
-5.150000000000e-004,-4.02010e-002
-5.149600000000e-004,-4.02010e-002
-5.149200000000e-004,-4.02010e-002
-5.148800000000e-004,-4.02010e-002
-5.148400000000e-004,-4.02010e-002
-5.148000000000e-004,-4.02010e-002
-5.147600000000e-004,-4.02010e-002
-5.147200000000e-004,-4.02010e-002
-5.146800000000e-004,-4.02010e-002
-5.146400000000e-004,-4.02010e-002
-5.146000000000e-004,-4.02010e-002
-5.145600000000e-004,-4.02010e-002
-5.145200000000e-004,-4.02010e-002
-5.144800000000e-004,-4.02010e-002
-5.144400000000e-004,-4.02010e-002
-5.144000000000e-004,-4.02010e-002
-5.143600000000e-004,-4.02010e-002
-5.143200000000e-004,-4.02010e-002
-5.142800000000e-004,-4.02010e-002
-5.142400000000e-004,-4.02010e-002
-5.142000000000e-004,-4.02010e-002
-5.141600000000e-004,-4.02010e-002
-5.141200000000e-004,-4.02010e-002
-5.140800000000e-004,-4.02010e-002
-5.140400000000e-004,-4.02010e-002
-5.140000000000e-004,-4.02010e-002
-5.139600000000e-004,-4.02010e-002
-5.139200000000e-004,-4.02010e-002
-5.138800000000e-004,-4.02010e-002
-5.138400000000e-004,-4.02010e-002
-5.138000000000e-004,-4.02010e-002
-5.137600000000e-004,-4.02010e-002
-5.137200000000e-004,-4.02010e-002
-5.136800000000e-004,-4.02010e-002
-5.136400000000e-004,-4.02010e-002
-5.136000000000e-004,-4.02010e-002
-5.135600000000e-004,-4.02010e-002
-5.135200000000e-004,-4.02010e-002
-5.134800000000e-004,-4.02010e-002
-5.134400000000e-004,-4.02010e-002
-5.134000000000e-004,-4.02010e-002
-5.133600000000e-004,-4.02010e-002
-5.133200000000e-004,-4.02010e-002
-5.132800000000e-004,-4.02010e-002
-5.132400000000e-004,-4.02010e-002
-5.132000000000e-004,-4.02010e-002
-5.131600000000e-004,-4.02010e-002
-5.131200000000e-004,-4.02010e-002
-5.130800000000e-004,-4.02010e-002
-5.130400000000e-004,-4.02010e-002
-5.130000000000e-004,-4.02010e-002
-5.129600000000e-004,-4.02010e-002
-5.129200000000e-004,-4.02010e-002
-5.128800000000e-004,-4.02010e-002
-5.128400000000e-004, 0.00000e+000
-5.128000000000e-004,-4.02010e-002
-5.127600000000e-004,-4.02010e-002
-5.127200000000e-004,-4.02010e-002
-5.126800000000e-004,-8.04020e-002
-5.126400000000e-004,-4.02010e-002
-5.126000000000e-004,-4.02010e-002
-5.125600000000e-004,-4.02010e-002
-5.125200000000e-004,-4.02010e-002
-5.124800000000e-004,-4.02010e-002
-5.124400000000e-004,-4.02010e-002
-5.124000000000e-004,-4.02010e-002
-5.123600000000e-004,-4.02010e-002
-5.123200000000e-004,-4.02010e-002
-5.122800000000e-004,-4.02010e-002
-5.122400000000e-004,-4.02010e-002
-5.122000000000e-004,-4.02010e-002
-5.121600000000e-004,-4.02010e-002
-5.121200000000e-004,-4.02010e-002
-5.120800000000e-004,-4.02010e-002
-5.120400000000e-004,-4.02010e-002
-5.120000000000e-004,-4.02010e-002
-5.119600000000e-004,-4.02010e-002
-5.119200000000e-004,-4.02010e-002
-5.118800000000e-004,-4.02010e-002
-5.118400000000e-004,-4.02010e-002
-5.118000000000e-004,-4.02010e-002
-5.117600000000e-004,-4.02010e-002
-5.117200000000e-004,-4.02010e-002
-5.116800000000e-004,-4.02010e-002
-5.116400000000e-004,-4.02010e-002
-5.116000000000e-004,-4.02010e-002
-5.115600000000e-004,-4.02010e-002
-5.115200000000e-004,-4.02010e-002
-5.114800000000e-004,-4.02010e-002
-5.114400000000e-004,-4.02010e-002
-5.114000000000e-004,-4.02010e-002
-5.113600000000e-004,-4.02010e-002
-5.113200000000e-004,-4.02010e-002
-5.112800000000e-004,-4.02010e-002
-5.112400000000e-004,-4.02010e-002
-5.112000000000e-004,-4.02010e-002
-5.111600000000e-004,-4.02010e-002
-5.111200000000e-004,-4.02010e-002
-5.110800000000e-004,-4.02010e-002
-5.110400000000e-004,-4.02010e-002
-5.110000000000e-004,-4.02010e-002
-5.109600000000e-004,-4.02010e-002
-5.109200000000e-004,-4.02010e-002
-5.108800000000e-004,-4.02010e-002
-5.108400000000e-004,-4.02010e-002
-5.108000000000e-004,-4.02010e-002
-5.107600000000e-004,-4.02010e-002
-5.107200000000e-004,-4.02010e-002
-5.106800000000e-004,-4.02010e-002
-5.106400000000e-004,-4.02010e-002
-5.106000000000e-004,-8.04020e-002
-5.105600000000e-004,-4.02010e-002
-5.105200000000e-004,-4.02010e-002
-5.104800000000e-004,-4.02010e-002
-5.104400000000e-004,-4.02010e-002
-5.104000000000e-004,-4.02010e-002
-5.103600000000e-004,-4.02010e-002
-5.103200000000e-004, 0.00000e+000
-5.102800000000e-004,-4.02010e-002
-5.102400000000e-004,-4.02010e-002
-5.102000000000e-004,-4.02010e-002
-5.101600000000e-004,-4.02010e-002
-5.101200000000e-004,-4.02010e-002
-5.100800000000e-004,-4.02010e-002
-5.100400000000e-004,-4.02010e-002
-5.100000000000e-004,-4.02010e-002
-5.099600000000e-004,-4.02010e-002
-5.099200000000e-004,-4.02010e-002
-5.098800000000e-004,-4.02010e-002
-5.098400000000e-004,-4.02010e-002
-5.098000000000e-004,-4.02010e-002
-5.097600000000e-004,-4.02010e-002
-5.097200000000e-004,-4.02010e-002
-5.096800000000e-004,-4.02010e-002
-5.096400000000e-004,-4.02010e-002
-5.096000000000e-004,-4.02010e-002
-5.095600000000e-004,-4.02010e-002
-5.095200000000e-004,-4.02010e-002
-5.094800000000e-004,-8.04020e-002
-5.094400000000e-004, 0.00000e+000
-5.094000000000e-004,-4.02010e-002
-5.093600000000e-004,-4.02010e-002
-5.093200000000e-004,-4.02010e-002
-5.092800000000e-004,-4.02010e-002
-5.092400000000e-004,-4.02010e-002
-5.092000000000e-004,-8.04020e-002
-5.091600000000e-004, 0.00000e+000
-5.091200000000e-004,-4.02010e-002
-5.090800000000e-004,-4.02010e-002
-5.090400000000e-004,-4.02010e-002
-5.090000000000e-004,-4.02010e-002
-5.089600000000e-004,-4.02010e-002
-5.089200000000e-004,-4.02010e-002
-5.088800000000e-004,-4.02010e-002
-5.088400000000e-004,-4.02010e-002
-5.088000000000e-004,-4.02010e-002
-5.087600000000e-004,-4.02010e-002
-5.087200000000e-004,-4.02010e-002
-5.086800000000e-004,-4.02010e-002
-5.086400000000e-004,-4.02010e-002
-5.086000000000e-004,-4.02010e-002
-5.085600000000e-004,-4.02010e-002
-5.085200000000e-004,-4.02010e-002
-5.084800000000e-004,-4.02010e-002
-5.084400000000e-004,-4.02010e-002
-5.084000000000e-004,-4.02010e-002
-5.083600000000e-004,-4.02010e-002
-5.083200000000e-004,-4.02010e-002
-5.082800000000e-004,-4.02010e-002
-5.082400000000e-004,-4.02010e-002
-5.082000000000e-004,-4.02010e-002
-5.081600000000e-004,-4.02010e-002
-5.081200000000e-004,-4.02010e-002
-5.080800000000e-004,-4.02010e-002
-5.080400000000e-004,-4.02010e-002
-5.080000000000e-004,-4.02010e-002
-5.079600000000e-004,-4.02010e-002
-5.079200000000e-004,-4.02010e-002
-5.078800000000e-004,-4.02010e-002
-5.078400000000e-004,-4.02010e-002
-5.078000000000e-004,-4.02010e-002
-5.077600000000e-004,-4.02010e-002
-5.077200000000e-004,-4.02010e-002
-5.076800000000e-004,-4.02010e-002
-5.076400000000e-004,-4.02010e-002
-5.076000000000e-004,-4.02010e-002
-5.075600000000e-004,-4.02010e-002
-5.075200000000e-004,-4.02010e-002
-5.074800000000e-004,-4.02010e-002
-5.074400000000e-004,-4.02010e-002
-5.074000000000e-004,-4.02010e-002
-5.073600000000e-004,-4.02010e-002
-5.073200000000e-004,-4.02010e-002
-5.072800000000e-004,-4.02010e-002
-5.072400000000e-004,-4.02010e-002
-5.072000000000e-004,-4.02010e-002
-5.071600000000e-004,-4.02010e-002
-5.071200000000e-004,-4.02010e-002
-5.070800000000e-004,-4.02010e-002
-5.070400000000e-004,-4.02010e-002
-5.070000000000e-004,-4.02010e-002
-5.069600000000e-004,-4.02010e-002
-5.069200000000e-004,-4.02010e-002
-5.068800000000e-004, 0.00000e+000
-5.068400000000e-004,-4.02010e-002
-5.068000000000e-004,-4.02010e-002
-5.067600000000e-004,-4.02010e-002
-5.067200000000e-004,-4.02010e-002
-5.066800000000e-004,-4.02010e-002
-5.066400000000e-004,-4.02010e-002
-5.066000000000e-004,-4.02010e-002
-5.065600000000e-004,-4.02010e-002
-5.065200000000e-004,-4.02010e-002
-5.064800000000e-004,-4.02010e-002
-5.064400000000e-004,-4.02010e-002
-5.064000000000e-004,-4.02010e-002
-5.063600000000e-004,-4.02010e-002
-5.063200000000e-004,-4.02010e-002
-5.062800000000e-004,-4.02010e-002
-5.062400000000e-004,-4.02010e-002
-5.062000000000e-004,-4.02010e-002
-5.061600000000e-004,-4.02010e-002
-5.061200000000e-004,-4.02010e-002
-5.060800000000e-004,-4.02010e-002
-5.060400000000e-004,-8.04020e-002
-5.060000000000e-004,-4.02010e-002
-5.059600000000e-004,-4.02010e-002
-5.059200000000e-004,-4.02010e-002
-5.058800000000e-004,-4.02010e-002
-5.058400000000e-004,-4.02010e-002
-5.058000000000e-004,-4.02010e-002
-5.057600000000e-004,-4.02010e-002
-5.057200000000e-004,-4.02010e-002
-5.056800000000e-004,-4.02010e-002
-5.056400000000e-004,-4.02010e-002
-5.056000000000e-004,-4.02010e-002
-5.055600000000e-004,-4.02010e-002
-5.055200000000e-004,-4.02010e-002
-5.054800000000e-004,-4.02010e-002
-5.054400000000e-004,-4.02010e-002
-5.054000000000e-004,-4.02010e-002
-5.053600000000e-004,-4.02010e-002
-5.053200000000e-004,-4.02010e-002
-5.052800000000e-004,-4.02010e-002
-5.052400000000e-004,-4.02010e-002
-5.052000000000e-004,-4.02010e-002
-5.051600000000e-004,-4.02010e-002
-5.051200000000e-004,-4.02010e-002
-5.050800000000e-004,-4.02010e-002
-5.050400000000e-004,-4.02010e-002
-5.050000000000e-004,-4.02010e-002
-5.049600000000e-004,-4.02010e-002
-5.049200000000e-004,-4.02010e-002
-5.048800000000e-004,-4.02010e-002
-5.048400000000e-004,-4.02010e-002
-5.048000000000e-004,-4.02010e-002
-5.047600000000e-004,-4.02010e-002
-5.047200000000e-004,-4.02010e-002
-5.046800000000e-004,-4.02010e-002
-5.046400000000e-004,-4.02010e-002
-5.046000000000e-004,-4.02010e-002
-5.045600000000e-004,-8.04020e-002
-5.045200000000e-004,-4.02010e-002
-5.044800000000e-004,-4.02010e-002
-5.044400000000e-004,-4.02010e-002
-5.044000000000e-004,-4.02010e-002
-5.043600000000e-004,-4.02010e-002
-5.043200000000e-004,-4.02010e-002
-5.042800000000e-004,-4.02010e-002
-5.042400000000e-004,-4.02010e-002
-5.042000000000e-004,-4.02010e-002
-5.041600000000e-004,-4.02010e-002
-5.041200000000e-004,-4.02010e-002
-5.040800000000e-004,-4.02010e-002
-5.040400000000e-004,-4.02010e-002
-5.040000000000e-004,-4.02010e-002
-5.039600000000e-004,-4.02010e-002
-5.039200000000e-004,-4.02010e-002
-5.038800000000e-004,-4.02010e-002
-5.038400000000e-004,-4.02010e-002
-5.038000000000e-004,-4.02010e-002
-5.037600000000e-004,-4.02010e-002
-5.037200000000e-004,-4.02010e-002
-5.036800000000e-004, 0.00000e+000
-5.036400000000e-004,-8.04020e-002
-5.036000000000e-004,-4.02010e-002
-5.035600000000e-004,-4.02010e-002
-5.035200000000e-004,-4.02010e-002
-5.034800000000e-004, 0.00000e+000
-5.034400000000e-004,-4.02010e-002
-5.034000000000e-004,-4.02010e-002
-5.033600000000e-004,-4.02010e-002
-5.033200000000e-004,-4.02010e-002
-5.032800000000e-004,-4.02010e-002
-5.032400000000e-004,-4.02010e-002
-5.032000000000e-004,-4.02010e-002
-5.031600000000e-004,-4.02010e-002
-5.031200000000e-004,-4.02010e-002
-5.030800000000e-004,-4.02010e-002
-5.030400000000e-004,-4.02010e-002
-5.030000000000e-004,-4.02010e-002
-5.029600000000e-004,-4.02010e-002
-5.029200000000e-004,-4.02010e-002
-5.028800000000e-004,-4.02010e-002
-5.028400000000e-004,-4.02010e-002
-5.028000000000e-004,-4.02010e-002
-5.027600000000e-004,-4.02010e-002
-5.027200000000e-004,-4.02010e-002
-5.026800000000e-004,-4.02010e-002
-5.026400000000e-004,-4.02010e-002
-5.026000000000e-004,-4.02010e-002
-5.025600000000e-004,-4.02010e-002
-5.025200000000e-004,-8.04020e-002
-5.024800000000e-004,-8.04020e-002
-5.024400000000e-004,-4.02010e-002
-5.024000000000e-004,-4.02010e-002
-5.023600000000e-004,-4.02010e-002
-5.023200000000e-004,-4.02010e-002
-5.022800000000e-004, 0.00000e+000
-5.022400000000e-004,-4.02010e-002
-5.022000000000e-004,-4.02010e-002
-5.021600000000e-004,-4.02010e-002
-5.021200000000e-004,-4.02010e-002
-5.020800000000e-004,-4.02010e-002
-5.020400000000e-004,-4.02010e-002
-5.020000000000e-004,-4.02010e-002
-5.019600000000e-004,-4.02010e-002
-5.019200000000e-004,-4.02010e-002
-5.018800000000e-004,-4.02010e-002
-5.018400000000e-004,-4.02010e-002
-5.018000000000e-004, 0.00000e+000
-5.017600000000e-004,-4.02010e-002
-5.017200000000e-004,-4.02010e-002
-5.016800000000e-004,-4.02010e-002
-5.016400000000e-004,-4.02010e-002
-5.016000000000e-004,-4.02010e-002
-5.015600000000e-004,-4.02010e-002
-5.015200000000e-004,-4.02010e-002
-5.014800000000e-004,-4.02010e-002
-5.014400000000e-004,-4.02010e-002
-5.014000000000e-004,-4.02010e-002
-5.013600000000e-004,-4.02010e-002
-5.013200000000e-004,-4.02010e-002
-5.012800000000e-004,-4.02010e-002
-5.012400000000e-004,-4.02010e-002
-5.012000000000e-004,-4.02010e-002
-5.011600000000e-004,-4.02010e-002
-5.011200000000e-004,-4.02010e-002
-5.010800000000e-004,-4.02010e-002
-5.010400000000e-004,-4.02010e-002
-5.010000000000e-004,-4.02010e-002
-5.009600000000e-004,-4.02010e-002
-5.009200000000e-004, 0.00000e+000
-5.008800000000e-004,-4.02010e-002
-5.008400000000e-004,-4.02010e-002
-5.008000000000e-004,-4.02010e-002
-5.007600000000e-004,-4.02010e-002
-5.007200000000e-004,-4.02010e-002
-5.006800000000e-004,-4.02010e-002
-5.006400000000e-004,-4.02010e-002
-5.006000000000e-004,-4.02010e-002
-5.005600000000e-004,-4.02010e-002
-5.005200000000e-004,-4.02010e-002
-5.004800000000e-004,-4.02010e-002
-5.004400000000e-004,-4.02010e-002
-5.004000000000e-004,-4.02010e-002
-5.003600000000e-004,-4.02010e-002
-5.003200000000e-004,-4.02010e-002
-5.002800000000e-004,-4.02010e-002
-5.002400000000e-004,-4.02010e-002
-5.002000000000e-004,-4.02010e-002
-5.001600000000e-004,-4.02010e-002
-5.001200000000e-004,-4.02010e-002
-5.000800000000e-004,-4.02010e-002
-5.000400000000e-004,-4.02010e-002
-5.000000000000e-004,-4.02010e-002
-4.999600000000e-004,-4.02010e-002
-4.999200000000e-004,-4.02010e-002
-4.998800000000e-004,-4.02010e-002
-4.998400000000e-004,-4.02010e-002
-4.998000000000e-004,-4.02010e-002
-4.997600000000e-004,-4.02010e-002
-4.997200000000e-004,-4.02010e-002
-4.996800000000e-004,-8.04020e-002
-4.996400000000e-004,-4.02010e-002
-4.996000000000e-004,-4.02010e-002
-4.995600000000e-004,-4.02010e-002
-4.995200000000e-004,-4.02010e-002
-4.994800000000e-004,-4.02010e-002
-4.994400000000e-004,-4.02010e-002
-4.994000000000e-004,-4.02010e-002
-4.993600000000e-004,-4.02010e-002
-4.993200000000e-004,-4.02010e-002
-4.992800000000e-004,-4.02010e-002
-4.992400000000e-004, 0.00000e+000
-4.992000000000e-004,-4.02010e-002
-4.991600000000e-004,-4.02010e-002
-4.991200000000e-004,-4.02010e-002
-4.990800000000e-004,-4.02010e-002
-4.990400000000e-004,-4.02010e-002
-4.990000000000e-004,-4.02010e-002
-4.989600000000e-004,-4.02010e-002
-4.989200000000e-004,-4.02010e-002
-4.988800000000e-004,-4.02010e-002
-4.988400000000e-004,-4.02010e-002
-4.988000000000e-004,-4.02010e-002
-4.987600000000e-004,-8.04020e-002
-4.987200000000e-004,-4.02010e-002
-4.986800000000e-004,-4.02010e-002
-4.986400000000e-004,-4.02010e-002
-4.986000000000e-004,-4.02010e-002
-4.985600000000e-004,-4.02010e-002
-4.985200000000e-004,-4.02010e-002
-4.984800000000e-004,-4.02010e-002
-4.984400000000e-004,-4.02010e-002
-4.984000000000e-004,-4.02010e-002
-4.983600000000e-004,-4.02010e-002
-4.983200000000e-004,-4.02010e-002
-4.982800000000e-004,-4.02010e-002
-4.982400000000e-004,-4.02010e-002
-4.982000000000e-004,-4.02010e-002
-4.981600000000e-004,-4.02010e-002
-4.981200000000e-004,-4.02010e-002
-4.980800000000e-004,-4.02010e-002
-4.980400000000e-004,-4.02010e-002
-4.980000000000e-004,-4.02010e-002
-4.979600000000e-004,-4.02010e-002
-4.979200000000e-004,-4.02010e-002
-4.978800000000e-004,-4.02010e-002
-4.978400000000e-004,-4.02010e-002
-4.978000000000e-004,-4.02010e-002
-4.977600000000e-004,-4.02010e-002
-4.977200000000e-004,-4.02010e-002
-4.976800000000e-004,-4.02010e-002
-4.976400000000e-004,-4.02010e-002
-4.976000000000e-004,-4.02010e-002
-4.975600000000e-004,-4.02010e-002
-4.975200000000e-004,-4.02010e-002
-4.974800000000e-004,-4.02010e-002
-4.974400000000e-004,-4.02010e-002
-4.974000000000e-004,-4.02010e-002
-4.973600000000e-004,-4.02010e-002
-4.973200000000e-004,-4.02010e-002
-4.972800000000e-004,-4.02010e-002
-4.972400000000e-004,-4.02010e-002
-4.972000000000e-004,-4.02010e-002
-4.971600000000e-004,-4.02010e-002
-4.971200000000e-004,-4.02010e-002
-4.970800000000e-004,-4.02010e-002
-4.970400000000e-004,-4.02010e-002
-4.970000000000e-004,-4.02010e-002
-4.969600000000e-004,-4.02010e-002
-4.969200000000e-004,-4.02010e-002
-4.968800000000e-004,-4.02010e-002
-4.968400000000e-004,-4.02010e-002
-4.968000000000e-004,-4.02010e-002
-4.967600000000e-004,-4.02010e-002
-4.967200000000e-004,-4.02010e-002
-4.966800000000e-004,-4.02010e-002
-4.966400000000e-004, 0.00000e+000
-4.966000000000e-004,-4.02010e-002
-4.965600000000e-004,-4.02010e-002
-4.965200000000e-004,-4.02010e-002
-4.964800000000e-004,-4.02010e-002
-4.964400000000e-004,-4.02010e-002
-4.964000000000e-004,-4.02010e-002
-4.963600000000e-004,-4.02010e-002
-4.963200000000e-004,-4.02010e-002
-4.962800000000e-004,-4.02010e-002
-4.962400000000e-004,-4.02010e-002
-4.962000000000e-004,-4.02010e-002
-4.961600000000e-004,-4.02010e-002
-4.961200000000e-004,-4.02010e-002
-4.960800000000e-004,-4.02010e-002
-4.960400000000e-004,-4.02010e-002
-4.960000000000e-004,-4.02010e-002
-4.959600000000e-004,-4.02010e-002
-4.959200000000e-004,-4.02010e-002
-4.958800000000e-004,-4.02010e-002
-4.958400000000e-004,-4.02010e-002
-4.958000000000e-004,-4.02010e-002
-4.957600000000e-004,-4.02010e-002
-4.957200000000e-004,-4.02010e-002
-4.956800000000e-004,-4.02010e-002
-4.956400000000e-004,-4.02010e-002
-4.956000000000e-004,-4.02010e-002
-4.955600000000e-004,-4.02010e-002
-4.955200000000e-004,-4.02010e-002
-4.954800000000e-004,-4.02010e-002
-4.954400000000e-004,-4.02010e-002
-4.954000000000e-004,-4.02010e-002
-4.953600000000e-004,-4.02010e-002
-4.953200000000e-004,-4.02010e-002
-4.952800000000e-004,-4.02010e-002
-4.952400000000e-004, 0.00000e+000
-4.952000000000e-004,-4.02010e-002
-4.951600000000e-004,-4.02010e-002
-4.951200000000e-004,-4.02010e-002
-4.950800000000e-004,-4.02010e-002
-4.950400000000e-004,-4.02010e-002
-4.950000000000e-004,-4.02010e-002
-4.949600000000e-004,-4.02010e-002
-4.949200000000e-004,-4.02010e-002
-4.948800000000e-004,-4.02010e-002
-4.948400000000e-004,-4.02010e-002
-4.948000000000e-004,-4.02010e-002
-4.947600000000e-004,-4.02010e-002
-4.947200000000e-004,-4.02010e-002
-4.946800000000e-004,-4.02010e-002
-4.946400000000e-004,-4.02010e-002
-4.946000000000e-004,-4.02010e-002
-4.945600000000e-004,-4.02010e-002
-4.945200000000e-004, 0.00000e+000
-4.944800000000e-004,-4.02010e-002
-4.944400000000e-004,-4.02010e-002
-4.944000000000e-004,-4.02010e-002
-4.943600000000e-004,-4.02010e-002
-4.943200000000e-004,-4.02010e-002
-4.942800000000e-004,-4.02010e-002
-4.942400000000e-004,-4.02010e-002
-4.942000000000e-004,-4.02010e-002
-4.941600000000e-004,-4.02010e-002
-4.941200000000e-004,-4.02010e-002
-4.940800000000e-004,-4.02010e-002
-4.940400000000e-004,-4.02010e-002
-4.940000000000e-004, 0.00000e+000
-4.939600000000e-004,-4.02010e-002
-4.939200000000e-004, 0.00000e+000
-4.938800000000e-004,-4.02010e-002
-4.938400000000e-004,-4.02010e-002
-4.938000000000e-004,-4.02010e-002
-4.937600000000e-004,-4.02010e-002
-4.937200000000e-004,-4.02010e-002
-4.936800000000e-004,-4.02010e-002
-4.936400000000e-004,-4.02010e-002
-4.936000000000e-004,-4.02010e-002
-4.935600000000e-004,-4.02010e-002
-4.935200000000e-004,-4.02010e-002
-4.934800000000e-004,-4.02010e-002
-4.934400000000e-004,-4.02010e-002
-4.934000000000e-004,-4.02010e-002
-4.933600000000e-004,-4.02010e-002
-4.933200000000e-004,-4.02010e-002
-4.932800000000e-004,-8.04020e-002
-4.932400000000e-004,-4.02010e-002
-4.932000000000e-004,-4.02010e-002
-4.931600000000e-004,-4.02010e-002
-4.931200000000e-004,-4.02010e-002
-4.930800000000e-004,-4.02010e-002
-4.930400000000e-004,-4.02010e-002
-4.930000000000e-004,-4.02010e-002
-4.929600000000e-004,-4.02010e-002
-4.929200000000e-004,-4.02010e-002
-4.928800000000e-004,-4.02010e-002
-4.928400000000e-004,-4.02010e-002
-4.928000000000e-004,-4.02010e-002
-4.927600000000e-004,-4.02010e-002
-4.927200000000e-004,-4.02010e-002
-4.926800000000e-004,-4.02010e-002
-4.926400000000e-004,-4.02010e-002
-4.926000000000e-004,-4.02010e-002
-4.925600000000e-004,-4.02010e-002
-4.925200000000e-004,-4.02010e-002
-4.924800000000e-004,-4.02010e-002
-4.924400000000e-004,-4.02010e-002
-4.924000000000e-004,-4.02010e-002
-4.923600000000e-004,-4.02010e-002
-4.923200000000e-004,-4.02010e-002
-4.922800000000e-004,-4.02010e-002
-4.922400000000e-004,-4.02010e-002
-4.922000000000e-004,-4.02010e-002
-4.921600000000e-004,-4.02010e-002
-4.921200000000e-004,-4.02010e-002
-4.920800000000e-004,-8.04020e-002
-4.920400000000e-004,-4.02010e-002
-4.920000000000e-004,-4.02010e-002
-4.919600000000e-004,-4.02010e-002
-4.919200000000e-004,-4.02010e-002
-4.918800000000e-004,-4.02010e-002
-4.918400000000e-004,-4.02010e-002
-4.918000000000e-004,-4.02010e-002
-4.917600000000e-004,-4.02010e-002
-4.917200000000e-004,-4.02010e-002
-4.916800000000e-004,-4.02010e-002
-4.916400000000e-004,-4.02010e-002
-4.916000000000e-004,-4.02010e-002
-4.915600000000e-004,-4.02010e-002
-4.915200000000e-004,-4.02010e-002
-4.914800000000e-004,-4.02010e-002
-4.914400000000e-004,-4.02010e-002
-4.914000000000e-004,-4.02010e-002
-4.913600000000e-004,-4.02010e-002
-4.913200000000e-004,-4.02010e-002
-4.912800000000e-004,-8.04020e-002
-4.912400000000e-004,-4.02010e-002
-4.912000000000e-004,-4.02010e-002
-4.911600000000e-004,-4.02010e-002
-4.911200000000e-004,-4.02010e-002
-4.910800000000e-004,-4.02010e-002
-4.910400000000e-004,-4.02010e-002
-4.910000000000e-004,-4.02010e-002
-4.909600000000e-004,-8.04020e-002
-4.909200000000e-004,-4.02010e-002
-4.908800000000e-004, 0.00000e+000
-4.908400000000e-004,-4.02010e-002
-4.908000000000e-004,-4.02010e-002
-4.907600000000e-004,-4.02010e-002
-4.907200000000e-004,-4.02010e-002
-4.906800000000e-004,-4.02010e-002
-4.906400000000e-004,-4.02010e-002
-4.906000000000e-004,-4.02010e-002
-4.905600000000e-004,-4.02010e-002
-4.905200000000e-004,-4.02010e-002
-4.904800000000e-004,-4.02010e-002
-4.904400000000e-004,-4.02010e-002
-4.904000000000e-004,-4.02010e-002
-4.903600000000e-004,-4.02010e-002
-4.903200000000e-004,-4.02010e-002
-4.902800000000e-004,-4.02010e-002
-4.902400000000e-004,-4.02010e-002
-4.902000000000e-004,-4.02010e-002
-4.901600000000e-004,-4.02010e-002
-4.901200000000e-004,-4.02010e-002
-4.900800000000e-004,-4.02010e-002
-4.900400000000e-004,-4.02010e-002
-4.900000000000e-004,-4.02010e-002
-4.899600000000e-004,-4.02010e-002
-4.899200000000e-004,-4.02010e-002
-4.898800000000e-004,-4.02010e-002
-4.898400000000e-004,-4.02010e-002
-4.898000000000e-004,-4.02010e-002
-4.897600000000e-004,-4.02010e-002
-4.897200000000e-004,-4.02010e-002
-4.896800000000e-004,-4.02010e-002
-4.896400000000e-004,-8.04020e-002
-4.896000000000e-004,-4.02010e-002
-4.895600000000e-004,-4.02010e-002
-4.895200000000e-004,-4.02010e-002
-4.894800000000e-004,-4.02010e-002
-4.894400000000e-004,-4.02010e-002
-4.894000000000e-004,-4.02010e-002
-4.893600000000e-004,-4.02010e-002
-4.893200000000e-004,-4.02010e-002
-4.892800000000e-004,-4.02010e-002
-4.892400000000e-004,-4.02010e-002
-4.892000000000e-004,-4.02010e-002
-4.891600000000e-004,-4.02010e-002
-4.891200000000e-004,-4.02010e-002
-4.890800000000e-004,-4.02010e-002
-4.890400000000e-004,-4.02010e-002
-4.890000000000e-004,-4.02010e-002
-4.889600000000e-004,-4.02010e-002
-4.889200000000e-004,-4.02010e-002
-4.888800000000e-004,-4.02010e-002
-4.888400000000e-004,-4.02010e-002
-4.888000000000e-004,-4.02010e-002
-4.887600000000e-004,-4.02010e-002
-4.887200000000e-004,-4.02010e-002
-4.886800000000e-004,-4.02010e-002
-4.886400000000e-004,-4.02010e-002
-4.886000000000e-004,-4.02010e-002
-4.885600000000e-004,-4.02010e-002
-4.885200000000e-004,-4.02010e-002
-4.884800000000e-004,-4.02010e-002
-4.884400000000e-004,-4.02010e-002
-4.884000000000e-004,-4.02010e-002
-4.883600000000e-004,-4.02010e-002
-4.883200000000e-004,-4.02010e-002
-4.882800000000e-004,-4.02010e-002
-4.882400000000e-004,-4.02010e-002
-4.882000000000e-004,-4.02010e-002
-4.881600000000e-004,-4.02010e-002
-4.881200000000e-004,-4.02010e-002
-4.880800000000e-004,-4.02010e-002
-4.880400000000e-004,-4.02010e-002
-4.880000000000e-004,-4.02010e-002
-4.879600000000e-004,-4.02010e-002
-4.879200000000e-004,-4.02010e-002
-4.878800000000e-004,-4.02010e-002
-4.878400000000e-004,-4.02010e-002
-4.878000000000e-004,-4.02010e-002
-4.877600000000e-004,-4.02010e-002
-4.877200000000e-004,-4.02010e-002
-4.876800000000e-004,-4.02010e-002
-4.876400000000e-004,-4.02010e-002
-4.876000000000e-004,-4.02010e-002
-4.875600000000e-004,-4.02010e-002
-4.875200000000e-004,-4.02010e-002
-4.874800000000e-004,-4.02010e-002
-4.874400000000e-004,-4.02010e-002
-4.874000000000e-004,-4.02010e-002
-4.873600000000e-004,-4.02010e-002
-4.873200000000e-004,-4.02010e-002
-4.872800000000e-004,-4.02010e-002
-4.872400000000e-004,-4.02010e-002
-4.872000000000e-004,-4.02010e-002
-4.871600000000e-004,-4.02010e-002
-4.871200000000e-004,-4.02010e-002
-4.870800000000e-004,-4.02010e-002
-4.870400000000e-004,-4.02010e-002
-4.870000000000e-004,-4.02010e-002
-4.869600000000e-004,-4.02010e-002
-4.869200000000e-004,-4.02010e-002
-4.868800000000e-004,-4.02010e-002
-4.868400000000e-004,-4.02010e-002
-4.868000000000e-004,-4.02010e-002
-4.867600000000e-004,-4.02010e-002
-4.867200000000e-004,-4.02010e-002
-4.866800000000e-004,-4.02010e-002
-4.866400000000e-004,-4.02010e-002
-4.866000000000e-004,-4.02010e-002
-4.865600000000e-004,-4.02010e-002
-4.865200000000e-004,-4.02010e-002
-4.864800000000e-004,-4.02010e-002
-4.864400000000e-004,-4.02010e-002
-4.864000000000e-004,-4.02010e-002
-4.863600000000e-004,-4.02010e-002
-4.863200000000e-004, 0.00000e+000
-4.862800000000e-004,-4.02010e-002
-4.862400000000e-004,-4.02010e-002
-4.862000000000e-004,-4.02010e-002
-4.861600000000e-004,-4.02010e-002
-4.861200000000e-004,-4.02010e-002
-4.860800000000e-004,-4.02010e-002
-4.860400000000e-004,-4.02010e-002
-4.860000000000e-004,-4.02010e-002
-4.859600000000e-004,-4.02010e-002
-4.859200000000e-004,-4.02010e-002
-4.858800000000e-004,-4.02010e-002
-4.858400000000e-004,-4.02010e-002
-4.858000000000e-004,-4.02010e-002
-4.857600000000e-004,-4.02010e-002
-4.857200000000e-004,-4.02010e-002
-4.856800000000e-004,-4.02010e-002
-4.856400000000e-004,-4.02010e-002
-4.856000000000e-004,-4.02010e-002
-4.855600000000e-004, 0.00000e+000
-4.855200000000e-004,-4.02010e-002
-4.854800000000e-004,-4.02010e-002
-4.854400000000e-004,-4.02010e-002
-4.854000000000e-004,-4.02010e-002
-4.853600000000e-004,-4.02010e-002
-4.853200000000e-004,-4.02010e-002
-4.852800000000e-004,-4.02010e-002
-4.852400000000e-004,-4.02010e-002
-4.852000000000e-004,-4.02010e-002
-4.851600000000e-004,-4.02010e-002
-4.851200000000e-004,-4.02010e-002
-4.850800000000e-004, 0.00000e+000
-4.850400000000e-004,-4.02010e-002
-4.850000000000e-004,-4.02010e-002
-4.849600000000e-004,-4.02010e-002
-4.849200000000e-004,-4.02010e-002
-4.848800000000e-004,-4.02010e-002
-4.848400000000e-004,-4.02010e-002
-4.848000000000e-004,-4.02010e-002
-4.847600000000e-004,-4.02010e-002
-4.847200000000e-004,-4.02010e-002
-4.846800000000e-004,-4.02010e-002
-4.846400000000e-004,-4.02010e-002
-4.846000000000e-004,-4.02010e-002
-4.845600000000e-004,-4.02010e-002
-4.845200000000e-004,-4.02010e-002
-4.844800000000e-004,-4.02010e-002
-4.844400000000e-004,-4.02010e-002
-4.844000000000e-004,-4.02010e-002
-4.843600000000e-004,-4.02010e-002
-4.843200000000e-004,-4.02010e-002
-4.842800000000e-004,-4.02010e-002
-4.842400000000e-004,-4.02010e-002
-4.842000000000e-004,-4.02010e-002
-4.841600000000e-004,-4.02010e-002
-4.841200000000e-004,-4.02010e-002
-4.840800000000e-004,-4.02010e-002
-4.840400000000e-004,-4.02010e-002
-4.840000000000e-004,-4.02010e-002
-4.839600000000e-004,-4.02010e-002
-4.839200000000e-004,-4.02010e-002
-4.838800000000e-004,-4.02010e-002
-4.838400000000e-004,-4.02010e-002
-4.838000000000e-004,-4.02010e-002
-4.837600000000e-004,-4.02010e-002
-4.837200000000e-004,-4.02010e-002
-4.836800000000e-004,-4.02010e-002
-4.836400000000e-004,-4.02010e-002
-4.836000000000e-004,-4.02010e-002
-4.835600000000e-004,-4.02010e-002
-4.835200000000e-004,-4.02010e-002
-4.834800000000e-004,-4.02010e-002
-4.834400000000e-004,-4.02010e-002
-4.834000000000e-004,-4.02010e-002
-4.833600000000e-004,-4.02010e-002
-4.833200000000e-004,-8.04020e-002
-4.832800000000e-004,-4.02010e-002
-4.832400000000e-004,-4.02010e-002
-4.832000000000e-004,-4.02010e-002
-4.831600000000e-004,-4.02010e-002
-4.831200000000e-004,-4.02010e-002
-4.830800000000e-004,-4.02010e-002
-4.830400000000e-004,-4.02010e-002
-4.830000000000e-004,-4.02010e-002
-4.829600000000e-004,-4.02010e-002
-4.829200000000e-004,-4.02010e-002
-4.828800000000e-004,-4.02010e-002
-4.828400000000e-004,-4.02010e-002
-4.828000000000e-004,-4.02010e-002
-4.827600000000e-004,-4.02010e-002
-4.827200000000e-004,-4.02010e-002
-4.826800000000e-004,-4.02010e-002
-4.826400000000e-004,-4.02010e-002
-4.826000000000e-004,-4.02010e-002
-4.825600000000e-004,-4.02010e-002
-4.825200000000e-004,-4.02010e-002
-4.824800000000e-004,-4.02010e-002
-4.824400000000e-004,-4.02010e-002
-4.824000000000e-004,-4.02010e-002
-4.823600000000e-004,-4.02010e-002
-4.823200000000e-004,-4.02010e-002
-4.822800000000e-004,-4.02010e-002
-4.822400000000e-004,-4.02010e-002
-4.822000000000e-004,-4.02010e-002
-4.821600000000e-004,-4.02010e-002
-4.821200000000e-004,-4.02010e-002
-4.820800000000e-004,-4.02010e-002
-4.820400000000e-004,-4.02010e-002
-4.820000000000e-004,-4.02010e-002
-4.819600000000e-004,-4.02010e-002
-4.819200000000e-004,-4.02010e-002
-4.818800000000e-004,-4.02010e-002
-4.818400000000e-004,-8.04020e-002
-4.818000000000e-004,-4.02010e-002
-4.817600000000e-004,-4.02010e-002
-4.817200000000e-004,-4.02010e-002
-4.816800000000e-004,-4.02010e-002
-4.816400000000e-004,-8.04020e-002
-4.816000000000e-004,-4.02010e-002
-4.815600000000e-004,-4.02010e-002
-4.815200000000e-004,-8.04020e-002
-4.814800000000e-004,-4.02010e-002
-4.814400000000e-004,-4.02010e-002
-4.814000000000e-004,-4.02010e-002
-4.813600000000e-004,-4.02010e-002
-4.813200000000e-004, 0.00000e+000
-4.812800000000e-004,-8.04020e-002
-4.812400000000e-004,-4.02010e-002
-4.812000000000e-004,-4.02010e-002
-4.811600000000e-004,-4.02010e-002
-4.811200000000e-004,-4.02010e-002
-4.810800000000e-004,-4.02010e-002
-4.810400000000e-004,-4.02010e-002
-4.810000000000e-004,-4.02010e-002
-4.809600000000e-004,-4.02010e-002
-4.809200000000e-004,-4.02010e-002
-4.808800000000e-004,-4.02010e-002
-4.808400000000e-004,-4.02010e-002
-4.808000000000e-004,-4.02010e-002
-4.807600000000e-004,-4.02010e-002
-4.807200000000e-004,-4.02010e-002
-4.806800000000e-004,-4.02010e-002
-4.806400000000e-004,-4.02010e-002
-4.806000000000e-004,-4.02010e-002
-4.805600000000e-004,-4.02010e-002
-4.805200000000e-004,-4.02010e-002
-4.804800000000e-004,-4.02010e-002
-4.804400000000e-004,-4.02010e-002
-4.804000000000e-004,-4.02010e-002
-4.803600000000e-004,-4.02010e-002
-4.803200000000e-004,-4.02010e-002
-4.802800000000e-004,-4.02010e-002
-4.802400000000e-004,-4.02010e-002
-4.802000000000e-004,-4.02010e-002
-4.801600000000e-004,-4.02010e-002
-4.801200000000e-004,-4.02010e-002
-4.800800000000e-004,-4.02010e-002
-4.800400000000e-004,-4.02010e-002
-4.800000000000e-004,-4.02010e-002
-4.799600000000e-004,-4.02010e-002
-4.799200000000e-004,-4.02010e-002
-4.798800000000e-004,-4.02010e-002
-4.798400000000e-004,-4.02010e-002
-4.798000000000e-004,-4.02010e-002
-4.797600000000e-004,-4.02010e-002
-4.797200000000e-004,-4.02010e-002
-4.796800000000e-004, 0.00000e+000
-4.796400000000e-004,-4.02010e-002
-4.796000000000e-004,-4.02010e-002
-4.795600000000e-004,-4.02010e-002
-4.795200000000e-004,-4.02010e-002
-4.794800000000e-004,-4.02010e-002
-4.794400000000e-004,-4.02010e-002
-4.794000000000e-004,-4.02010e-002
-4.793600000000e-004,-4.02010e-002
-4.793200000000e-004,-4.02010e-002
-4.792800000000e-004,-4.02010e-002
-4.792400000000e-004,-4.02010e-002
-4.792000000000e-004,-4.02010e-002
-4.791600000000e-004,-4.02010e-002
-4.791200000000e-004,-4.02010e-002
-4.790800000000e-004,-4.02010e-002
-4.790400000000e-004,-4.02010e-002
-4.790000000000e-004,-4.02010e-002
-4.789600000000e-004,-4.02010e-002
-4.789200000000e-004,-4.02010e-002
-4.788800000000e-004,-4.02010e-002
-4.788400000000e-004,-4.02010e-002
-4.788000000000e-004,-4.02010e-002
-4.787600000000e-004,-4.02010e-002
-4.787200000000e-004, 0.00000e+000
-4.786800000000e-004,-8.04020e-002
-4.786400000000e-004,-4.02010e-002
-4.786000000000e-004,-4.02010e-002
-4.785600000000e-004,-4.02010e-002
-4.785200000000e-004, 0.00000e+000
-4.784800000000e-004,-4.02010e-002
-4.784400000000e-004,-4.02010e-002
-4.784000000000e-004,-4.02010e-002
-4.783600000000e-004,-4.02010e-002
-4.783200000000e-004,-4.02010e-002
-4.782800000000e-004,-4.02010e-002
-4.782400000000e-004,-4.02010e-002
-4.782000000000e-004,-4.02010e-002
-4.781600000000e-004,-4.02010e-002
-4.781200000000e-004,-4.02010e-002
-4.780800000000e-004,-4.02010e-002
-4.780400000000e-004,-4.02010e-002
-4.780000000000e-004,-4.02010e-002
-4.779600000000e-004,-4.02010e-002
-4.779200000000e-004,-4.02010e-002
-4.778800000000e-004,-4.02010e-002
-4.778400000000e-004,-4.02010e-002
-4.778000000000e-004,-4.02010e-002
-4.777600000000e-004,-4.02010e-002
-4.777200000000e-004,-4.02010e-002
-4.776800000000e-004,-4.02010e-002
-4.776400000000e-004,-8.04020e-002
-4.776000000000e-004,-4.02010e-002
-4.775600000000e-004, 0.00000e+000
-4.775200000000e-004,-4.02010e-002
-4.774800000000e-004,-4.02010e-002
-4.774400000000e-004,-4.02010e-002
-4.774000000000e-004,-4.02010e-002
-4.773600000000e-004,-4.02010e-002
-4.773200000000e-004,-4.02010e-002
-4.772800000000e-004,-4.02010e-002
-4.772400000000e-004,-4.02010e-002
-4.772000000000e-004,-4.02010e-002
-4.771600000000e-004,-4.02010e-002
-4.771200000000e-004,-8.04020e-002
-4.770800000000e-004,-4.02010e-002
-4.770400000000e-004,-4.02010e-002
-4.770000000000e-004,-4.02010e-002
-4.769600000000e-004,-4.02010e-002
-4.769200000000e-004,-4.02010e-002
-4.768800000000e-004,-4.02010e-002
-4.768400000000e-004,-4.02010e-002
-4.768000000000e-004,-4.02010e-002
-4.767600000000e-004,-4.02010e-002
-4.767200000000e-004,-4.02010e-002
-4.766800000000e-004,-4.02010e-002
-4.766400000000e-004,-4.02010e-002
-4.766000000000e-004,-4.02010e-002
-4.765600000000e-004,-4.02010e-002
-4.765200000000e-004,-4.02010e-002
-4.764800000000e-004,-4.02010e-002
-4.764400000000e-004,-4.02010e-002
-4.764000000000e-004,-4.02010e-002
-4.763600000000e-004,-4.02010e-002
-4.763200000000e-004,-4.02010e-002
-4.762800000000e-004,-4.02010e-002
-4.762400000000e-004,-4.02010e-002
-4.762000000000e-004,-4.02010e-002
-4.761600000000e-004,-4.02010e-002
-4.761200000000e-004,-4.02010e-002
-4.760800000000e-004,-4.02010e-002
-4.760400000000e-004,-4.02010e-002
-4.760000000000e-004,-4.02010e-002
-4.759600000000e-004,-4.02010e-002
-4.759200000000e-004,-4.02010e-002
-4.758800000000e-004,-4.02010e-002
-4.758400000000e-004,-4.02010e-002
-4.758000000000e-004,-4.02010e-002
-4.757600000000e-004,-4.02010e-002
-4.757200000000e-004,-4.02010e-002
-4.756800000000e-004,-4.02010e-002
-4.756400000000e-004,-4.02010e-002
-4.756000000000e-004,-4.02010e-002
-4.755600000000e-004,-4.02010e-002
-4.755200000000e-004,-4.02010e-002
-4.754800000000e-004,-4.02010e-002
-4.754400000000e-004,-4.02010e-002
-4.754000000000e-004,-4.02010e-002
-4.753600000000e-004,-4.02010e-002
-4.753200000000e-004,-4.02010e-002
-4.752800000000e-004,-4.02010e-002
-4.752400000000e-004,-4.02010e-002
-4.752000000000e-004,-4.02010e-002
-4.751600000000e-004,-4.02010e-002
-4.751200000000e-004,-4.02010e-002
-4.750800000000e-004,-4.02010e-002
-4.750400000000e-004,-4.02010e-002
-4.750000000000e-004,-4.02010e-002
-4.749600000000e-004,-4.02010e-002
-4.749200000000e-004,-4.02010e-002
-4.748800000000e-004,-4.02010e-002
-4.748400000000e-004,-4.02010e-002
-4.748000000000e-004,-4.02010e-002
-4.747600000000e-004,-4.02010e-002
-4.747200000000e-004,-4.02010e-002
-4.746800000000e-004,-4.02010e-002
-4.746400000000e-004,-4.02010e-002
-4.746000000000e-004,-4.02010e-002
-4.745600000000e-004,-4.02010e-002
-4.745200000000e-004,-4.02010e-002
-4.744800000000e-004,-4.02010e-002
-4.744400000000e-004,-4.02010e-002
-4.744000000000e-004,-4.02010e-002
-4.743600000000e-004,-4.02010e-002
-4.743200000000e-004,-4.02010e-002
-4.742800000000e-004,-4.02010e-002
-4.742400000000e-004,-4.02010e-002
-4.742000000000e-004,-4.02010e-002
-4.741600000000e-004,-4.02010e-002
-4.741200000000e-004,-4.02010e-002
-4.740800000000e-004,-4.02010e-002
-4.740400000000e-004,-4.02010e-002
-4.740000000000e-004,-4.02010e-002
-4.739600000000e-004,-4.02010e-002
-4.739200000000e-004,-8.04020e-002
-4.738800000000e-004,-4.02010e-002
-4.738400000000e-004,-4.02010e-002
-4.738000000000e-004, 0.00000e+000
-4.737600000000e-004,-4.02010e-002
-4.737200000000e-004,-4.02010e-002
-4.736800000000e-004,-4.02010e-002
-4.736400000000e-004,-4.02010e-002
-4.736000000000e-004,-4.02010e-002
-4.735600000000e-004,-4.02010e-002
-4.735200000000e-004,-8.04020e-002
-4.734800000000e-004,-8.04020e-002
-4.734400000000e-004,-4.02010e-002
-4.734000000000e-004,-4.02010e-002
-4.733600000000e-004,-4.02010e-002
-4.733200000000e-004,-4.02010e-002
-4.732800000000e-004, 0.00000e+000
-4.732400000000e-004,-4.02010e-002
-4.732000000000e-004,-4.02010e-002
-4.731600000000e-004,-4.02010e-002
-4.731200000000e-004,-4.02010e-002
-4.730800000000e-004,-4.02010e-002
-4.730400000000e-004,-4.02010e-002
-4.730000000000e-004,-4.02010e-002
-4.729600000000e-004,-4.02010e-002
-4.729200000000e-004,-4.02010e-002
-4.728800000000e-004,-4.02010e-002
-4.728400000000e-004,-4.02010e-002
-4.728000000000e-004,-4.02010e-002
-4.727600000000e-004, 0.00000e+000
-4.727200000000e-004,-4.02010e-002
-4.726800000000e-004,-4.02010e-002
-4.726400000000e-004,-4.02010e-002
-4.726000000000e-004,-4.02010e-002
-4.725600000000e-004,-4.02010e-002
-4.725200000000e-004,-4.02010e-002
-4.724800000000e-004,-4.02010e-002
-4.724400000000e-004,-4.02010e-002
-4.724000000000e-004,-4.02010e-002
-4.723600000000e-004,-4.02010e-002
-4.723200000000e-004,-4.02010e-002
-4.722800000000e-004,-4.02010e-002
-4.722400000000e-004,-4.02010e-002
-4.722000000000e-004,-4.02010e-002
-4.721600000000e-004,-4.02010e-002
-4.721200000000e-004,-4.02010e-002
-4.720800000000e-004,-4.02010e-002
-4.720400000000e-004,-4.02010e-002
-4.720000000000e-004,-4.02010e-002
-4.719600000000e-004,-4.02010e-002
-4.719200000000e-004,-4.02010e-002
-4.718800000000e-004,-4.02010e-002
-4.718400000000e-004,-4.02010e-002
-4.718000000000e-004,-4.02010e-002
-4.717600000000e-004,-4.02010e-002
-4.717200000000e-004,-4.02010e-002
-4.716800000000e-004,-4.02010e-002
-4.716400000000e-004,-4.02010e-002
-4.716000000000e-004,-4.02010e-002
-4.715600000000e-004,-4.02010e-002
-4.715200000000e-004,-4.02010e-002
-4.714800000000e-004,-4.02010e-002
-4.714400000000e-004,-4.02010e-002
-4.714000000000e-004,-4.02010e-002
-4.713600000000e-004,-4.02010e-002
-4.713200000000e-004,-4.02010e-002
-4.712800000000e-004,-4.02010e-002
-4.712400000000e-004,-4.02010e-002
-4.712000000000e-004,-4.02010e-002
-4.711600000000e-004,-4.02010e-002
-4.711200000000e-004,-4.02010e-002
-4.710800000000e-004,-4.02010e-002
-4.710400000000e-004,-4.02010e-002
-4.710000000000e-004,-4.02010e-002
-4.709600000000e-004,-8.04020e-002
-4.709200000000e-004,-4.02010e-002
-4.708800000000e-004,-4.02010e-002
-4.708400000000e-004,-4.02010e-002
-4.708000000000e-004,-4.02010e-002
-4.707600000000e-004,-4.02010e-002
-4.707200000000e-004,-4.02010e-002
-4.706800000000e-004,-4.02010e-002
-4.706400000000e-004,-4.02010e-002
-4.706000000000e-004,-4.02010e-002
-4.705600000000e-004,-4.02010e-002
-4.705200000000e-004,-4.02010e-002
-4.704800000000e-004,-4.02010e-002
-4.704400000000e-004,-4.02010e-002
-4.704000000000e-004,-4.02010e-002
-4.703600000000e-004,-4.02010e-002
-4.703200000000e-004,-4.02010e-002
-4.702800000000e-004,-4.02010e-002
-4.702400000000e-004,-4.02010e-002
-4.702000000000e-004,-4.02010e-002
-4.701600000000e-004,-4.02010e-002
-4.701200000000e-004,-4.02010e-002
-4.700800000000e-004,-4.02010e-002
-4.700400000000e-004,-4.02010e-002
-4.700000000000e-004,-4.02010e-002
-4.699600000000e-004,-4.02010e-002
-4.699200000000e-004,-4.02010e-002
-4.698800000000e-004,-4.02010e-002
-4.698400000000e-004,-4.02010e-002
-4.698000000000e-004,-4.02010e-002
-4.697600000000e-004,-4.02010e-002
-4.697200000000e-004,-4.02010e-002
-4.696800000000e-004,-4.02010e-002
-4.696400000000e-004,-4.02010e-002
-4.696000000000e-004,-4.02010e-002
-4.695600000000e-004,-4.02010e-002
-4.695200000000e-004, 0.00000e+000
-4.694800000000e-004,-4.02010e-002
-4.694400000000e-004,-4.02010e-002
-4.694000000000e-004,-4.02010e-002
-4.693600000000e-004,-4.02010e-002
-4.693200000000e-004,-4.02010e-002
-4.692800000000e-004,-4.02010e-002
-4.692400000000e-004,-4.02010e-002
-4.692000000000e-004,-4.02010e-002
-4.691600000000e-004,-4.02010e-002
-4.691200000000e-004,-4.02010e-002
-4.690800000000e-004,-4.02010e-002
-4.690400000000e-004,-4.02010e-002
-4.690000000000e-004,-4.02010e-002
-4.689600000000e-004,-4.02010e-002
-4.689200000000e-004,-4.02010e-002
-4.688800000000e-004,-4.02010e-002
-4.688400000000e-004,-4.02010e-002
-4.688000000000e-004,-4.02010e-002
-4.687600000000e-004,-4.02010e-002
-4.687200000000e-004,-4.02010e-002
-4.686800000000e-004,-4.02010e-002
-4.686400000000e-004,-4.02010e-002
-4.686000000000e-004, 0.00000e+000
-4.685600000000e-004,-4.02010e-002
-4.685200000000e-004,-4.02010e-002
-4.684800000000e-004,-4.02010e-002
-4.684400000000e-004,-4.02010e-002
-4.684000000000e-004,-4.02010e-002
-4.683600000000e-004, 0.00000e+000
-4.683200000000e-004,-4.02010e-002
-4.682800000000e-004,-4.02010e-002
-4.682400000000e-004,-4.02010e-002
-4.682000000000e-004,-4.02010e-002
-4.681600000000e-004,-4.02010e-002
-4.681200000000e-004,-4.02010e-002
-4.680800000000e-004,-4.02010e-002
-4.680400000000e-004,-4.02010e-002
-4.680000000000e-004,-4.02010e-002
-4.679600000000e-004,-4.02010e-002
-4.679200000000e-004,-4.02010e-002
-4.678800000000e-004,-4.02010e-002
-4.678400000000e-004,-4.02010e-002
-4.678000000000e-004,-4.02010e-002
-4.677600000000e-004,-4.02010e-002
-4.677200000000e-004,-4.02010e-002
-4.676800000000e-004,-4.02010e-002
-4.676400000000e-004,-4.02010e-002
-4.676000000000e-004,-4.02010e-002
-4.675600000000e-004,-4.02010e-002
-4.675200000000e-004,-4.02010e-002
-4.674800000000e-004,-4.02010e-002
-4.674400000000e-004,-4.02010e-002
-4.674000000000e-004,-4.02010e-002
-4.673600000000e-004,-4.02010e-002
-4.673200000000e-004,-4.02010e-002
-4.672800000000e-004,-4.02010e-002
-4.672400000000e-004,-4.02010e-002
-4.672000000000e-004,-4.02010e-002
-4.671600000000e-004,-4.02010e-002
-4.671200000000e-004,-4.02010e-002
-4.670800000000e-004,-4.02010e-002
-4.670400000000e-004,-4.02010e-002
-4.670000000000e-004,-4.02010e-002
-4.669600000000e-004,-4.02010e-002
-4.669200000000e-004,-4.02010e-002
-4.668800000000e-004,-4.02010e-002
-4.668400000000e-004,-4.02010e-002
-4.668000000000e-004,-8.04020e-002
-4.667600000000e-004, 0.00000e+000
-4.667200000000e-004,-4.02010e-002
-4.666800000000e-004,-4.02010e-002
-4.666400000000e-004,-4.02010e-002
-4.666000000000e-004,-4.02010e-002
-4.665600000000e-004,-4.02010e-002
-4.665200000000e-004,-4.02010e-002
-4.664800000000e-004,-4.02010e-002
-4.664400000000e-004,-4.02010e-002
-4.664000000000e-004,-4.02010e-002
-4.663600000000e-004,-4.02010e-002
-4.663200000000e-004,-4.02010e-002
-4.662800000000e-004,-4.02010e-002
-4.662400000000e-004,-4.02010e-002
-4.662000000000e-004,-4.02010e-002
-4.661600000000e-004,-4.02010e-002
-4.661200000000e-004,-4.02010e-002
-4.660800000000e-004,-4.02010e-002
-4.660400000000e-004,-4.02010e-002
-4.660000000000e-004,-4.02010e-002
-4.659600000000e-004,-4.02010e-002
-4.659200000000e-004,-4.02010e-002
-4.658800000000e-004,-4.02010e-002
-4.658400000000e-004,-4.02010e-002
-4.658000000000e-004,-4.02010e-002
-4.657600000000e-004,-4.02010e-002
-4.657200000000e-004,-4.02010e-002
-4.656800000000e-004,-4.02010e-002
-4.656400000000e-004,-4.02010e-002
-4.656000000000e-004,-4.02010e-002
-4.655600000000e-004,-4.02010e-002
-4.655200000000e-004,-4.02010e-002
-4.654800000000e-004,-4.02010e-002
-4.654400000000e-004,-4.02010e-002
-4.654000000000e-004,-4.02010e-002
-4.653600000000e-004,-4.02010e-002
-4.653200000000e-004,-4.02010e-002
-4.652800000000e-004,-4.02010e-002
-4.652400000000e-004,-4.02010e-002
-4.652000000000e-004,-4.02010e-002
-4.651600000000e-004,-4.02010e-002
-4.651200000000e-004,-4.02010e-002
-4.650800000000e-004,-4.02010e-002
-4.650400000000e-004,-4.02010e-002
-4.650000000000e-004,-4.02010e-002
-4.649600000000e-004,-4.02010e-002
-4.649200000000e-004,-4.02010e-002
-4.648800000000e-004,-4.02010e-002
-4.648400000000e-004,-4.02010e-002
-4.648000000000e-004,-4.02010e-002
-4.647600000000e-004, 0.00000e+000
-4.647200000000e-004,-4.02010e-002
-4.646800000000e-004,-4.02010e-002
-4.646400000000e-004, 0.00000e+000
-4.646000000000e-004,-4.02010e-002
-4.645600000000e-004,-4.02010e-002
-4.645200000000e-004, 0.00000e+000
-4.644800000000e-004,-4.02010e-002
-4.644400000000e-004,-4.02010e-002
-4.644000000000e-004,-4.02010e-002
-4.643600000000e-004,-4.02010e-002
-4.643200000000e-004, 0.00000e+000
-4.642800000000e-004,-4.02010e-002
-4.642400000000e-004,-4.02010e-002
-4.642000000000e-004,-4.02010e-002
-4.641600000000e-004, 0.00000e+000
-4.641200000000e-004,-4.02010e-002
-4.640800000000e-004,-8.04020e-002
-4.640400000000e-004,-4.02010e-002
-4.640000000000e-004,-4.02010e-002
-4.639600000000e-004,-4.02010e-002
-4.639200000000e-004,-4.02010e-002
-4.638800000000e-004,-4.02010e-002
-4.638400000000e-004,-4.02010e-002
-4.638000000000e-004,-4.02010e-002
-4.637600000000e-004,-4.02010e-002
-4.637200000000e-004,-4.02010e-002
-4.636800000000e-004,-4.02010e-002
-4.636400000000e-004,-4.02010e-002
-4.636000000000e-004,-4.02010e-002
-4.635600000000e-004,-4.02010e-002
-4.635200000000e-004,-4.02010e-002
-4.634800000000e-004,-4.02010e-002
-4.634400000000e-004,-4.02010e-002
-4.634000000000e-004,-4.02010e-002
-4.633600000000e-004,-4.02010e-002
-4.633200000000e-004,-4.02010e-002
-4.632800000000e-004,-4.02010e-002
-4.632400000000e-004,-4.02010e-002
-4.632000000000e-004,-4.02010e-002
-4.631600000000e-004,-4.02010e-002
-4.631200000000e-004,-4.02010e-002
-4.630800000000e-004,-4.02010e-002
-4.630400000000e-004,-4.02010e-002
-4.630000000000e-004,-4.02010e-002
-4.629600000000e-004,-4.02010e-002
-4.629200000000e-004,-4.02010e-002
-4.628800000000e-004,-4.02010e-002
-4.628400000000e-004,-4.02010e-002
-4.628000000000e-004,-4.02010e-002
-4.627600000000e-004,-4.02010e-002
-4.627200000000e-004,-4.02010e-002
-4.626800000000e-004,-4.02010e-002
-4.626400000000e-004,-4.02010e-002
-4.626000000000e-004,-4.02010e-002
-4.625600000000e-004,-4.02010e-002
-4.625200000000e-004,-4.02010e-002
-4.624800000000e-004,-4.02010e-002
-4.624400000000e-004,-4.02010e-002
-4.624000000000e-004,-4.02010e-002
-4.623600000000e-004,-4.02010e-002
-4.623200000000e-004,-4.02010e-002
-4.622800000000e-004,-4.02010e-002
-4.622400000000e-004,-4.02010e-002
-4.622000000000e-004,-4.02010e-002
-4.621600000000e-004,-4.02010e-002
-4.621200000000e-004,-4.02010e-002
-4.620800000000e-004,-4.02010e-002
-4.620400000000e-004,-4.02010e-002
-4.620000000000e-004,-8.04020e-002
-4.619600000000e-004,-4.02010e-002
-4.619200000000e-004,-4.02010e-002
-4.618800000000e-004,-8.04020e-002
-4.618400000000e-004,-4.02010e-002
-4.618000000000e-004,-4.02010e-002
-4.617600000000e-004,-8.04020e-002
-4.617200000000e-004,-4.02010e-002
-4.616800000000e-004,-4.02010e-002
-4.616400000000e-004,-4.02010e-002
-4.616000000000e-004,-4.02010e-002
-4.615600000000e-004,-4.02010e-002
-4.615200000000e-004,-4.02010e-002
-4.614800000000e-004,-8.04020e-002
-4.614400000000e-004,-4.02010e-002
-4.614000000000e-004,-4.02010e-002
-4.613600000000e-004,-4.02010e-002
-4.613200000000e-004,-8.04020e-002
-4.612800000000e-004,-4.02010e-002
-4.612400000000e-004,-4.02010e-002
-4.612000000000e-004,-4.02010e-002
-4.611600000000e-004,-4.02010e-002
-4.611200000000e-004,-4.02010e-002
-4.610800000000e-004,-4.02010e-002
-4.610400000000e-004, 0.00000e+000
-4.610000000000e-004,-4.02010e-002
-4.609600000000e-004,-4.02010e-002
-4.609200000000e-004,-4.02010e-002
-4.608800000000e-004,-8.04020e-002
-4.608400000000e-004,-4.02010e-002
-4.608000000000e-004,-4.02010e-002
-4.607600000000e-004,-4.02010e-002
-4.607200000000e-004,-4.02010e-002
-4.606800000000e-004,-4.02010e-002
-4.606400000000e-004,-4.02010e-002
-4.606000000000e-004,-4.02010e-002
-4.605600000000e-004,-4.02010e-002
-4.605200000000e-004,-4.02010e-002
-4.604800000000e-004,-4.02010e-002
-4.604400000000e-004,-4.02010e-002
-4.604000000000e-004,-4.02010e-002
-4.603600000000e-004,-4.02010e-002
-4.603200000000e-004,-4.02010e-002
-4.602800000000e-004,-4.02010e-002
-4.602400000000e-004,-4.02010e-002
-4.602000000000e-004,-4.02010e-002
-4.601600000000e-004,-4.02010e-002
-4.601200000000e-004,-4.02010e-002
-4.600800000000e-004,-4.02010e-002
-4.600400000000e-004,-4.02010e-002
-4.600000000000e-004,-4.02010e-002
-4.599600000000e-004,-4.02010e-002
-4.599200000000e-004,-4.02010e-002
-4.598800000000e-004,-4.02010e-002
-4.598400000000e-004,-4.02010e-002
-4.598000000000e-004,-4.02010e-002
-4.597600000000e-004,-4.02010e-002
-4.597200000000e-004,-4.02010e-002
-4.596800000000e-004,-4.02010e-002
-4.596400000000e-004,-4.02010e-002
-4.596000000000e-004,-4.02010e-002
-4.595600000000e-004,-4.02010e-002
-4.595200000000e-004,-4.02010e-002
-4.594800000000e-004,-4.02010e-002
-4.594400000000e-004,-4.02010e-002
-4.594000000000e-004,-4.02010e-002
-4.593600000000e-004,-4.02010e-002
-4.593200000000e-004,-4.02010e-002
-4.592800000000e-004,-4.02010e-002
-4.592400000000e-004,-4.02010e-002
-4.592000000000e-004,-4.02010e-002
-4.591600000000e-004,-4.02010e-002
-4.591200000000e-004,-4.02010e-002
-4.590800000000e-004,-4.02010e-002
-4.590400000000e-004,-4.02010e-002
-4.590000000000e-004,-4.02010e-002
-4.589600000000e-004,-4.02010e-002
-4.589200000000e-004,-4.02010e-002
-4.588800000000e-004,-4.02010e-002
-4.588400000000e-004,-4.02010e-002
-4.588000000000e-004,-4.02010e-002
-4.587600000000e-004,-8.04020e-002
-4.587200000000e-004,-4.02010e-002
-4.586800000000e-004,-4.02010e-002
-4.586400000000e-004,-4.02010e-002
-4.586000000000e-004,-4.02010e-002
-4.585600000000e-004,-4.02010e-002
-4.585200000000e-004,-4.02010e-002
-4.584800000000e-004,-4.02010e-002
-4.584400000000e-004,-4.02010e-002
-4.584000000000e-004,-4.02010e-002
-4.583600000000e-004,-4.02010e-002
-4.583200000000e-004,-4.02010e-002
-4.582800000000e-004,-4.02010e-002
-4.582400000000e-004,-4.02010e-002
-4.582000000000e-004,-4.02010e-002
-4.581600000000e-004,-4.02010e-002
-4.581200000000e-004,-4.02010e-002
-4.580800000000e-004,-4.02010e-002
-4.580400000000e-004,-4.02010e-002
-4.580000000000e-004,-4.02010e-002
-4.579600000000e-004,-4.02010e-002
-4.579200000000e-004,-4.02010e-002
-4.578800000000e-004,-4.02010e-002
-4.578400000000e-004,-4.02010e-002
-4.578000000000e-004,-4.02010e-002
-4.577600000000e-004,-4.02010e-002
-4.577200000000e-004,-4.02010e-002
-4.576800000000e-004,-4.02010e-002
-4.576400000000e-004,-4.02010e-002
-4.576000000000e-004,-4.02010e-002
-4.575600000000e-004,-4.02010e-002
-4.575200000000e-004,-4.02010e-002
-4.574800000000e-004,-4.02010e-002
-4.574400000000e-004,-4.02010e-002
-4.574000000000e-004,-8.04020e-002
-4.573600000000e-004,-4.02010e-002
-4.573200000000e-004,-4.02010e-002
-4.572800000000e-004,-4.02010e-002
-4.572400000000e-004,-4.02010e-002
-4.572000000000e-004,-4.02010e-002
-4.571600000000e-004,-4.02010e-002
-4.571200000000e-004,-4.02010e-002
-4.570800000000e-004,-4.02010e-002
-4.570400000000e-004,-4.02010e-002
-4.570000000000e-004,-4.02010e-002
-4.569600000000e-004,-4.02010e-002
-4.569200000000e-004,-4.02010e-002
-4.568800000000e-004,-4.02010e-002
-4.568400000000e-004,-4.02010e-002
-4.568000000000e-004,-4.02010e-002
-4.567600000000e-004,-4.02010e-002
-4.567200000000e-004,-4.02010e-002
-4.566800000000e-004,-4.02010e-002
-4.566400000000e-004,-4.02010e-002
-4.566000000000e-004,-4.02010e-002
-4.565600000000e-004,-4.02010e-002
-4.565200000000e-004,-4.02010e-002
-4.564800000000e-004,-4.02010e-002
-4.564400000000e-004,-4.02010e-002
-4.564000000000e-004,-4.02010e-002
-4.563600000000e-004,-4.02010e-002
-4.563200000000e-004,-4.02010e-002
-4.562800000000e-004,-4.02010e-002
-4.562400000000e-004,-4.02010e-002
-4.562000000000e-004,-4.02010e-002
-4.561600000000e-004,-4.02010e-002
-4.561200000000e-004,-4.02010e-002
-4.560800000000e-004,-4.02010e-002
-4.560400000000e-004,-4.02010e-002
-4.560000000000e-004,-4.02010e-002
-4.559600000000e-004,-4.02010e-002
-4.559200000000e-004,-4.02010e-002
-4.558800000000e-004,-4.02010e-002
-4.558400000000e-004,-4.02010e-002
-4.558000000000e-004,-4.02010e-002
-4.557600000000e-004,-4.02010e-002
-4.557200000000e-004,-4.02010e-002
-4.556800000000e-004,-4.02010e-002
-4.556400000000e-004,-4.02010e-002
-4.556000000000e-004,-4.02010e-002
-4.555600000000e-004,-4.02010e-002
-4.555200000000e-004,-4.02010e-002
-4.554800000000e-004,-4.02010e-002
-4.554400000000e-004,-4.02010e-002
-4.554000000000e-004,-4.02010e-002
-4.553600000000e-004,-4.02010e-002
-4.553200000000e-004,-4.02010e-002
-4.552800000000e-004,-4.02010e-002
-4.552400000000e-004,-4.02010e-002
-4.552000000000e-004,-4.02010e-002
-4.551600000000e-004,-4.02010e-002
-4.551200000000e-004,-4.02010e-002
-4.550800000000e-004,-4.02010e-002
-4.550400000000e-004,-4.02010e-002
-4.550000000000e-004,-4.02010e-002
-4.549600000000e-004,-4.02010e-002
-4.549200000000e-004,-4.02010e-002
-4.548800000000e-004,-4.02010e-002
-4.548400000000e-004,-8.04020e-002
-4.548000000000e-004,-4.02010e-002
-4.547600000000e-004,-4.02010e-002
-4.547200000000e-004,-4.02010e-002
-4.546800000000e-004,-4.02010e-002
-4.546400000000e-004,-4.02010e-002
-4.546000000000e-004,-8.04020e-002
-4.545600000000e-004,-4.02010e-002
-4.545200000000e-004,-4.02010e-002
-4.544800000000e-004,-4.02010e-002
-4.544400000000e-004,-4.02010e-002
-4.544000000000e-004,-4.02010e-002
-4.543600000000e-004,-4.02010e-002
-4.543200000000e-004,-4.02010e-002
-4.542800000000e-004,-4.02010e-002
-4.542400000000e-004,-4.02010e-002
-4.542000000000e-004,-4.02010e-002
-4.541600000000e-004,-4.02010e-002
-4.541200000000e-004,-4.02010e-002
-4.540800000000e-004,-4.02010e-002
-4.540400000000e-004, 0.00000e+000
-4.540000000000e-004, 0.00000e+000
-4.539600000000e-004,-8.04020e-002
-4.539200000000e-004,-4.02010e-002
-4.538800000000e-004,-4.02010e-002
-4.538400000000e-004,-4.02010e-002
-4.538000000000e-004,-4.02010e-002
-4.537600000000e-004,-4.02010e-002
-4.537200000000e-004,-4.02010e-002
-4.536800000000e-004,-4.02010e-002
-4.536400000000e-004,-4.02010e-002
-4.536000000000e-004,-4.02010e-002
-4.535600000000e-004,-4.02010e-002
-4.535200000000e-004,-4.02010e-002
-4.534800000000e-004,-4.02010e-002
-4.534400000000e-004, 0.00000e+000
-4.534000000000e-004,-4.02010e-002
-4.533600000000e-004,-4.02010e-002
-4.533200000000e-004,-4.02010e-002
-4.532800000000e-004,-4.02010e-002
-4.532400000000e-004,-4.02010e-002
-4.532000000000e-004,-4.02010e-002
-4.531600000000e-004,-4.02010e-002
-4.531200000000e-004,-4.02010e-002
-4.530800000000e-004,-4.02010e-002
-4.530400000000e-004,-4.02010e-002
-4.530000000000e-004, 0.00000e+000
-4.529600000000e-004,-4.02010e-002
-4.529200000000e-004,-4.02010e-002
-4.528800000000e-004,-4.02010e-002
-4.528400000000e-004,-4.02010e-002
-4.528000000000e-004,-4.02010e-002
-4.527600000000e-004,-4.02010e-002
-4.527200000000e-004,-4.02010e-002
-4.526800000000e-004,-4.02010e-002
-4.526400000000e-004,-4.02010e-002
-4.526000000000e-004,-4.02010e-002
-4.525600000000e-004,-4.02010e-002
-4.525200000000e-004,-8.04020e-002
-4.524800000000e-004,-4.02010e-002
-4.524400000000e-004,-4.02010e-002
-4.524000000000e-004,-4.02010e-002
-4.523600000000e-004,-4.02010e-002
-4.523200000000e-004,-4.02010e-002
-4.522800000000e-004,-4.02010e-002
-4.522400000000e-004,-4.02010e-002
-4.522000000000e-004,-4.02010e-002
-4.521600000000e-004,-4.02010e-002
-4.521200000000e-004,-4.02010e-002
-4.520800000000e-004,-4.02010e-002
-4.520400000000e-004,-4.02010e-002
-4.520000000000e-004,-4.02010e-002
-4.519600000000e-004,-4.02010e-002
-4.519200000000e-004,-4.02010e-002
-4.518800000000e-004,-4.02010e-002
-4.518400000000e-004,-4.02010e-002
-4.518000000000e-004,-4.02010e-002
-4.517600000000e-004,-4.02010e-002
-4.517200000000e-004,-4.02010e-002
-4.516800000000e-004,-4.02010e-002
-4.516400000000e-004,-4.02010e-002
-4.516000000000e-004,-4.02010e-002
-4.515600000000e-004,-4.02010e-002
-4.515200000000e-004,-4.02010e-002
-4.514800000000e-004,-4.02010e-002
-4.514400000000e-004,-4.02010e-002
-4.514000000000e-004,-4.02010e-002
-4.513600000000e-004,-4.02010e-002
-4.513200000000e-004,-4.02010e-002
-4.512800000000e-004,-4.02010e-002
-4.512400000000e-004,-4.02010e-002
-4.512000000000e-004, 0.00000e+000
-4.511600000000e-004,-4.02010e-002
-4.511200000000e-004,-4.02010e-002
-4.510800000000e-004,-4.02010e-002
-4.510400000000e-004,-4.02010e-002
-4.510000000000e-004,-4.02010e-002
-4.509600000000e-004,-4.02010e-002
-4.509200000000e-004,-4.02010e-002
-4.508800000000e-004,-4.02010e-002
-4.508400000000e-004,-4.02010e-002
-4.508000000000e-004, 0.00000e+000
-4.507600000000e-004,-4.02010e-002
-4.507200000000e-004, 0.00000e+000
-4.506800000000e-004,-4.02010e-002
-4.506400000000e-004,-4.02010e-002
-4.506000000000e-004,-4.02010e-002
-4.505600000000e-004,-4.02010e-002
-4.505200000000e-004,-4.02010e-002
-4.504800000000e-004,-4.02010e-002
-4.504400000000e-004,-4.02010e-002
-4.504000000000e-004,-4.02010e-002
-4.503600000000e-004,-4.02010e-002
-4.503200000000e-004,-4.02010e-002
-4.502800000000e-004,-4.02010e-002
-4.502400000000e-004,-4.02010e-002
-4.502000000000e-004,-4.02010e-002
-4.501600000000e-004,-4.02010e-002
-4.501200000000e-004,-4.02010e-002
-4.500800000000e-004,-4.02010e-002
-4.500400000000e-004,-4.02010e-002
-4.500000000000e-004,-4.02010e-002
-4.499600000000e-004,-4.02010e-002
-4.499200000000e-004,-4.02010e-002
-4.498800000000e-004,-4.02010e-002
-4.498400000000e-004,-4.02010e-002
-4.498000000000e-004,-4.02010e-002
-4.497600000000e-004,-4.02010e-002
-4.497200000000e-004, 0.00000e+000
-4.496800000000e-004,-4.02010e-002
-4.496400000000e-004,-4.02010e-002
-4.496000000000e-004,-4.02010e-002
-4.495600000000e-004,-4.02010e-002
-4.495200000000e-004,-4.02010e-002
-4.494800000000e-004,-4.02010e-002
-4.494400000000e-004,-4.02010e-002
-4.494000000000e-004, 0.00000e+000
-4.493600000000e-004,-4.02010e-002
-4.493200000000e-004,-4.02010e-002
-4.492800000000e-004,-4.02010e-002
-4.492400000000e-004,-4.02010e-002
-4.492000000000e-004,-4.02010e-002
-4.491600000000e-004,-4.02010e-002
-4.491200000000e-004,-4.02010e-002
-4.490800000000e-004,-4.02010e-002
-4.490400000000e-004,-4.02010e-002
-4.490000000000e-004,-4.02010e-002
-4.489600000000e-004,-4.02010e-002
-4.489200000000e-004,-4.02010e-002
-4.488800000000e-004, 0.00000e+000
-4.488400000000e-004,-4.02010e-002
-4.488000000000e-004,-4.02010e-002
-4.487600000000e-004,-4.02010e-002
-4.487200000000e-004,-4.02010e-002
-4.486800000000e-004,-4.02010e-002
-4.486400000000e-004,-4.02010e-002
-4.486000000000e-004,-4.02010e-002
-4.485600000000e-004,-4.02010e-002
-4.485200000000e-004,-4.02010e-002
-4.484800000000e-004,-4.02010e-002
-4.484400000000e-004,-4.02010e-002
-4.484000000000e-004,-4.02010e-002
-4.483600000000e-004,-4.02010e-002
-4.483200000000e-004,-4.02010e-002
-4.482800000000e-004,-4.02010e-002
-4.482400000000e-004,-4.02010e-002
-4.482000000000e-004,-4.02010e-002
-4.481600000000e-004,-4.02010e-002
-4.481200000000e-004,-4.02010e-002
-4.480800000000e-004,-4.02010e-002
-4.480400000000e-004,-4.02010e-002
-4.480000000000e-004,-4.02010e-002
-4.479600000000e-004,-4.02010e-002
-4.479200000000e-004,-4.02010e-002
-4.478800000000e-004,-4.02010e-002
-4.478400000000e-004,-4.02010e-002
-4.478000000000e-004,-4.02010e-002
-4.477600000000e-004,-4.02010e-002
-4.477200000000e-004,-4.02010e-002
-4.476800000000e-004,-4.02010e-002
-4.476400000000e-004,-4.02010e-002
-4.476000000000e-004,-4.02010e-002
-4.475600000000e-004,-8.04020e-002
-4.475200000000e-004,-4.02010e-002
-4.474800000000e-004,-4.02010e-002
-4.474400000000e-004,-4.02010e-002
-4.474000000000e-004,-4.02010e-002
-4.473600000000e-004,-4.02010e-002
-4.473200000000e-004,-4.02010e-002
-4.472800000000e-004,-4.02010e-002
-4.472400000000e-004,-4.02010e-002
-4.472000000000e-004,-4.02010e-002
-4.471600000000e-004,-4.02010e-002
-4.471200000000e-004,-4.02010e-002
-4.470800000000e-004,-4.02010e-002
-4.470400000000e-004,-4.02010e-002
-4.470000000000e-004, 0.00000e+000
-4.469600000000e-004, 0.00000e+000
-4.469200000000e-004,-4.02010e-002
-4.468800000000e-004,-4.02010e-002
-4.468400000000e-004,-4.02010e-002
-4.468000000000e-004,-4.02010e-002
-4.467600000000e-004,-4.02010e-002
-4.467200000000e-004,-4.02010e-002
-4.466800000000e-004,-4.02010e-002
-4.466400000000e-004,-4.02010e-002
-4.466000000000e-004,-4.02010e-002
-4.465600000000e-004,-4.02010e-002
-4.465200000000e-004,-4.02010e-002
-4.464800000000e-004,-4.02010e-002
-4.464400000000e-004,-4.02010e-002
-4.464000000000e-004,-4.02010e-002
-4.463600000000e-004,-4.02010e-002
-4.463200000000e-004,-4.02010e-002
-4.462800000000e-004,-4.02010e-002
-4.462400000000e-004,-4.02010e-002
-4.462000000000e-004,-4.02010e-002
-4.461600000000e-004,-4.02010e-002
-4.461200000000e-004,-4.02010e-002
-4.460800000000e-004,-4.02010e-002
-4.460400000000e-004,-4.02010e-002
-4.460000000000e-004,-4.02010e-002
-4.459600000000e-004,-4.02010e-002
-4.459200000000e-004, 0.00000e+000
-4.458800000000e-004,-4.02010e-002
-4.458400000000e-004,-4.02010e-002
-4.458000000000e-004,-4.02010e-002
-4.457600000000e-004,-4.02010e-002
-4.457200000000e-004,-4.02010e-002
-4.456800000000e-004,-4.02010e-002
-4.456400000000e-004,-4.02010e-002
-4.456000000000e-004,-4.02010e-002
-4.455600000000e-004,-4.02010e-002
-4.455200000000e-004,-4.02010e-002
-4.454800000000e-004,-4.02010e-002
-4.454400000000e-004,-4.02010e-002
-4.454000000000e-004,-4.02010e-002
-4.453600000000e-004,-4.02010e-002
-4.453200000000e-004,-4.02010e-002
-4.452800000000e-004,-4.02010e-002
-4.452400000000e-004,-4.02010e-002
-4.452000000000e-004,-4.02010e-002
-4.451600000000e-004,-4.02010e-002
-4.451200000000e-004,-4.02010e-002
-4.450800000000e-004,-4.02010e-002
-4.450400000000e-004,-4.02010e-002
-4.450000000000e-004,-4.02010e-002
-4.449600000000e-004,-4.02010e-002
-4.449200000000e-004,-4.02010e-002
-4.448800000000e-004,-4.02010e-002
-4.448400000000e-004,-4.02010e-002
-4.448000000000e-004,-4.02010e-002
-4.447600000000e-004,-4.02010e-002
-4.447200000000e-004,-4.02010e-002
-4.446800000000e-004,-4.02010e-002
-4.446400000000e-004,-4.02010e-002
-4.446000000000e-004,-4.02010e-002
-4.445600000000e-004,-4.02010e-002
-4.445200000000e-004,-4.02010e-002
-4.444800000000e-004,-4.02010e-002
-4.444400000000e-004,-4.02010e-002
-4.444000000000e-004,-4.02010e-002
-4.443600000000e-004,-4.02010e-002
-4.443200000000e-004,-4.02010e-002
-4.442800000000e-004,-4.02010e-002
-4.442400000000e-004,-4.02010e-002
-4.442000000000e-004,-4.02010e-002
-4.441600000000e-004,-4.02010e-002
-4.441200000000e-004,-4.02010e-002
-4.440800000000e-004,-4.02010e-002
-4.440400000000e-004,-4.02010e-002
-4.440000000000e-004,-4.02010e-002
-4.439600000000e-004,-4.02010e-002
-4.439200000000e-004,-4.02010e-002
-4.438800000000e-004,-4.02010e-002
-4.438400000000e-004,-4.02010e-002
-4.438000000000e-004,-4.02010e-002
-4.437600000000e-004,-4.02010e-002
-4.437200000000e-004,-4.02010e-002
-4.436800000000e-004,-4.02010e-002
-4.436400000000e-004,-4.02010e-002
-4.436000000000e-004,-4.02010e-002
-4.435600000000e-004,-4.02010e-002
-4.435200000000e-004,-4.02010e-002
-4.434800000000e-004,-4.02010e-002
-4.434400000000e-004,-4.02010e-002
-4.434000000000e-004,-4.02010e-002
-4.433600000000e-004,-4.02010e-002
-4.433200000000e-004,-4.02010e-002
-4.432800000000e-004,-4.02010e-002
-4.432400000000e-004,-4.02010e-002
-4.432000000000e-004,-8.04020e-002
-4.431600000000e-004,-4.02010e-002
-4.431200000000e-004,-4.02010e-002
-4.430800000000e-004,-4.02010e-002
-4.430400000000e-004,-4.02010e-002
-4.430000000000e-004,-8.04020e-002
-4.429600000000e-004,-4.02010e-002
-4.429200000000e-004,-4.02010e-002
-4.428800000000e-004,-4.02010e-002
-4.428400000000e-004,-4.02010e-002
-4.428000000000e-004,-4.02010e-002
-4.427600000000e-004,-4.02010e-002
-4.427200000000e-004,-4.02010e-002
-4.426800000000e-004,-4.02010e-002
-4.426400000000e-004,-4.02010e-002
-4.426000000000e-004,-4.02010e-002
-4.425600000000e-004,-4.02010e-002
-4.425200000000e-004,-4.02010e-002
-4.424800000000e-004,-4.02010e-002
-4.424400000000e-004,-4.02010e-002
-4.424000000000e-004,-4.02010e-002
-4.423600000000e-004,-4.02010e-002
-4.423200000000e-004,-4.02010e-002
-4.422800000000e-004,-4.02010e-002
-4.422400000000e-004,-4.02010e-002
-4.422000000000e-004,-4.02010e-002
-4.421600000000e-004,-4.02010e-002
-4.421200000000e-004,-4.02010e-002
-4.420800000000e-004,-4.02010e-002
-4.420400000000e-004,-4.02010e-002
-4.420000000000e-004,-4.02010e-002
-4.419600000000e-004,-4.02010e-002
-4.419200000000e-004,-4.02010e-002
-4.418800000000e-004,-4.02010e-002
-4.418400000000e-004,-4.02010e-002
-4.418000000000e-004,-4.02010e-002
-4.417600000000e-004,-4.02010e-002
-4.417200000000e-004,-4.02010e-002
-4.416800000000e-004,-4.02010e-002
-4.416400000000e-004,-4.02010e-002
-4.416000000000e-004,-4.02010e-002
-4.415600000000e-004,-4.02010e-002
-4.415200000000e-004,-4.02010e-002
-4.414800000000e-004,-4.02010e-002
-4.414400000000e-004,-4.02010e-002
-4.414000000000e-004,-4.02010e-002
-4.413600000000e-004,-4.02010e-002
-4.413200000000e-004,-4.02010e-002
-4.412800000000e-004,-4.02010e-002
-4.412400000000e-004,-4.02010e-002
-4.412000000000e-004,-8.04020e-002
-4.411600000000e-004,-4.02010e-002
-4.411200000000e-004,-4.02010e-002
-4.410800000000e-004,-4.02010e-002
-4.410400000000e-004,-4.02010e-002
-4.410000000000e-004,-8.04020e-002
-4.409600000000e-004,-4.02010e-002
-4.409200000000e-004,-4.02010e-002
-4.408800000000e-004,-4.02010e-002
-4.408400000000e-004,-4.02010e-002
-4.408000000000e-004,-4.02010e-002
-4.407600000000e-004,-4.02010e-002
-4.407200000000e-004,-4.02010e-002
-4.406800000000e-004,-4.02010e-002
-4.406400000000e-004,-4.02010e-002
-4.406000000000e-004,-4.02010e-002
-4.405600000000e-004,-4.02010e-002
-4.405200000000e-004,-4.02010e-002
-4.404800000000e-004,-4.02010e-002
-4.404400000000e-004,-4.02010e-002
-4.404000000000e-004,-4.02010e-002
-4.403600000000e-004,-4.02010e-002
-4.403200000000e-004,-4.02010e-002
-4.402800000000e-004,-8.04020e-002
-4.402400000000e-004,-4.02010e-002
-4.402000000000e-004,-4.02010e-002
-4.401600000000e-004,-4.02010e-002
-4.401200000000e-004,-4.02010e-002
-4.400800000000e-004,-4.02010e-002
-4.400400000000e-004,-4.02010e-002
-4.400000000000e-004,-4.02010e-002
-4.399600000000e-004,-4.02010e-002
-4.399200000000e-004,-4.02010e-002
-4.398800000000e-004,-4.02010e-002
-4.398400000000e-004,-4.02010e-002
-4.398000000000e-004,-4.02010e-002
-4.397600000000e-004,-4.02010e-002
-4.397200000000e-004,-4.02010e-002
-4.396800000000e-004,-4.02010e-002
-4.396400000000e-004,-4.02010e-002
-4.396000000000e-004,-4.02010e-002
-4.395600000000e-004,-4.02010e-002
-4.395200000000e-004,-4.02010e-002
-4.394800000000e-004,-4.02010e-002
-4.394400000000e-004,-4.02010e-002
-4.394000000000e-004,-4.02010e-002
-4.393600000000e-004,-4.02010e-002
-4.393200000000e-004,-4.02010e-002
-4.392800000000e-004,-4.02010e-002
-4.392400000000e-004,-4.02010e-002
-4.392000000000e-004,-4.02010e-002
-4.391600000000e-004,-4.02010e-002
-4.391200000000e-004,-4.02010e-002
-4.390800000000e-004,-4.02010e-002
-4.390400000000e-004,-4.02010e-002
-4.390000000000e-004, 0.00000e+000
-4.389600000000e-004,-4.02010e-002
-4.389200000000e-004,-4.02010e-002
-4.388800000000e-004,-4.02010e-002
-4.388400000000e-004,-4.02010e-002
-4.388000000000e-004,-4.02010e-002
-4.387600000000e-004,-4.02010e-002
-4.387200000000e-004,-4.02010e-002
-4.386800000000e-004,-4.02010e-002
-4.386400000000e-004,-4.02010e-002
-4.386000000000e-004,-4.02010e-002
-4.385600000000e-004,-4.02010e-002
-4.385200000000e-004,-4.02010e-002
-4.384800000000e-004,-8.04020e-002
-4.384400000000e-004,-4.02010e-002
-4.384000000000e-004,-4.02010e-002
-4.383600000000e-004,-4.02010e-002
-4.383200000000e-004,-4.02010e-002
-4.382800000000e-004,-4.02010e-002
-4.382400000000e-004,-4.02010e-002
-4.382000000000e-004,-4.02010e-002
-4.381600000000e-004,-4.02010e-002
-4.381200000000e-004,-4.02010e-002
-4.380800000000e-004,-4.02010e-002
-4.380400000000e-004,-4.02010e-002
-4.380000000000e-004,-4.02010e-002
-4.379600000000e-004,-4.02010e-002
-4.379200000000e-004,-4.02010e-002
-4.378800000000e-004,-4.02010e-002
-4.378400000000e-004,-4.02010e-002
-4.378000000000e-004,-4.02010e-002
-4.377600000000e-004,-4.02010e-002
-4.377200000000e-004,-4.02010e-002
-4.376800000000e-004,-4.02010e-002
-4.376400000000e-004,-8.04020e-002
-4.376000000000e-004,-4.02010e-002
-4.375600000000e-004,-4.02010e-002
-4.375200000000e-004,-4.02010e-002
-4.374800000000e-004,-4.02010e-002
-4.374400000000e-004,-4.02010e-002
-4.374000000000e-004,-4.02010e-002
-4.373600000000e-004,-4.02010e-002
-4.373200000000e-004,-4.02010e-002
-4.372800000000e-004, 0.00000e+000
-4.372400000000e-004,-4.02010e-002
-4.372000000000e-004,-4.02010e-002
-4.371600000000e-004,-4.02010e-002
-4.371200000000e-004,-4.02010e-002
-4.370800000000e-004,-4.02010e-002
-4.370400000000e-004,-4.02010e-002
-4.370000000000e-004,-4.02010e-002
-4.369600000000e-004,-4.02010e-002
-4.369200000000e-004,-4.02010e-002
-4.368800000000e-004,-4.02010e-002
-4.368400000000e-004,-4.02010e-002
-4.368000000000e-004,-4.02010e-002
-4.367600000000e-004,-4.02010e-002
-4.367200000000e-004,-4.02010e-002
-4.366800000000e-004,-4.02010e-002
-4.366400000000e-004,-4.02010e-002
-4.366000000000e-004, 0.00000e+000
-4.365600000000e-004,-4.02010e-002
-4.365200000000e-004,-4.02010e-002
-4.364800000000e-004,-4.02010e-002
-4.364400000000e-004,-4.02010e-002
-4.364000000000e-004,-4.02010e-002
-4.363600000000e-004,-4.02010e-002
-4.363200000000e-004,-4.02010e-002
-4.362800000000e-004,-4.02010e-002
-4.362400000000e-004,-4.02010e-002
-4.362000000000e-004,-4.02010e-002
-4.361600000000e-004,-4.02010e-002
-4.361200000000e-004,-4.02010e-002
-4.360800000000e-004,-8.04020e-002
-4.360400000000e-004,-4.02010e-002
-4.360000000000e-004,-4.02010e-002
-4.359600000000e-004,-4.02010e-002
-4.359200000000e-004,-4.02010e-002
-4.358800000000e-004,-4.02010e-002
-4.358400000000e-004, 0.00000e+000
-4.358000000000e-004,-4.02010e-002
-4.357600000000e-004,-4.02010e-002
-4.357200000000e-004,-4.02010e-002
-4.356800000000e-004,-4.02010e-002
-4.356400000000e-004,-4.02010e-002
-4.356000000000e-004,-4.02010e-002
-4.355600000000e-004,-4.02010e-002
-4.355200000000e-004,-4.02010e-002
-4.354800000000e-004,-4.02010e-002
-4.354400000000e-004,-4.02010e-002
-4.354000000000e-004,-4.02010e-002
-4.353600000000e-004,-4.02010e-002
-4.353200000000e-004,-4.02010e-002
-4.352800000000e-004,-4.02010e-002
-4.352400000000e-004,-4.02010e-002
-4.352000000000e-004,-4.02010e-002
-4.351600000000e-004, 0.00000e+000
-4.351200000000e-004,-4.02010e-002
-4.350800000000e-004,-4.02010e-002
-4.350400000000e-004,-4.02010e-002
-4.350000000000e-004,-4.02010e-002
-4.349600000000e-004,-4.02010e-002
-4.349200000000e-004,-4.02010e-002
-4.348800000000e-004,-4.02010e-002
-4.348400000000e-004,-4.02010e-002
-4.348000000000e-004,-4.02010e-002
-4.347600000000e-004,-4.02010e-002
-4.347200000000e-004,-4.02010e-002
-4.346800000000e-004,-4.02010e-002
-4.346400000000e-004,-4.02010e-002
-4.346000000000e-004,-4.02010e-002
-4.345600000000e-004,-4.02010e-002
-4.345200000000e-004,-4.02010e-002
-4.344800000000e-004,-4.02010e-002
-4.344400000000e-004,-4.02010e-002
-4.344000000000e-004,-4.02010e-002
-4.343600000000e-004,-4.02010e-002
-4.343200000000e-004,-4.02010e-002
-4.342800000000e-004,-4.02010e-002
-4.342400000000e-004,-4.02010e-002
-4.342000000000e-004,-4.02010e-002
-4.341600000000e-004,-4.02010e-002
-4.341200000000e-004,-4.02010e-002
-4.340800000000e-004,-8.04020e-002
-4.340400000000e-004,-4.02010e-002
-4.340000000000e-004,-4.02010e-002
-4.339600000000e-004,-4.02010e-002
-4.339200000000e-004,-4.02010e-002
-4.338800000000e-004,-4.02010e-002
-4.338400000000e-004,-4.02010e-002
-4.338000000000e-004,-4.02010e-002
-4.337600000000e-004,-4.02010e-002
-4.337200000000e-004,-4.02010e-002
-4.336800000000e-004,-4.02010e-002
-4.336400000000e-004,-4.02010e-002
-4.336000000000e-004,-4.02010e-002
-4.335600000000e-004,-4.02010e-002
-4.335200000000e-004,-4.02010e-002
-4.334800000000e-004,-4.02010e-002
-4.334400000000e-004,-4.02010e-002
-4.334000000000e-004,-4.02010e-002
-4.333600000000e-004,-4.02010e-002
-4.333200000000e-004,-4.02010e-002
-4.332800000000e-004, 0.00000e+000
-4.332400000000e-004,-4.02010e-002
-4.332000000000e-004,-4.02010e-002
-4.331600000000e-004,-4.02010e-002
-4.331200000000e-004,-4.02010e-002
-4.330800000000e-004,-4.02010e-002
-4.330400000000e-004,-4.02010e-002
-4.330000000000e-004,-4.02010e-002
-4.329600000000e-004,-4.02010e-002
-4.329200000000e-004,-4.02010e-002
-4.328800000000e-004,-4.02010e-002
-4.328400000000e-004,-4.02010e-002
-4.328000000000e-004,-4.02010e-002
-4.327600000000e-004,-4.02010e-002
-4.327200000000e-004,-4.02010e-002
-4.326800000000e-004, 0.00000e+000
-4.326400000000e-004,-4.02010e-002
-4.326000000000e-004,-4.02010e-002
-4.325600000000e-004,-4.02010e-002
-4.325200000000e-004,-4.02010e-002
-4.324800000000e-004, 0.00000e+000
-4.324400000000e-004,-4.02010e-002
-4.324000000000e-004,-4.02010e-002
-4.323600000000e-004,-4.02010e-002
-4.323200000000e-004,-4.02010e-002
-4.322800000000e-004,-4.02010e-002
-4.322400000000e-004,-4.02010e-002
-4.322000000000e-004,-4.02010e-002
-4.321600000000e-004,-4.02010e-002
-4.321200000000e-004,-4.02010e-002
-4.320800000000e-004,-4.02010e-002
-4.320400000000e-004,-4.02010e-002
-4.320000000000e-004,-4.02010e-002
-4.319600000000e-004,-4.02010e-002
-4.319200000000e-004,-4.02010e-002
-4.318800000000e-004,-4.02010e-002
-4.318400000000e-004,-4.02010e-002
-4.318000000000e-004,-4.02010e-002
-4.317600000000e-004,-4.02010e-002
-4.317200000000e-004,-4.02010e-002
-4.316800000000e-004,-4.02010e-002
-4.316400000000e-004,-4.02010e-002
-4.316000000000e-004,-4.02010e-002
-4.315600000000e-004,-4.02010e-002
-4.315200000000e-004,-4.02010e-002
-4.314800000000e-004, 0.00000e+000
-4.314400000000e-004,-4.02010e-002
-4.314000000000e-004,-4.02010e-002
-4.313600000000e-004,-4.02010e-002
-4.313200000000e-004,-4.02010e-002
-4.312800000000e-004,-4.02010e-002
-4.312400000000e-004,-4.02010e-002
-4.312000000000e-004,-4.02010e-002
-4.311600000000e-004,-4.02010e-002
-4.311200000000e-004,-4.02010e-002
-4.310800000000e-004,-4.02010e-002
-4.310400000000e-004,-4.02010e-002
-4.310000000000e-004,-4.02010e-002
-4.309600000000e-004,-4.02010e-002
-4.309200000000e-004,-4.02010e-002
-4.308800000000e-004,-4.02010e-002
-4.308400000000e-004, 0.00000e+000
-4.308000000000e-004,-4.02010e-002
-4.307600000000e-004,-4.02010e-002
-4.307200000000e-004,-4.02010e-002
-4.306800000000e-004,-4.02010e-002
-4.306400000000e-004,-4.02010e-002
-4.306000000000e-004,-4.02010e-002
-4.305600000000e-004,-4.02010e-002
-4.305200000000e-004,-4.02010e-002
-4.304800000000e-004,-4.02010e-002
-4.304400000000e-004,-4.02010e-002
-4.304000000000e-004,-4.02010e-002
-4.303600000000e-004,-4.02010e-002
-4.303200000000e-004,-4.02010e-002
-4.302800000000e-004,-4.02010e-002
-4.302400000000e-004,-4.02010e-002
-4.302000000000e-004,-4.02010e-002
-4.301600000000e-004,-4.02010e-002
-4.301200000000e-004,-4.02010e-002
-4.300800000000e-004,-4.02010e-002
-4.300400000000e-004,-4.02010e-002
-4.300000000000e-004,-4.02010e-002
-4.299600000000e-004,-4.02010e-002
-4.299200000000e-004,-4.02010e-002
-4.298800000000e-004,-4.02010e-002
-4.298400000000e-004,-4.02010e-002
-4.298000000000e-004,-4.02010e-002
-4.297600000000e-004,-4.02010e-002
-4.297200000000e-004,-4.02010e-002
-4.296800000000e-004,-4.02010e-002
-4.296400000000e-004,-4.02010e-002
-4.296000000000e-004,-4.02010e-002
-4.295600000000e-004,-4.02010e-002
-4.295200000000e-004,-4.02010e-002
-4.294800000000e-004,-4.02010e-002
-4.294400000000e-004,-4.02010e-002
-4.294000000000e-004,-4.02010e-002
-4.293600000000e-004,-4.02010e-002
-4.293200000000e-004,-4.02010e-002
-4.292800000000e-004,-4.02010e-002
-4.292400000000e-004,-4.02010e-002
-4.292000000000e-004,-4.02010e-002
-4.291600000000e-004,-4.02010e-002
-4.291200000000e-004,-4.02010e-002
-4.290800000000e-004,-4.02010e-002
-4.290400000000e-004,-4.02010e-002
-4.290000000000e-004,-4.02010e-002
-4.289600000000e-004,-4.02010e-002
-4.289200000000e-004,-4.02010e-002
-4.288800000000e-004,-4.02010e-002
-4.288400000000e-004,-4.02010e-002
-4.288000000000e-004,-4.02010e-002
-4.287600000000e-004,-4.02010e-002
-4.287200000000e-004,-4.02010e-002
-4.286800000000e-004,-4.02010e-002
-4.286400000000e-004,-4.02010e-002
-4.286000000000e-004,-4.02010e-002
-4.285600000000e-004,-4.02010e-002
-4.285200000000e-004,-4.02010e-002
-4.284800000000e-004,-4.02010e-002
-4.284400000000e-004,-4.02010e-002
-4.284000000000e-004,-4.02010e-002
-4.283600000000e-004,-4.02010e-002
-4.283200000000e-004,-4.02010e-002
-4.282800000000e-004,-4.02010e-002
-4.282400000000e-004,-4.02010e-002
-4.282000000000e-004,-4.02010e-002
-4.281600000000e-004,-4.02010e-002
-4.281200000000e-004,-4.02010e-002
-4.280800000000e-004,-4.02010e-002
-4.280400000000e-004,-4.02010e-002
-4.280000000000e-004,-4.02010e-002
-4.279600000000e-004,-4.02010e-002
-4.279200000000e-004,-4.02010e-002
-4.278800000000e-004,-4.02010e-002
-4.278400000000e-004,-4.02010e-002
-4.278000000000e-004,-4.02010e-002
-4.277600000000e-004,-4.02010e-002
-4.277200000000e-004,-4.02010e-002
-4.276800000000e-004,-4.02010e-002
-4.276400000000e-004,-4.02010e-002
-4.276000000000e-004,-4.02010e-002
-4.275600000000e-004,-4.02010e-002
-4.275200000000e-004,-4.02010e-002
-4.274800000000e-004, 0.00000e+000
-4.274400000000e-004,-4.02010e-002
-4.274000000000e-004,-4.02010e-002
-4.273600000000e-004,-4.02010e-002
-4.273200000000e-004,-4.02010e-002
-4.272800000000e-004,-4.02010e-002
-4.272400000000e-004,-4.02010e-002
-4.272000000000e-004,-8.04020e-002
-4.271600000000e-004,-4.02010e-002
-4.271200000000e-004, 0.00000e+000
-4.270800000000e-004,-4.02010e-002
-4.270400000000e-004,-4.02010e-002
-4.270000000000e-004,-4.02010e-002
-4.269600000000e-004,-4.02010e-002
-4.269200000000e-004,-4.02010e-002
-4.268800000000e-004,-4.02010e-002
-4.268400000000e-004,-4.02010e-002
-4.268000000000e-004,-4.02010e-002
-4.267600000000e-004,-4.02010e-002
-4.267200000000e-004,-4.02010e-002
-4.266800000000e-004,-4.02010e-002
-4.266400000000e-004,-4.02010e-002
-4.266000000000e-004,-4.02010e-002
-4.265600000000e-004,-4.02010e-002
-4.265200000000e-004,-4.02010e-002
-4.264800000000e-004,-4.02010e-002
-4.264400000000e-004,-4.02010e-002
-4.264000000000e-004,-4.02010e-002
-4.263600000000e-004,-4.02010e-002
-4.263200000000e-004,-4.02010e-002
-4.262800000000e-004,-4.02010e-002
-4.262400000000e-004,-4.02010e-002
-4.262000000000e-004,-4.02010e-002
-4.261600000000e-004,-4.02010e-002
-4.261200000000e-004,-4.02010e-002
-4.260800000000e-004,-4.02010e-002
-4.260400000000e-004,-4.02010e-002
-4.260000000000e-004,-4.02010e-002
-4.259600000000e-004,-4.02010e-002
-4.259200000000e-004,-4.02010e-002
-4.258800000000e-004,-4.02010e-002
-4.258400000000e-004,-4.02010e-002
-4.258000000000e-004,-4.02010e-002
-4.257600000000e-004,-4.02010e-002
-4.257200000000e-004,-4.02010e-002
-4.256800000000e-004,-4.02010e-002
-4.256400000000e-004,-4.02010e-002
-4.256000000000e-004,-4.02010e-002
-4.255600000000e-004,-4.02010e-002
-4.255200000000e-004,-4.02010e-002
-4.254800000000e-004,-4.02010e-002
-4.254400000000e-004,-4.02010e-002
-4.254000000000e-004,-4.02010e-002
-4.253600000000e-004,-4.02010e-002
-4.253200000000e-004,-4.02010e-002
-4.252800000000e-004,-4.02010e-002
-4.252400000000e-004,-4.02010e-002
-4.252000000000e-004,-4.02010e-002
-4.251600000000e-004,-4.02010e-002
-4.251200000000e-004, 0.00000e+000
-4.250800000000e-004,-4.02010e-002
-4.250400000000e-004,-4.02010e-002
-4.250000000000e-004,-4.02010e-002
-4.249600000000e-004,-4.02010e-002
-4.249200000000e-004,-4.02010e-002
-4.248800000000e-004,-4.02010e-002
-4.248400000000e-004,-4.02010e-002
-4.248000000000e-004,-4.02010e-002
-4.247600000000e-004,-4.02010e-002
-4.247200000000e-004,-4.02010e-002
-4.246800000000e-004,-4.02010e-002
-4.246400000000e-004,-4.02010e-002
-4.246000000000e-004,-4.02010e-002
-4.245600000000e-004,-4.02010e-002
-4.245200000000e-004,-8.04020e-002
-4.244800000000e-004,-4.02010e-002
-4.244400000000e-004,-4.02010e-002
-4.244000000000e-004,-4.02010e-002
-4.243600000000e-004,-4.02010e-002
-4.243200000000e-004,-4.02010e-002
-4.242800000000e-004,-4.02010e-002
-4.242400000000e-004,-4.02010e-002
-4.242000000000e-004,-4.02010e-002
-4.241600000000e-004,-4.02010e-002
-4.241200000000e-004,-4.02010e-002
-4.240800000000e-004,-4.02010e-002
-4.240400000000e-004,-4.02010e-002
-4.240000000000e-004,-4.02010e-002
-4.239600000000e-004,-4.02010e-002
-4.239200000000e-004,-4.02010e-002
-4.238800000000e-004, 0.00000e+000
-4.238400000000e-004,-4.02010e-002
-4.238000000000e-004,-4.02010e-002
-4.237600000000e-004,-4.02010e-002
-4.237200000000e-004,-4.02010e-002
-4.236800000000e-004,-4.02010e-002
-4.236400000000e-004,-4.02010e-002
-4.236000000000e-004,-4.02010e-002
-4.235600000000e-004,-8.04020e-002
-4.235200000000e-004,-4.02010e-002
-4.234800000000e-004,-4.02010e-002
-4.234400000000e-004,-4.02010e-002
-4.234000000000e-004,-4.02010e-002
-4.233600000000e-004,-4.02010e-002
-4.233200000000e-004,-4.02010e-002
-4.232800000000e-004,-4.02010e-002
-4.232400000000e-004,-4.02010e-002
-4.232000000000e-004,-4.02010e-002
-4.231600000000e-004,-4.02010e-002
-4.231200000000e-004,-4.02010e-002
-4.230800000000e-004,-4.02010e-002
-4.230400000000e-004,-4.02010e-002
-4.230000000000e-004,-4.02010e-002
-4.229600000000e-004,-4.02010e-002
-4.229200000000e-004,-4.02010e-002
-4.228800000000e-004,-4.02010e-002
-4.228400000000e-004,-4.02010e-002
-4.228000000000e-004,-4.02010e-002
-4.227600000000e-004,-4.02010e-002
-4.227200000000e-004,-4.02010e-002
-4.226800000000e-004,-4.02010e-002
-4.226400000000e-004,-4.02010e-002
-4.226000000000e-004,-4.02010e-002
-4.225600000000e-004,-4.02010e-002
-4.225200000000e-004,-4.02010e-002
-4.224800000000e-004,-4.02010e-002
-4.224400000000e-004,-4.02010e-002
-4.224000000000e-004,-4.02010e-002
-4.223600000000e-004,-4.02010e-002
-4.223200000000e-004,-4.02010e-002
-4.222800000000e-004,-4.02010e-002
-4.222400000000e-004,-4.02010e-002
-4.222000000000e-004,-4.02010e-002
-4.221600000000e-004,-4.02010e-002
-4.221200000000e-004,-4.02010e-002
-4.220800000000e-004,-4.02010e-002
-4.220400000000e-004, 0.00000e+000
-4.220000000000e-004,-4.02010e-002
-4.219600000000e-004,-4.02010e-002
-4.219200000000e-004,-4.02010e-002
-4.218800000000e-004,-4.02010e-002
-4.218400000000e-004, 0.00000e+000
-4.218000000000e-004,-4.02010e-002
-4.217600000000e-004,-4.02010e-002
-4.217200000000e-004,-4.02010e-002
-4.216800000000e-004,-4.02010e-002
-4.216400000000e-004,-4.02010e-002
-4.216000000000e-004,-4.02010e-002
-4.215600000000e-004,-4.02010e-002
-4.215200000000e-004,-4.02010e-002
-4.214800000000e-004, 0.00000e+000
-4.214400000000e-004,-4.02010e-002
-4.214000000000e-004,-4.02010e-002
-4.213600000000e-004,-4.02010e-002
-4.213200000000e-004,-4.02010e-002
-4.212800000000e-004,-4.02010e-002
-4.212400000000e-004,-4.02010e-002
-4.212000000000e-004,-4.02010e-002
-4.211600000000e-004,-4.02010e-002
-4.211200000000e-004,-4.02010e-002
-4.210800000000e-004,-4.02010e-002
-4.210400000000e-004,-4.02010e-002
-4.210000000000e-004,-4.02010e-002
-4.209600000000e-004,-4.02010e-002
-4.209200000000e-004,-4.02010e-002
-4.208800000000e-004,-4.02010e-002
-4.208400000000e-004,-4.02010e-002
-4.208000000000e-004,-4.02010e-002
-4.207600000000e-004,-4.02010e-002
-4.207200000000e-004,-4.02010e-002
-4.206800000000e-004,-4.02010e-002
-4.206400000000e-004,-4.02010e-002
-4.206000000000e-004,-4.02010e-002
-4.205600000000e-004,-4.02010e-002
-4.205200000000e-004,-4.02010e-002
-4.204800000000e-004,-4.02010e-002
-4.204400000000e-004,-4.02010e-002
-4.204000000000e-004,-4.02010e-002
-4.203600000000e-004,-4.02010e-002
-4.203200000000e-004,-4.02010e-002
-4.202800000000e-004,-4.02010e-002
-4.202400000000e-004,-4.02010e-002
-4.202000000000e-004,-4.02010e-002
-4.201600000000e-004,-4.02010e-002
-4.201200000000e-004,-4.02010e-002
-4.200800000000e-004,-4.02010e-002
-4.200400000000e-004,-4.02010e-002
-4.200000000000e-004,-4.02010e-002
-4.199600000000e-004, 0.00000e+000
-4.199200000000e-004,-4.02010e-002
-4.198800000000e-004,-4.02010e-002
-4.198400000000e-004,-4.02010e-002
-4.198000000000e-004,-4.02010e-002
-4.197600000000e-004,-4.02010e-002
-4.197200000000e-004,-4.02010e-002
-4.196800000000e-004,-4.02010e-002
-4.196400000000e-004,-4.02010e-002
-4.196000000000e-004,-4.02010e-002
-4.195600000000e-004,-4.02010e-002
-4.195200000000e-004,-4.02010e-002
-4.194800000000e-004,-8.04020e-002
-4.194400000000e-004,-4.02010e-002
-4.194000000000e-004,-4.02010e-002
-4.193600000000e-004, 0.00000e+000
-4.193200000000e-004, 0.00000e+000
-4.192800000000e-004,-4.02010e-002
-4.192400000000e-004,-4.02010e-002
-4.192000000000e-004,-4.02010e-002
-4.191600000000e-004,-4.02010e-002
-4.191200000000e-004, 0.00000e+000
-4.190800000000e-004,-4.02010e-002
-4.190400000000e-004,-4.02010e-002
-4.190000000000e-004,-4.02010e-002
-4.189600000000e-004,-4.02010e-002
-4.189200000000e-004,-4.02010e-002
-4.188800000000e-004,-4.02010e-002
-4.188400000000e-004,-8.04020e-002
-4.188000000000e-004,-4.02010e-002
-4.187600000000e-004,-4.02010e-002
-4.187200000000e-004,-4.02010e-002
-4.186800000000e-004,-4.02010e-002
-4.186400000000e-004,-4.02010e-002
-4.186000000000e-004,-8.04020e-002
-4.185600000000e-004,-4.02010e-002
-4.185200000000e-004,-4.02010e-002
-4.184800000000e-004,-4.02010e-002
-4.184400000000e-004,-4.02010e-002
-4.184000000000e-004,-4.02010e-002
-4.183600000000e-004,-4.02010e-002
-4.183200000000e-004,-4.02010e-002
-4.182800000000e-004,-4.02010e-002
-4.182400000000e-004,-4.02010e-002
-4.182000000000e-004,-4.02010e-002
-4.181600000000e-004,-4.02010e-002
-4.181200000000e-004,-4.02010e-002
-4.180800000000e-004,-4.02010e-002
-4.180400000000e-004,-4.02010e-002
-4.180000000000e-004,-4.02010e-002
-4.179600000000e-004, 0.00000e+000
-4.179200000000e-004,-4.02010e-002
-4.178800000000e-004,-4.02010e-002
-4.178400000000e-004,-4.02010e-002
-4.178000000000e-004,-4.02010e-002
-4.177600000000e-004,-4.02010e-002
-4.177200000000e-004,-4.02010e-002
-4.176800000000e-004,-4.02010e-002
-4.176400000000e-004,-4.02010e-002
-4.176000000000e-004,-4.02010e-002
-4.175600000000e-004,-4.02010e-002
-4.175200000000e-004,-4.02010e-002
-4.174800000000e-004,-4.02010e-002
-4.174400000000e-004,-4.02010e-002
-4.174000000000e-004,-4.02010e-002
-4.173600000000e-004,-4.02010e-002
-4.173200000000e-004,-4.02010e-002
-4.172800000000e-004,-4.02010e-002
-4.172400000000e-004,-4.02010e-002
-4.172000000000e-004,-4.02010e-002
-4.171600000000e-004,-4.02010e-002
-4.171200000000e-004,-4.02010e-002
-4.170800000000e-004,-4.02010e-002
-4.170400000000e-004,-4.02010e-002
-4.170000000000e-004,-4.02010e-002
-4.169600000000e-004,-4.02010e-002
-4.169200000000e-004,-4.02010e-002
-4.168800000000e-004,-4.02010e-002
-4.168400000000e-004,-4.02010e-002
-4.168000000000e-004,-4.02010e-002
-4.167600000000e-004,-4.02010e-002
-4.167200000000e-004,-4.02010e-002
-4.166800000000e-004,-4.02010e-002
-4.166400000000e-004,-4.02010e-002
-4.166000000000e-004,-4.02010e-002
-4.165600000000e-004,-4.02010e-002
-4.165200000000e-004,-4.02010e-002
-4.164800000000e-004,-4.02010e-002
-4.164400000000e-004,-4.02010e-002
-4.164000000000e-004,-4.02010e-002
-4.163600000000e-004,-4.02010e-002
-4.163200000000e-004,-4.02010e-002
-4.162800000000e-004,-4.02010e-002
-4.162400000000e-004,-4.02010e-002
-4.162000000000e-004,-4.02010e-002
-4.161600000000e-004,-4.02010e-002
-4.161200000000e-004,-4.02010e-002
-4.160800000000e-004,-4.02010e-002
-4.160400000000e-004,-4.02010e-002
-4.160000000000e-004,-4.02010e-002
-4.159600000000e-004,-4.02010e-002
-4.159200000000e-004,-4.02010e-002
-4.158800000000e-004,-4.02010e-002
-4.158400000000e-004,-4.02010e-002
-4.158000000000e-004,-4.02010e-002
-4.157600000000e-004,-4.02010e-002
-4.157200000000e-004,-4.02010e-002
-4.156800000000e-004,-4.02010e-002
-4.156400000000e-004,-4.02010e-002
-4.156000000000e-004,-4.02010e-002
-4.155600000000e-004,-4.02010e-002
-4.155200000000e-004,-4.02010e-002
-4.154800000000e-004,-4.02010e-002
-4.154400000000e-004,-4.02010e-002
-4.154000000000e-004,-4.02010e-002
-4.153600000000e-004,-4.02010e-002
-4.153200000000e-004,-4.02010e-002
-4.152800000000e-004,-4.02010e-002
-4.152400000000e-004,-4.02010e-002
-4.152000000000e-004,-4.02010e-002
-4.151600000000e-004,-4.02010e-002
-4.151200000000e-004, 0.00000e+000
-4.150800000000e-004,-4.02010e-002
-4.150400000000e-004,-4.02010e-002
-4.150000000000e-004,-4.02010e-002
-4.149600000000e-004,-4.02010e-002
-4.149200000000e-004,-4.02010e-002
-4.148800000000e-004,-4.02010e-002
-4.148400000000e-004,-4.02010e-002
-4.148000000000e-004,-4.02010e-002
-4.147600000000e-004,-4.02010e-002
-4.147200000000e-004,-4.02010e-002
-4.146800000000e-004,-4.02010e-002
-4.146400000000e-004,-4.02010e-002
-4.146000000000e-004,-4.02010e-002
-4.145600000000e-004,-4.02010e-002
-4.145200000000e-004,-4.02010e-002
-4.144800000000e-004,-4.02010e-002
-4.144400000000e-004,-4.02010e-002
-4.144000000000e-004,-4.02010e-002
-4.143600000000e-004,-4.02010e-002
-4.143200000000e-004,-4.02010e-002
-4.142800000000e-004,-4.02010e-002
-4.142400000000e-004,-4.02010e-002
-4.142000000000e-004,-4.02010e-002
-4.141600000000e-004,-4.02010e-002
-4.141200000000e-004,-4.02010e-002
-4.140800000000e-004,-4.02010e-002
-4.140400000000e-004,-4.02010e-002
-4.140000000000e-004,-4.02010e-002
-4.139600000000e-004,-4.02010e-002
-4.139200000000e-004,-8.04020e-002
-4.138800000000e-004,-4.02010e-002
-4.138400000000e-004,-4.02010e-002
-4.138000000000e-004,-4.02010e-002
-4.137600000000e-004,-4.02010e-002
-4.137200000000e-004,-4.02010e-002
-4.136800000000e-004,-4.02010e-002
-4.136400000000e-004, 0.00000e+000
-4.136000000000e-004,-4.02010e-002
-4.135600000000e-004,-4.02010e-002
-4.135200000000e-004,-4.02010e-002
-4.134800000000e-004,-4.02010e-002
-4.134400000000e-004,-4.02010e-002
-4.134000000000e-004,-4.02010e-002
-4.133600000000e-004,-4.02010e-002
-4.133200000000e-004,-4.02010e-002
-4.132800000000e-004, 0.00000e+000
-4.132400000000e-004,-4.02010e-002
-4.132000000000e-004,-4.02010e-002
-4.131600000000e-004,-4.02010e-002
-4.131200000000e-004,-4.02010e-002
-4.130800000000e-004,-4.02010e-002
-4.130400000000e-004,-4.02010e-002
-4.130000000000e-004,-4.02010e-002
-4.129600000000e-004,-4.02010e-002
-4.129200000000e-004,-4.02010e-002
-4.128800000000e-004,-4.02010e-002
-4.128400000000e-004,-4.02010e-002
-4.128000000000e-004,-4.02010e-002
-4.127600000000e-004,-4.02010e-002
-4.127200000000e-004,-4.02010e-002
-4.126800000000e-004,-4.02010e-002
-4.126400000000e-004,-4.02010e-002
-4.126000000000e-004,-4.02010e-002
-4.125600000000e-004,-4.02010e-002
-4.125200000000e-004,-4.02010e-002
-4.124800000000e-004,-4.02010e-002
-4.124400000000e-004,-4.02010e-002
-4.124000000000e-004,-4.02010e-002
-4.123600000000e-004,-4.02010e-002
-4.123200000000e-004,-4.02010e-002
-4.122800000000e-004,-4.02010e-002
-4.122400000000e-004,-4.02010e-002
-4.122000000000e-004,-4.02010e-002
-4.121600000000e-004,-4.02010e-002
-4.121200000000e-004,-4.02010e-002
-4.120800000000e-004,-4.02010e-002
-4.120400000000e-004,-4.02010e-002
-4.120000000000e-004,-4.02010e-002
-4.119600000000e-004,-4.02010e-002
-4.119200000000e-004,-4.02010e-002
-4.118800000000e-004, 0.00000e+000
-4.118400000000e-004,-4.02010e-002
-4.118000000000e-004,-4.02010e-002
-4.117600000000e-004,-4.02010e-002
-4.117200000000e-004,-4.02010e-002
-4.116800000000e-004,-4.02010e-002
-4.116400000000e-004,-4.02010e-002
-4.116000000000e-004,-4.02010e-002
-4.115600000000e-004,-4.02010e-002
-4.115200000000e-004,-4.02010e-002
-4.114800000000e-004,-4.02010e-002
-4.114400000000e-004,-4.02010e-002
-4.114000000000e-004,-4.02010e-002
-4.113600000000e-004,-4.02010e-002
-4.113200000000e-004,-4.02010e-002
-4.112800000000e-004,-4.02010e-002
-4.112400000000e-004,-4.02010e-002
-4.112000000000e-004,-4.02010e-002
-4.111600000000e-004,-4.02010e-002
-4.111200000000e-004,-4.02010e-002
-4.110800000000e-004,-4.02010e-002
-4.110400000000e-004,-4.02010e-002
-4.110000000000e-004,-4.02010e-002
-4.109600000000e-004,-4.02010e-002
-4.109200000000e-004,-4.02010e-002
-4.108800000000e-004,-4.02010e-002
-4.108400000000e-004,-4.02010e-002
-4.108000000000e-004,-4.02010e-002
-4.107600000000e-004,-4.02010e-002
-4.107200000000e-004,-4.02010e-002
-4.106800000000e-004,-4.02010e-002
-4.106400000000e-004,-4.02010e-002
-4.106000000000e-004,-4.02010e-002
-4.105600000000e-004,-4.02010e-002
-4.105200000000e-004,-4.02010e-002
-4.104800000000e-004,-4.02010e-002
-4.104400000000e-004,-4.02010e-002
-4.104000000000e-004,-4.02010e-002
-4.103600000000e-004,-4.02010e-002
-4.103200000000e-004,-4.02010e-002
-4.102800000000e-004,-4.02010e-002
-4.102400000000e-004,-4.02010e-002
-4.102000000000e-004,-4.02010e-002
-4.101600000000e-004,-4.02010e-002
-4.101200000000e-004,-4.02010e-002
-4.100800000000e-004,-4.02010e-002
-4.100400000000e-004,-4.02010e-002
-4.100000000000e-004,-4.02010e-002
-4.099600000000e-004,-4.02010e-002
-4.099200000000e-004,-4.02010e-002
-4.098800000000e-004,-4.02010e-002
-4.098400000000e-004,-4.02010e-002
-4.098000000000e-004,-4.02010e-002
-4.097600000000e-004,-4.02010e-002
-4.097200000000e-004,-4.02010e-002
-4.096800000000e-004,-4.02010e-002
-4.096400000000e-004,-4.02010e-002
-4.096000000000e-004,-4.02010e-002
-4.095600000000e-004,-4.02010e-002
-4.095200000000e-004,-4.02010e-002
-4.094800000000e-004,-4.02010e-002
-4.094400000000e-004,-4.02010e-002
-4.094000000000e-004,-4.02010e-002
-4.093600000000e-004,-4.02010e-002
-4.093200000000e-004,-4.02010e-002
-4.092800000000e-004,-4.02010e-002
-4.092400000000e-004,-4.02010e-002
-4.092000000000e-004,-4.02010e-002
-4.091600000000e-004,-4.02010e-002
-4.091200000000e-004,-4.02010e-002
-4.090800000000e-004,-4.02010e-002
-4.090400000000e-004,-4.02010e-002
-4.090000000000e-004,-4.02010e-002
-4.089600000000e-004, 0.00000e+000
-4.089200000000e-004,-4.02010e-002
-4.088800000000e-004,-4.02010e-002
-4.088400000000e-004,-4.02010e-002
-4.088000000000e-004,-4.02010e-002
-4.087600000000e-004,-4.02010e-002
-4.087200000000e-004, 0.00000e+000
-4.086800000000e-004,-4.02010e-002
-4.086400000000e-004,-4.02010e-002
-4.086000000000e-004,-4.02010e-002
-4.085600000000e-004,-4.02010e-002
-4.085200000000e-004,-4.02010e-002
-4.084800000000e-004,-4.02010e-002
-4.084400000000e-004,-4.02010e-002
-4.084000000000e-004,-4.02010e-002
-4.083600000000e-004,-4.02010e-002
-4.083200000000e-004,-4.02010e-002
-4.082800000000e-004,-4.02010e-002
-4.082400000000e-004,-4.02010e-002
-4.082000000000e-004,-4.02010e-002
-4.081600000000e-004,-4.02010e-002
-4.081200000000e-004,-4.02010e-002
-4.080800000000e-004,-4.02010e-002
-4.080400000000e-004,-4.02010e-002
-4.080000000000e-004,-4.02010e-002
-4.079600000000e-004,-4.02010e-002
-4.079200000000e-004,-4.02010e-002
-4.078800000000e-004,-4.02010e-002
-4.078400000000e-004,-4.02010e-002
-4.078000000000e-004,-4.02010e-002
-4.077600000000e-004,-4.02010e-002
-4.077200000000e-004,-4.02010e-002
-4.076800000000e-004,-4.02010e-002
-4.076400000000e-004,-4.02010e-002
-4.076000000000e-004,-8.04020e-002
-4.075600000000e-004,-4.02010e-002
-4.075200000000e-004,-4.02010e-002
-4.074800000000e-004,-4.02010e-002
-4.074400000000e-004,-4.02010e-002
-4.074000000000e-004,-4.02010e-002
-4.073600000000e-004,-4.02010e-002
-4.073200000000e-004,-4.02010e-002
-4.072800000000e-004,-4.02010e-002
-4.072400000000e-004,-4.02010e-002
-4.072000000000e-004,-4.02010e-002
-4.071600000000e-004,-4.02010e-002
-4.071200000000e-004,-4.02010e-002
-4.070800000000e-004,-4.02010e-002
-4.070400000000e-004,-4.02010e-002
-4.070000000000e-004,-4.02010e-002
-4.069600000000e-004,-4.02010e-002
-4.069200000000e-004,-4.02010e-002
-4.068800000000e-004,-4.02010e-002
-4.068400000000e-004,-4.02010e-002
-4.068000000000e-004,-4.02010e-002
-4.067600000000e-004,-4.02010e-002
-4.067200000000e-004,-4.02010e-002
-4.066800000000e-004,-4.02010e-002
-4.066400000000e-004,-4.02010e-002
-4.066000000000e-004,-4.02010e-002
-4.065600000000e-004,-4.02010e-002
-4.065200000000e-004,-4.02010e-002
-4.064800000000e-004, 0.00000e+000
-4.064400000000e-004,-4.02010e-002
-4.064000000000e-004,-8.04020e-002
-4.063600000000e-004,-4.02010e-002
-4.063200000000e-004,-4.02010e-002
-4.062800000000e-004,-4.02010e-002
-4.062400000000e-004,-4.02010e-002
-4.062000000000e-004,-4.02010e-002
-4.061600000000e-004,-4.02010e-002
-4.061200000000e-004,-4.02010e-002
-4.060800000000e-004,-4.02010e-002
-4.060400000000e-004,-4.02010e-002
-4.060000000000e-004,-4.02010e-002
-4.059600000000e-004,-4.02010e-002
-4.059200000000e-004,-4.02010e-002
-4.058800000000e-004,-4.02010e-002
-4.058400000000e-004,-4.02010e-002
-4.058000000000e-004, 0.00000e+000
-4.057600000000e-004,-4.02010e-002
-4.057200000000e-004,-4.02010e-002
-4.056800000000e-004,-4.02010e-002
-4.056400000000e-004, 0.00000e+000
-4.056000000000e-004,-4.02010e-002
-4.055600000000e-004,-4.02010e-002
-4.055200000000e-004,-8.04020e-002
-4.054800000000e-004,-4.02010e-002
-4.054400000000e-004,-4.02010e-002
-4.054000000000e-004,-4.02010e-002
-4.053600000000e-004,-4.02010e-002
-4.053200000000e-004,-4.02010e-002
-4.052800000000e-004,-4.02010e-002
-4.052400000000e-004,-4.02010e-002
-4.052000000000e-004,-4.02010e-002
-4.051600000000e-004,-4.02010e-002
-4.051200000000e-004,-4.02010e-002
-4.050800000000e-004,-4.02010e-002
-4.050400000000e-004,-4.02010e-002
-4.050000000000e-004,-4.02010e-002
-4.049600000000e-004,-4.02010e-002
-4.049200000000e-004,-4.02010e-002
-4.048800000000e-004,-4.02010e-002
-4.048400000000e-004,-4.02010e-002
-4.048000000000e-004,-4.02010e-002
-4.047600000000e-004,-4.02010e-002
-4.047200000000e-004,-4.02010e-002
-4.046800000000e-004,-4.02010e-002
-4.046400000000e-004,-4.02010e-002
-4.046000000000e-004,-4.02010e-002
-4.045600000000e-004,-4.02010e-002
-4.045200000000e-004,-4.02010e-002
-4.044800000000e-004,-4.02010e-002
-4.044400000000e-004,-4.02010e-002
-4.044000000000e-004,-8.04020e-002
-4.043600000000e-004,-4.02010e-002
-4.043200000000e-004,-4.02010e-002
-4.042800000000e-004,-4.02010e-002
-4.042400000000e-004,-4.02010e-002
-4.042000000000e-004,-4.02010e-002
-4.041600000000e-004,-4.02010e-002
-4.041200000000e-004,-4.02010e-002
-4.040800000000e-004,-4.02010e-002
-4.040400000000e-004,-4.02010e-002
-4.040000000000e-004,-4.02010e-002
-4.039600000000e-004,-4.02010e-002
-4.039200000000e-004,-4.02010e-002
-4.038800000000e-004,-4.02010e-002
-4.038400000000e-004,-4.02010e-002
-4.038000000000e-004,-4.02010e-002
-4.037600000000e-004,-4.02010e-002
-4.037200000000e-004,-4.02010e-002
-4.036800000000e-004,-4.02010e-002
-4.036400000000e-004,-4.02010e-002
-4.036000000000e-004,-4.02010e-002
-4.035600000000e-004,-4.02010e-002
-4.035200000000e-004,-4.02010e-002
-4.034800000000e-004,-4.02010e-002
-4.034400000000e-004,-4.02010e-002
-4.034000000000e-004,-4.02010e-002
-4.033600000000e-004,-4.02010e-002
-4.033200000000e-004,-4.02010e-002
-4.032800000000e-004,-4.02010e-002
-4.032400000000e-004,-4.02010e-002
-4.032000000000e-004,-4.02010e-002
-4.031600000000e-004,-4.02010e-002
-4.031200000000e-004,-4.02010e-002
-4.030800000000e-004,-4.02010e-002
-4.030400000000e-004,-4.02010e-002
-4.030000000000e-004,-4.02010e-002
-4.029600000000e-004,-4.02010e-002
-4.029200000000e-004,-4.02010e-002
-4.028800000000e-004,-4.02010e-002
-4.028400000000e-004,-4.02010e-002
-4.028000000000e-004,-4.02010e-002
-4.027600000000e-004,-4.02010e-002
-4.027200000000e-004,-4.02010e-002
-4.026800000000e-004,-4.02010e-002
-4.026400000000e-004,-4.02010e-002
-4.026000000000e-004,-4.02010e-002
-4.025600000000e-004,-4.02010e-002
-4.025200000000e-004,-4.02010e-002
-4.024800000000e-004,-4.02010e-002
-4.024400000000e-004,-4.02010e-002
-4.024000000000e-004,-4.02010e-002
-4.023600000000e-004,-4.02010e-002
-4.023200000000e-004,-4.02010e-002
-4.022800000000e-004,-4.02010e-002
-4.022400000000e-004,-4.02010e-002
-4.022000000000e-004,-4.02010e-002
-4.021600000000e-004,-4.02010e-002
-4.021200000000e-004,-4.02010e-002
-4.020800000000e-004,-4.02010e-002
-4.020400000000e-004,-4.02010e-002
-4.020000000000e-004,-4.02010e-002
-4.019600000000e-004,-4.02010e-002
-4.019200000000e-004, 0.00000e+000
-4.018800000000e-004,-4.02010e-002
-4.018400000000e-004,-4.02010e-002
-4.018000000000e-004,-4.02010e-002
-4.017600000000e-004,-4.02010e-002
-4.017200000000e-004,-4.02010e-002
-4.016800000000e-004,-4.02010e-002
-4.016400000000e-004,-4.02010e-002
-4.016000000000e-004,-4.02010e-002
-4.015600000000e-004,-8.04020e-002
-4.015200000000e-004,-4.02010e-002
-4.014800000000e-004,-4.02010e-002
-4.014400000000e-004,-4.02010e-002
-4.014000000000e-004,-4.02010e-002
-4.013600000000e-004,-4.02010e-002
-4.013200000000e-004,-4.02010e-002
-4.012800000000e-004,-4.02010e-002
-4.012400000000e-004,-4.02010e-002
-4.012000000000e-004,-4.02010e-002
-4.011600000000e-004,-4.02010e-002
-4.011200000000e-004,-4.02010e-002
-4.010800000000e-004,-4.02010e-002
-4.010400000000e-004,-4.02010e-002
-4.010000000000e-004,-4.02010e-002
-4.009600000000e-004,-4.02010e-002
-4.009200000000e-004,-4.02010e-002
-4.008800000000e-004,-4.02010e-002
-4.008400000000e-004,-4.02010e-002
-4.008000000000e-004,-4.02010e-002
-4.007600000000e-004,-4.02010e-002
-4.007200000000e-004,-4.02010e-002
-4.006800000000e-004,-4.02010e-002
-4.006400000000e-004,-4.02010e-002
-4.006000000000e-004,-4.02010e-002
-4.005600000000e-004,-4.02010e-002
-4.005200000000e-004,-4.02010e-002
-4.004800000000e-004,-4.02010e-002
-4.004400000000e-004,-4.02010e-002
-4.004000000000e-004,-4.02010e-002
-4.003600000000e-004,-4.02010e-002
-4.003200000000e-004,-4.02010e-002
-4.002800000000e-004,-4.02010e-002
-4.002400000000e-004,-4.02010e-002
-4.002000000000e-004,-4.02010e-002
-4.001600000000e-004,-4.02010e-002
-4.001200000000e-004,-4.02010e-002
-4.000800000000e-004,-4.02010e-002
-4.000400000000e-004,-4.02010e-002
-4.000000000000e-004,-4.02010e-002
-3.999600000000e-004,-4.02010e-002
-3.999200000000e-004,-4.02010e-002
-3.998800000000e-004,-4.02010e-002
-3.998400000000e-004,-4.02010e-002
-3.998000000000e-004,-4.02010e-002
-3.997600000000e-004,-4.02010e-002
-3.997200000000e-004,-4.02010e-002
-3.996800000000e-004,-4.02010e-002
-3.996400000000e-004,-4.02010e-002
-3.996000000000e-004,-4.02010e-002
-3.995600000000e-004,-4.02010e-002
-3.995200000000e-004,-4.02010e-002
-3.994800000000e-004,-4.02010e-002
-3.994400000000e-004,-4.02010e-002
-3.994000000000e-004,-4.02010e-002
-3.993600000000e-004,-4.02010e-002
-3.993200000000e-004,-4.02010e-002
-3.992800000000e-004, 0.00000e+000
-3.992400000000e-004,-4.02010e-002
-3.992000000000e-004,-4.02010e-002
-3.991600000000e-004,-4.02010e-002
-3.991200000000e-004,-4.02010e-002
-3.990800000000e-004,-4.02010e-002
-3.990400000000e-004,-4.02010e-002
-3.990000000000e-004,-4.02010e-002
-3.989600000000e-004,-4.02010e-002
-3.989200000000e-004,-4.02010e-002
-3.988800000000e-004,-4.02010e-002
-3.988400000000e-004,-4.02010e-002
-3.988000000000e-004,-4.02010e-002
-3.987600000000e-004,-4.02010e-002
-3.987200000000e-004,-4.02010e-002
-3.986800000000e-004,-4.02010e-002
-3.986400000000e-004,-4.02010e-002
-3.986000000000e-004,-4.02010e-002
-3.985600000000e-004,-4.02010e-002
-3.985200000000e-004,-4.02010e-002
-3.984800000000e-004,-4.02010e-002
-3.984400000000e-004,-4.02010e-002
-3.984000000000e-004,-4.02010e-002
-3.983600000000e-004,-4.02010e-002
-3.983200000000e-004,-4.02010e-002
-3.982800000000e-004,-4.02010e-002
-3.982400000000e-004,-4.02010e-002
-3.982000000000e-004,-4.02010e-002
-3.981600000000e-004,-4.02010e-002
-3.981200000000e-004,-4.02010e-002
-3.980800000000e-004,-4.02010e-002
-3.980400000000e-004, 0.00000e+000
-3.980000000000e-004,-4.02010e-002
-3.979600000000e-004,-4.02010e-002
-3.979200000000e-004,-4.02010e-002
-3.978800000000e-004,-4.02010e-002
-3.978400000000e-004,-4.02010e-002
-3.978000000000e-004,-4.02010e-002
-3.977600000000e-004,-4.02010e-002
-3.977200000000e-004,-4.02010e-002
-3.976800000000e-004,-4.02010e-002
-3.976400000000e-004,-4.02010e-002
-3.976000000000e-004,-4.02010e-002
-3.975600000000e-004,-4.02010e-002
-3.975200000000e-004,-4.02010e-002
-3.974800000000e-004,-4.02010e-002
-3.974400000000e-004,-4.02010e-002
-3.974000000000e-004,-4.02010e-002
-3.973600000000e-004,-4.02010e-002
-3.973200000000e-004,-4.02010e-002
-3.972800000000e-004,-4.02010e-002
-3.972400000000e-004,-4.02010e-002
-3.972000000000e-004,-4.02010e-002
-3.971600000000e-004,-4.02010e-002
-3.971200000000e-004,-4.02010e-002
-3.970800000000e-004,-4.02010e-002
-3.970400000000e-004,-4.02010e-002
-3.970000000000e-004,-4.02010e-002
-3.969600000000e-004,-4.02010e-002
-3.969200000000e-004,-4.02010e-002
-3.968800000000e-004,-4.02010e-002
-3.968400000000e-004,-4.02010e-002
-3.968000000000e-004,-4.02010e-002
-3.967600000000e-004,-4.02010e-002
-3.967200000000e-004,-4.02010e-002
-3.966800000000e-004,-4.02010e-002
-3.966400000000e-004,-4.02010e-002
-3.966000000000e-004,-4.02010e-002
-3.965600000000e-004,-4.02010e-002
-3.965200000000e-004,-4.02010e-002
-3.964800000000e-004,-4.02010e-002
-3.964400000000e-004,-4.02010e-002
-3.964000000000e-004,-4.02010e-002
-3.963600000000e-004,-4.02010e-002
-3.963200000000e-004,-4.02010e-002
-3.962800000000e-004,-4.02010e-002
-3.962400000000e-004,-4.02010e-002
-3.962000000000e-004,-4.02010e-002
-3.961600000000e-004,-4.02010e-002
-3.961200000000e-004,-4.02010e-002
-3.960800000000e-004,-4.02010e-002
-3.960400000000e-004,-4.02010e-002
-3.960000000000e-004,-4.02010e-002
-3.959600000000e-004,-4.02010e-002
-3.959200000000e-004,-4.02010e-002
-3.958800000000e-004,-4.02010e-002
-3.958400000000e-004,-4.02010e-002
-3.958000000000e-004,-4.02010e-002
-3.957600000000e-004, 0.00000e+000
-3.957200000000e-004,-4.02010e-002
-3.956800000000e-004,-4.02010e-002
-3.956400000000e-004,-4.02010e-002
-3.956000000000e-004,-4.02010e-002
-3.955600000000e-004,-4.02010e-002
-3.955200000000e-004,-4.02010e-002
-3.954800000000e-004,-4.02010e-002
-3.954400000000e-004,-4.02010e-002
-3.954000000000e-004,-4.02010e-002
-3.953600000000e-004,-4.02010e-002
-3.953200000000e-004,-4.02010e-002
-3.952800000000e-004, 0.00000e+000
-3.952400000000e-004,-4.02010e-002
-3.952000000000e-004,-4.02010e-002
-3.951600000000e-004,-4.02010e-002
-3.951200000000e-004,-4.02010e-002
-3.950800000000e-004,-4.02010e-002
-3.950400000000e-004,-4.02010e-002
-3.950000000000e-004,-4.02010e-002
-3.949600000000e-004,-4.02010e-002
-3.949200000000e-004,-4.02010e-002
-3.948800000000e-004,-4.02010e-002
-3.948400000000e-004,-4.02010e-002
-3.948000000000e-004,-4.02010e-002
-3.947600000000e-004,-4.02010e-002
-3.947200000000e-004,-4.02010e-002
-3.946800000000e-004,-4.02010e-002
-3.946400000000e-004,-4.02010e-002
-3.946000000000e-004,-4.02010e-002
-3.945600000000e-004,-4.02010e-002
-3.945200000000e-004,-4.02010e-002
-3.944800000000e-004,-4.02010e-002
-3.944400000000e-004,-4.02010e-002
-3.944000000000e-004,-4.02010e-002
-3.943600000000e-004,-4.02010e-002
-3.943200000000e-004,-4.02010e-002
-3.942800000000e-004,-4.02010e-002
-3.942400000000e-004,-4.02010e-002
-3.942000000000e-004,-4.02010e-002
-3.941600000000e-004,-4.02010e-002
-3.941200000000e-004,-4.02010e-002
-3.940800000000e-004,-4.02010e-002
-3.940400000000e-004,-4.02010e-002
-3.940000000000e-004,-4.02010e-002
-3.939600000000e-004,-4.02010e-002
-3.939200000000e-004,-4.02010e-002
-3.938800000000e-004, 0.00000e+000
-3.938400000000e-004,-4.02010e-002
-3.938000000000e-004,-4.02010e-002
-3.937600000000e-004,-4.02010e-002
-3.937200000000e-004,-4.02010e-002
-3.936800000000e-004,-4.02010e-002
-3.936400000000e-004,-4.02010e-002
-3.936000000000e-004,-4.02010e-002
-3.935600000000e-004, 0.00000e+000
-3.935200000000e-004,-4.02010e-002
-3.934800000000e-004,-4.02010e-002
-3.934400000000e-004,-4.02010e-002
-3.934000000000e-004,-4.02010e-002
-3.933600000000e-004,-4.02010e-002
-3.933200000000e-004,-4.02010e-002
-3.932800000000e-004,-4.02010e-002
-3.932400000000e-004,-4.02010e-002
-3.932000000000e-004,-4.02010e-002
-3.931600000000e-004,-4.02010e-002
-3.931200000000e-004,-4.02010e-002
-3.930800000000e-004,-4.02010e-002
-3.930400000000e-004,-4.02010e-002
-3.930000000000e-004,-4.02010e-002
-3.929600000000e-004,-4.02010e-002
-3.929200000000e-004,-4.02010e-002
-3.928800000000e-004,-4.02010e-002
-3.928400000000e-004,-4.02010e-002
-3.928000000000e-004,-4.02010e-002
-3.927600000000e-004,-4.02010e-002
-3.927200000000e-004,-4.02010e-002
-3.926800000000e-004,-4.02010e-002
-3.926400000000e-004,-4.02010e-002
-3.926000000000e-004,-4.02010e-002
-3.925600000000e-004,-4.02010e-002
-3.925200000000e-004,-4.02010e-002
-3.924800000000e-004,-4.02010e-002
-3.924400000000e-004,-4.02010e-002
-3.924000000000e-004,-4.02010e-002
-3.923600000000e-004,-4.02010e-002
-3.923200000000e-004,-4.02010e-002
-3.922800000000e-004,-4.02010e-002
-3.922400000000e-004,-4.02010e-002
-3.922000000000e-004,-4.02010e-002
-3.921600000000e-004,-4.02010e-002
-3.921200000000e-004,-4.02010e-002
-3.920800000000e-004,-4.02010e-002
-3.920400000000e-004,-4.02010e-002
-3.920000000000e-004,-4.02010e-002
-3.919600000000e-004,-4.02010e-002
-3.919200000000e-004,-4.02010e-002
-3.918800000000e-004,-4.02010e-002
-3.918400000000e-004,-4.02010e-002
-3.918000000000e-004,-4.02010e-002
-3.917600000000e-004,-4.02010e-002
-3.917200000000e-004,-4.02010e-002
-3.916800000000e-004,-4.02010e-002
-3.916400000000e-004,-4.02010e-002
-3.916000000000e-004,-4.02010e-002
-3.915600000000e-004,-4.02010e-002
-3.915200000000e-004,-4.02010e-002
-3.914800000000e-004,-4.02010e-002
-3.914400000000e-004,-4.02010e-002
-3.914000000000e-004,-4.02010e-002
-3.913600000000e-004,-4.02010e-002
-3.913200000000e-004,-8.04020e-002
-3.912800000000e-004,-4.02010e-002
-3.912400000000e-004,-4.02010e-002
-3.912000000000e-004,-8.04020e-002
-3.911600000000e-004,-4.02010e-002
-3.911200000000e-004,-4.02010e-002
-3.910800000000e-004,-4.02010e-002
-3.910400000000e-004,-4.02010e-002
-3.910000000000e-004,-4.02010e-002
-3.909600000000e-004,-4.02010e-002
-3.909200000000e-004,-4.02010e-002
-3.908800000000e-004,-4.02010e-002
-3.908400000000e-004,-4.02010e-002
-3.908000000000e-004,-4.02010e-002
-3.907600000000e-004,-4.02010e-002
-3.907200000000e-004,-4.02010e-002
-3.906800000000e-004,-4.02010e-002
-3.906400000000e-004,-4.02010e-002
-3.906000000000e-004,-4.02010e-002
-3.905600000000e-004,-4.02010e-002
-3.905200000000e-004,-4.02010e-002
-3.904800000000e-004,-4.02010e-002
-3.904400000000e-004,-4.02010e-002
-3.904000000000e-004,-4.02010e-002
-3.903600000000e-004,-4.02010e-002
-3.903200000000e-004,-8.04020e-002
-3.902800000000e-004,-4.02010e-002
-3.902400000000e-004,-4.02010e-002
-3.902000000000e-004,-4.02010e-002
-3.901600000000e-004,-4.02010e-002
-3.901200000000e-004,-4.02010e-002
-3.900800000000e-004,-4.02010e-002
-3.900400000000e-004,-4.02010e-002
-3.900000000000e-004,-4.02010e-002
-3.899600000000e-004,-4.02010e-002
-3.899200000000e-004,-4.02010e-002
-3.898800000000e-004,-4.02010e-002
-3.898400000000e-004,-4.02010e-002
-3.898000000000e-004,-4.02010e-002
-3.897600000000e-004,-4.02010e-002
-3.897200000000e-004,-4.02010e-002
-3.896800000000e-004,-4.02010e-002
-3.896400000000e-004,-4.02010e-002
-3.896000000000e-004,-4.02010e-002
-3.895600000000e-004,-4.02010e-002
-3.895200000000e-004,-4.02010e-002
-3.894800000000e-004,-4.02010e-002
-3.894400000000e-004,-4.02010e-002
-3.894000000000e-004,-4.02010e-002
-3.893600000000e-004,-4.02010e-002
-3.893200000000e-004,-4.02010e-002
-3.892800000000e-004,-4.02010e-002
-3.892400000000e-004,-4.02010e-002
-3.892000000000e-004,-4.02010e-002
-3.891600000000e-004,-4.02010e-002
-3.891200000000e-004,-4.02010e-002
-3.890800000000e-004,-4.02010e-002
-3.890400000000e-004,-4.02010e-002
-3.890000000000e-004,-4.02010e-002
-3.889600000000e-004,-4.02010e-002
-3.889200000000e-004,-4.02010e-002
-3.888800000000e-004,-4.02010e-002
-3.888400000000e-004,-4.02010e-002
-3.888000000000e-004,-4.02010e-002
-3.887600000000e-004,-4.02010e-002
-3.887200000000e-004,-4.02010e-002
-3.886800000000e-004,-4.02010e-002
-3.886400000000e-004,-4.02010e-002
-3.886000000000e-004,-4.02010e-002
-3.885600000000e-004,-4.02010e-002
-3.885200000000e-004, 0.00000e+000
-3.884800000000e-004,-4.02010e-002
-3.884400000000e-004,-4.02010e-002
-3.884000000000e-004,-4.02010e-002
-3.883600000000e-004,-4.02010e-002
-3.883200000000e-004,-4.02010e-002
-3.882800000000e-004,-4.02010e-002
-3.882400000000e-004,-4.02010e-002
-3.882000000000e-004,-4.02010e-002
-3.881600000000e-004,-4.02010e-002
-3.881200000000e-004, 0.00000e+000
-3.880800000000e-004,-4.02010e-002
-3.880400000000e-004,-4.02010e-002
-3.880000000000e-004,-4.02010e-002
-3.879600000000e-004,-4.02010e-002
-3.879200000000e-004,-4.02010e-002
-3.878800000000e-004,-4.02010e-002
-3.878400000000e-004,-4.02010e-002
-3.878000000000e-004,-4.02010e-002
-3.877600000000e-004,-4.02010e-002
-3.877200000000e-004,-4.02010e-002
-3.876800000000e-004,-4.02010e-002
-3.876400000000e-004,-4.02010e-002
-3.876000000000e-004,-4.02010e-002
-3.875600000000e-004,-4.02010e-002
-3.875200000000e-004,-4.02010e-002
-3.874800000000e-004,-4.02010e-002
-3.874400000000e-004,-4.02010e-002
-3.874000000000e-004,-4.02010e-002
-3.873600000000e-004,-4.02010e-002
-3.873200000000e-004,-4.02010e-002
-3.872800000000e-004, 0.00000e+000
-3.872400000000e-004,-4.02010e-002
-3.872000000000e-004,-4.02010e-002
-3.871600000000e-004,-8.04020e-002
-3.871200000000e-004,-4.02010e-002
-3.870800000000e-004,-4.02010e-002
-3.870400000000e-004,-4.02010e-002
-3.870000000000e-004,-4.02010e-002
-3.869600000000e-004,-4.02010e-002
-3.869200000000e-004,-4.02010e-002
-3.868800000000e-004,-8.04020e-002
-3.868400000000e-004, 0.00000e+000
-3.868000000000e-004,-4.02010e-002
-3.867600000000e-004,-4.02010e-002
-3.867200000000e-004,-4.02010e-002
-3.866800000000e-004,-4.02010e-002
-3.866400000000e-004,-4.02010e-002
-3.866000000000e-004,-4.02010e-002
-3.865600000000e-004,-4.02010e-002
-3.865200000000e-004,-4.02010e-002
-3.864800000000e-004,-4.02010e-002
-3.864400000000e-004,-4.02010e-002
-3.864000000000e-004,-4.02010e-002
-3.863600000000e-004,-4.02010e-002
-3.863200000000e-004,-4.02010e-002
-3.862800000000e-004,-4.02010e-002
-3.862400000000e-004,-4.02010e-002
-3.862000000000e-004,-4.02010e-002
-3.861600000000e-004,-4.02010e-002
-3.861200000000e-004,-4.02010e-002
-3.860800000000e-004, 0.00000e+000
-3.860400000000e-004,-4.02010e-002
-3.860000000000e-004,-4.02010e-002
-3.859600000000e-004,-4.02010e-002
-3.859200000000e-004,-4.02010e-002
-3.858800000000e-004,-4.02010e-002
-3.858400000000e-004,-4.02010e-002
-3.858000000000e-004,-4.02010e-002
-3.857600000000e-004,-4.02010e-002
-3.857200000000e-004,-4.02010e-002
-3.856800000000e-004,-4.02010e-002
-3.856400000000e-004,-4.02010e-002
-3.856000000000e-004,-4.02010e-002
-3.855600000000e-004,-4.02010e-002
-3.855200000000e-004,-4.02010e-002
-3.854800000000e-004,-4.02010e-002
-3.854400000000e-004,-4.02010e-002
-3.854000000000e-004,-8.04020e-002
-3.853600000000e-004,-4.02010e-002
-3.853200000000e-004,-4.02010e-002
-3.852800000000e-004,-4.02010e-002
-3.852400000000e-004,-4.02010e-002
-3.852000000000e-004,-4.02010e-002
-3.851600000000e-004,-4.02010e-002
-3.851200000000e-004,-4.02010e-002
-3.850800000000e-004,-4.02010e-002
-3.850400000000e-004,-4.02010e-002
-3.850000000000e-004,-4.02010e-002
-3.849600000000e-004,-4.02010e-002
-3.849200000000e-004,-4.02010e-002
-3.848800000000e-004,-4.02010e-002
-3.848400000000e-004,-4.02010e-002
-3.848000000000e-004,-4.02010e-002
-3.847600000000e-004,-4.02010e-002
-3.847200000000e-004,-4.02010e-002
-3.846800000000e-004, 0.00000e+000
-3.846400000000e-004,-4.02010e-002
-3.846000000000e-004,-4.02010e-002
-3.845600000000e-004,-4.02010e-002
-3.845200000000e-004,-4.02010e-002
-3.844800000000e-004,-4.02010e-002
-3.844400000000e-004,-4.02010e-002
-3.844000000000e-004,-4.02010e-002
-3.843600000000e-004,-4.02010e-002
-3.843200000000e-004,-4.02010e-002
-3.842800000000e-004,-4.02010e-002
-3.842400000000e-004,-4.02010e-002
-3.842000000000e-004,-4.02010e-002
-3.841600000000e-004,-4.02010e-002
-3.841200000000e-004,-4.02010e-002
-3.840800000000e-004,-4.02010e-002
-3.840400000000e-004,-4.02010e-002
-3.840000000000e-004,-4.02010e-002
-3.839600000000e-004,-4.02010e-002
-3.839200000000e-004, 0.00000e+000
-3.838800000000e-004,-4.02010e-002
-3.838400000000e-004,-4.02010e-002
-3.838000000000e-004, 0.00000e+000
-3.837600000000e-004,-4.02010e-002
-3.837200000000e-004,-4.02010e-002
-3.836800000000e-004,-4.02010e-002
-3.836400000000e-004,-4.02010e-002
-3.836000000000e-004,-4.02010e-002
-3.835600000000e-004,-4.02010e-002
-3.835200000000e-004,-4.02010e-002
-3.834800000000e-004,-4.02010e-002
-3.834400000000e-004,-4.02010e-002
-3.834000000000e-004,-4.02010e-002
-3.833600000000e-004,-4.02010e-002
-3.833200000000e-004,-8.04020e-002
-3.832800000000e-004,-4.02010e-002
-3.832400000000e-004,-4.02010e-002
-3.832000000000e-004,-4.02010e-002
-3.831600000000e-004,-4.02010e-002
-3.831200000000e-004,-4.02010e-002
-3.830800000000e-004,-4.02010e-002
-3.830400000000e-004,-4.02010e-002
-3.830000000000e-004,-4.02010e-002
-3.829600000000e-004,-4.02010e-002
-3.829200000000e-004,-4.02010e-002
-3.828800000000e-004,-4.02010e-002
-3.828400000000e-004,-4.02010e-002
-3.828000000000e-004,-4.02010e-002
-3.827600000000e-004,-4.02010e-002
-3.827200000000e-004,-4.02010e-002
-3.826800000000e-004,-4.02010e-002
-3.826400000000e-004,-4.02010e-002
-3.826000000000e-004,-4.02010e-002
-3.825600000000e-004,-4.02010e-002
-3.825200000000e-004,-8.04020e-002
-3.824800000000e-004,-4.02010e-002
-3.824400000000e-004,-4.02010e-002
-3.824000000000e-004,-4.02010e-002
-3.823600000000e-004,-4.02010e-002
-3.823200000000e-004,-4.02010e-002
-3.822800000000e-004,-4.02010e-002
-3.822400000000e-004,-4.02010e-002
-3.822000000000e-004,-4.02010e-002
-3.821600000000e-004,-4.02010e-002
-3.821200000000e-004,-4.02010e-002
-3.820800000000e-004,-4.02010e-002
-3.820400000000e-004,-4.02010e-002
-3.820000000000e-004,-4.02010e-002
-3.819600000000e-004,-4.02010e-002
-3.819200000000e-004,-4.02010e-002
-3.818800000000e-004,-4.02010e-002
-3.818400000000e-004,-4.02010e-002
-3.818000000000e-004,-4.02010e-002
-3.817600000000e-004, 0.00000e+000
-3.817200000000e-004,-4.02010e-002
-3.816800000000e-004,-4.02010e-002
-3.816400000000e-004,-4.02010e-002
-3.816000000000e-004,-4.02010e-002
-3.815600000000e-004,-4.02010e-002
-3.815200000000e-004,-4.02010e-002
-3.814800000000e-004,-4.02010e-002
-3.814400000000e-004,-4.02010e-002
-3.814000000000e-004,-4.02010e-002
-3.813600000000e-004,-4.02010e-002
-3.813200000000e-004,-4.02010e-002
-3.812800000000e-004,-4.02010e-002
-3.812400000000e-004,-4.02010e-002
-3.812000000000e-004,-4.02010e-002
-3.811600000000e-004,-4.02010e-002
-3.811200000000e-004,-4.02010e-002
-3.810800000000e-004,-4.02010e-002
-3.810400000000e-004,-4.02010e-002
-3.810000000000e-004,-4.02010e-002
-3.809600000000e-004,-4.02010e-002
-3.809200000000e-004,-8.04020e-002
-3.808800000000e-004,-4.02010e-002
-3.808400000000e-004,-4.02010e-002
-3.808000000000e-004,-4.02010e-002
-3.807600000000e-004, 0.00000e+000
-3.807200000000e-004,-4.02010e-002
-3.806800000000e-004,-4.02010e-002
-3.806400000000e-004,-4.02010e-002
-3.806000000000e-004,-4.02010e-002
-3.805600000000e-004,-4.02010e-002
-3.805200000000e-004,-4.02010e-002
-3.804800000000e-004,-4.02010e-002
-3.804400000000e-004,-4.02010e-002
-3.804000000000e-004, 0.00000e+000
-3.803600000000e-004,-4.02010e-002
-3.803200000000e-004,-4.02010e-002
-3.802800000000e-004,-8.04020e-002
-3.802400000000e-004,-4.02010e-002
-3.802000000000e-004,-4.02010e-002
-3.801600000000e-004,-4.02010e-002
-3.801200000000e-004,-4.02010e-002
-3.800800000000e-004,-4.02010e-002
-3.800400000000e-004,-4.02010e-002
-3.800000000000e-004,-4.02010e-002
-3.799600000000e-004,-4.02010e-002
-3.799200000000e-004,-4.02010e-002
-3.798800000000e-004,-4.02010e-002
-3.798400000000e-004,-4.02010e-002
-3.798000000000e-004,-4.02010e-002
-3.797600000000e-004,-4.02010e-002
-3.797200000000e-004,-4.02010e-002
-3.796800000000e-004,-4.02010e-002
-3.796400000000e-004,-4.02010e-002
-3.796000000000e-004,-4.02010e-002
-3.795600000000e-004,-4.02010e-002
-3.795200000000e-004,-4.02010e-002
-3.794800000000e-004,-4.02010e-002
-3.794400000000e-004,-4.02010e-002
-3.794000000000e-004,-4.02010e-002
-3.793600000000e-004,-4.02010e-002
-3.793200000000e-004,-4.02010e-002
-3.792800000000e-004,-4.02010e-002
-3.792400000000e-004,-4.02010e-002
-3.792000000000e-004,-4.02010e-002
-3.791600000000e-004,-4.02010e-002
-3.791200000000e-004,-4.02010e-002
-3.790800000000e-004,-4.02010e-002
-3.790400000000e-004,-4.02010e-002
-3.790000000000e-004,-4.02010e-002
-3.789600000000e-004,-4.02010e-002
-3.789200000000e-004,-4.02010e-002
-3.788800000000e-004,-4.02010e-002
-3.788400000000e-004,-4.02010e-002
-3.788000000000e-004,-4.02010e-002
-3.787600000000e-004,-4.02010e-002
-3.787200000000e-004,-4.02010e-002
-3.786800000000e-004,-4.02010e-002
-3.786400000000e-004,-4.02010e-002
-3.786000000000e-004,-4.02010e-002
-3.785600000000e-004,-4.02010e-002
-3.785200000000e-004,-4.02010e-002
-3.784800000000e-004,-4.02010e-002
-3.784400000000e-004,-4.02010e-002
-3.784000000000e-004,-4.02010e-002
-3.783600000000e-004,-4.02010e-002
-3.783200000000e-004,-4.02010e-002
-3.782800000000e-004,-4.02010e-002
-3.782400000000e-004,-4.02010e-002
-3.782000000000e-004,-4.02010e-002
-3.781600000000e-004,-4.02010e-002
-3.781200000000e-004,-4.02010e-002
-3.780800000000e-004,-4.02010e-002
-3.780400000000e-004,-4.02010e-002
-3.780000000000e-004,-4.02010e-002
-3.779600000000e-004,-4.02010e-002
-3.779200000000e-004,-4.02010e-002
-3.778800000000e-004,-4.02010e-002
-3.778400000000e-004,-4.02010e-002
-3.778000000000e-004,-4.02010e-002
-3.777600000000e-004,-4.02010e-002
-3.777200000000e-004,-4.02010e-002
-3.776800000000e-004,-4.02010e-002
-3.776400000000e-004,-4.02010e-002
-3.776000000000e-004,-4.02010e-002
-3.775600000000e-004,-4.02010e-002
-3.775200000000e-004,-4.02010e-002
-3.774800000000e-004,-4.02010e-002
-3.774400000000e-004,-4.02010e-002
-3.774000000000e-004,-8.04020e-002
-3.773600000000e-004,-4.02010e-002
-3.773200000000e-004,-4.02010e-002
-3.772800000000e-004,-4.02010e-002
-3.772400000000e-004,-4.02010e-002
-3.772000000000e-004,-4.02010e-002
-3.771600000000e-004,-4.02010e-002
-3.771200000000e-004,-4.02010e-002
-3.770800000000e-004,-4.02010e-002
-3.770400000000e-004,-4.02010e-002
-3.770000000000e-004,-4.02010e-002
-3.769600000000e-004,-4.02010e-002
-3.769200000000e-004,-4.02010e-002
-3.768800000000e-004,-4.02010e-002
-3.768400000000e-004,-4.02010e-002
-3.768000000000e-004,-4.02010e-002
-3.767600000000e-004,-4.02010e-002
-3.767200000000e-004,-4.02010e-002
-3.766800000000e-004,-4.02010e-002
-3.766400000000e-004,-4.02010e-002
-3.766000000000e-004,-4.02010e-002
-3.765600000000e-004,-4.02010e-002
-3.765200000000e-004,-4.02010e-002
-3.764800000000e-004,-4.02010e-002
-3.764400000000e-004,-4.02010e-002
-3.764000000000e-004,-4.02010e-002
-3.763600000000e-004,-4.02010e-002
-3.763200000000e-004,-4.02010e-002
-3.762800000000e-004,-4.02010e-002
-3.762400000000e-004,-4.02010e-002
-3.762000000000e-004,-4.02010e-002
-3.761600000000e-004,-4.02010e-002
-3.761200000000e-004,-4.02010e-002
-3.760800000000e-004,-4.02010e-002
-3.760400000000e-004,-4.02010e-002
-3.760000000000e-004,-4.02010e-002
-3.759600000000e-004,-4.02010e-002
-3.759200000000e-004,-4.02010e-002
-3.758800000000e-004,-4.02010e-002
-3.758400000000e-004,-4.02010e-002
-3.758000000000e-004,-8.04020e-002
-3.757600000000e-004,-4.02010e-002
-3.757200000000e-004,-4.02010e-002
-3.756800000000e-004,-4.02010e-002
-3.756400000000e-004,-4.02010e-002
-3.756000000000e-004,-4.02010e-002
-3.755600000000e-004,-4.02010e-002
-3.755200000000e-004,-4.02010e-002
-3.754800000000e-004,-4.02010e-002
-3.754400000000e-004,-4.02010e-002
-3.754000000000e-004,-4.02010e-002
-3.753600000000e-004,-4.02010e-002
-3.753200000000e-004,-4.02010e-002
-3.752800000000e-004,-4.02010e-002
-3.752400000000e-004,-4.02010e-002
-3.752000000000e-004,-8.04020e-002
-3.751600000000e-004,-4.02010e-002
-3.751200000000e-004,-4.02010e-002
-3.750800000000e-004,-4.02010e-002
-3.750400000000e-004,-4.02010e-002
-3.750000000000e-004,-4.02010e-002
-3.749600000000e-004,-4.02010e-002
-3.749200000000e-004,-4.02010e-002
-3.748800000000e-004,-4.02010e-002
-3.748400000000e-004,-4.02010e-002
-3.748000000000e-004,-4.02010e-002
-3.747600000000e-004,-4.02010e-002
-3.747200000000e-004,-4.02010e-002
-3.746800000000e-004,-4.02010e-002
-3.746400000000e-004,-4.02010e-002
-3.746000000000e-004,-4.02010e-002
-3.745600000000e-004,-4.02010e-002
-3.745200000000e-004,-4.02010e-002
-3.744800000000e-004,-4.02010e-002
-3.744400000000e-004,-4.02010e-002
-3.744000000000e-004,-4.02010e-002
-3.743600000000e-004,-4.02010e-002
-3.743200000000e-004,-4.02010e-002
-3.742800000000e-004,-4.02010e-002
-3.742400000000e-004,-4.02010e-002
-3.742000000000e-004,-4.02010e-002
-3.741600000000e-004,-4.02010e-002
-3.741200000000e-004,-4.02010e-002
-3.740800000000e-004,-4.02010e-002
-3.740400000000e-004,-4.02010e-002
-3.740000000000e-004,-4.02010e-002
-3.739600000000e-004,-4.02010e-002
-3.739200000000e-004,-4.02010e-002
-3.738800000000e-004,-4.02010e-002
-3.738400000000e-004,-4.02010e-002
-3.738000000000e-004,-4.02010e-002
-3.737600000000e-004,-4.02010e-002
-3.737200000000e-004,-4.02010e-002
-3.736800000000e-004,-4.02010e-002
-3.736400000000e-004,-4.02010e-002
-3.736000000000e-004,-4.02010e-002
-3.735600000000e-004,-4.02010e-002
-3.735200000000e-004,-4.02010e-002
-3.734800000000e-004,-4.02010e-002
-3.734400000000e-004,-4.02010e-002
-3.734000000000e-004,-4.02010e-002
-3.733600000000e-004,-4.02010e-002
-3.733200000000e-004,-8.04020e-002
-3.732800000000e-004,-4.02010e-002
-3.732400000000e-004,-4.02010e-002
-3.732000000000e-004,-4.02010e-002
-3.731600000000e-004,-4.02010e-002
-3.731200000000e-004,-4.02010e-002
-3.730800000000e-004,-4.02010e-002
-3.730400000000e-004,-4.02010e-002
-3.730000000000e-004,-4.02010e-002
-3.729600000000e-004,-4.02010e-002
-3.729200000000e-004,-4.02010e-002
-3.728800000000e-004,-4.02010e-002
-3.728400000000e-004,-4.02010e-002
-3.728000000000e-004,-4.02010e-002
-3.727600000000e-004,-4.02010e-002
-3.727200000000e-004,-4.02010e-002
-3.726800000000e-004,-4.02010e-002
-3.726400000000e-004,-4.02010e-002
-3.726000000000e-004,-4.02010e-002
-3.725600000000e-004,-4.02010e-002
-3.725200000000e-004,-4.02010e-002
-3.724800000000e-004,-4.02010e-002
-3.724400000000e-004,-4.02010e-002
-3.724000000000e-004,-4.02010e-002
-3.723600000000e-004,-4.02010e-002
-3.723200000000e-004,-4.02010e-002
-3.722800000000e-004,-4.02010e-002
-3.722400000000e-004,-4.02010e-002
-3.722000000000e-004,-4.02010e-002
-3.721600000000e-004,-4.02010e-002
-3.721200000000e-004,-4.02010e-002
-3.720800000000e-004,-8.04020e-002
-3.720400000000e-004,-4.02010e-002
-3.720000000000e-004, 0.00000e+000
-3.719600000000e-004,-4.02010e-002
-3.719200000000e-004,-4.02010e-002
-3.718800000000e-004,-4.02010e-002
-3.718400000000e-004,-4.02010e-002
-3.718000000000e-004,-4.02010e-002
-3.717600000000e-004, 0.00000e+000
-3.717200000000e-004,-4.02010e-002
-3.716800000000e-004,-4.02010e-002
-3.716400000000e-004,-4.02010e-002
-3.716000000000e-004,-4.02010e-002
-3.715600000000e-004,-4.02010e-002
-3.715200000000e-004,-4.02010e-002
-3.714800000000e-004,-4.02010e-002
-3.714400000000e-004,-4.02010e-002
-3.714000000000e-004,-4.02010e-002
-3.713600000000e-004,-4.02010e-002
-3.713200000000e-004,-4.02010e-002
-3.712800000000e-004,-4.02010e-002
-3.712400000000e-004,-4.02010e-002
-3.712000000000e-004,-4.02010e-002
-3.711600000000e-004,-4.02010e-002
-3.711200000000e-004,-4.02010e-002
-3.710800000000e-004,-4.02010e-002
-3.710400000000e-004,-4.02010e-002
-3.710000000000e-004,-4.02010e-002
-3.709600000000e-004,-4.02010e-002
-3.709200000000e-004,-4.02010e-002
-3.708800000000e-004,-4.02010e-002
-3.708400000000e-004,-4.02010e-002
-3.708000000000e-004,-4.02010e-002
-3.707600000000e-004,-4.02010e-002
-3.707200000000e-004,-4.02010e-002
-3.706800000000e-004,-4.02010e-002
-3.706400000000e-004,-4.02010e-002
-3.706000000000e-004,-4.02010e-002
-3.705600000000e-004,-4.02010e-002
-3.705200000000e-004,-4.02010e-002
-3.704800000000e-004,-4.02010e-002
-3.704400000000e-004,-4.02010e-002
-3.704000000000e-004,-4.02010e-002
-3.703600000000e-004,-4.02010e-002
-3.703200000000e-004,-4.02010e-002
-3.702800000000e-004,-4.02010e-002
-3.702400000000e-004,-4.02010e-002
-3.702000000000e-004,-4.02010e-002
-3.701600000000e-004,-4.02010e-002
-3.701200000000e-004,-4.02010e-002
-3.700800000000e-004,-4.02010e-002
-3.700400000000e-004,-4.02010e-002
-3.700000000000e-004,-4.02010e-002
-3.699600000000e-004,-4.02010e-002
-3.699200000000e-004,-4.02010e-002
-3.698800000000e-004,-4.02010e-002
-3.698400000000e-004,-4.02010e-002
-3.698000000000e-004,-4.02010e-002
-3.697600000000e-004,-4.02010e-002
-3.697200000000e-004,-4.02010e-002
-3.696800000000e-004,-4.02010e-002
-3.696400000000e-004,-4.02010e-002
-3.696000000000e-004,-4.02010e-002
-3.695600000000e-004,-4.02010e-002
-3.695200000000e-004, 0.00000e+000
-3.694800000000e-004,-4.02010e-002
-3.694400000000e-004,-4.02010e-002
-3.694000000000e-004,-4.02010e-002
-3.693600000000e-004,-4.02010e-002
-3.693200000000e-004,-4.02010e-002
-3.692800000000e-004,-4.02010e-002
-3.692400000000e-004,-4.02010e-002
-3.692000000000e-004,-4.02010e-002
-3.691600000000e-004,-4.02010e-002
-3.691200000000e-004,-4.02010e-002
-3.690800000000e-004,-4.02010e-002
-3.690400000000e-004,-4.02010e-002
-3.690000000000e-004,-4.02010e-002
-3.689600000000e-004,-4.02010e-002
-3.689200000000e-004,-4.02010e-002
-3.688800000000e-004,-4.02010e-002
-3.688400000000e-004,-4.02010e-002
-3.688000000000e-004,-4.02010e-002
-3.687600000000e-004,-4.02010e-002
-3.687200000000e-004,-4.02010e-002
-3.686800000000e-004,-4.02010e-002
-3.686400000000e-004,-4.02010e-002
-3.686000000000e-004, 0.00000e+000
-3.685600000000e-004,-4.02010e-002
-3.685200000000e-004,-4.02010e-002
-3.684800000000e-004,-4.02010e-002
-3.684400000000e-004,-4.02010e-002
-3.684000000000e-004,-4.02010e-002
-3.683600000000e-004,-4.02010e-002
-3.683200000000e-004,-4.02010e-002
-3.682800000000e-004,-4.02010e-002
-3.682400000000e-004,-8.04020e-002
-3.682000000000e-004,-4.02010e-002
-3.681600000000e-004,-4.02010e-002
-3.681200000000e-004,-4.02010e-002
-3.680800000000e-004, 0.00000e+000
-3.680400000000e-004,-4.02010e-002
-3.680000000000e-004,-4.02010e-002
-3.679600000000e-004,-4.02010e-002
-3.679200000000e-004,-4.02010e-002
-3.678800000000e-004,-4.02010e-002
-3.678400000000e-004,-4.02010e-002
-3.678000000000e-004,-4.02010e-002
-3.677600000000e-004, 0.00000e+000
-3.677200000000e-004,-4.02010e-002
-3.676800000000e-004,-4.02010e-002
-3.676400000000e-004,-4.02010e-002
-3.676000000000e-004,-4.02010e-002
-3.675600000000e-004,-4.02010e-002
-3.675200000000e-004,-4.02010e-002
-3.674800000000e-004,-4.02010e-002
-3.674400000000e-004,-4.02010e-002
-3.674000000000e-004,-4.02010e-002
-3.673600000000e-004,-4.02010e-002
-3.673200000000e-004,-4.02010e-002
-3.672800000000e-004,-4.02010e-002
-3.672400000000e-004,-4.02010e-002
-3.672000000000e-004,-4.02010e-002
-3.671600000000e-004,-4.02010e-002
-3.671200000000e-004, 0.00000e+000
-3.670800000000e-004,-4.02010e-002
-3.670400000000e-004,-4.02010e-002
-3.670000000000e-004,-4.02010e-002
-3.669600000000e-004, 0.00000e+000
-3.669200000000e-004,-4.02010e-002
-3.668800000000e-004,-4.02010e-002
-3.668400000000e-004,-4.02010e-002
-3.668000000000e-004,-4.02010e-002
-3.667600000000e-004,-4.02010e-002
-3.667200000000e-004,-4.02010e-002
-3.666800000000e-004,-4.02010e-002
-3.666400000000e-004,-4.02010e-002
-3.666000000000e-004,-4.02010e-002
-3.665600000000e-004,-4.02010e-002
-3.665200000000e-004,-4.02010e-002
-3.664800000000e-004,-4.02010e-002
-3.664400000000e-004,-4.02010e-002
-3.664000000000e-004,-4.02010e-002
-3.663600000000e-004,-4.02010e-002
-3.663200000000e-004,-4.02010e-002
-3.662800000000e-004,-4.02010e-002
-3.662400000000e-004,-4.02010e-002
-3.662000000000e-004,-4.02010e-002
-3.661600000000e-004,-4.02010e-002
-3.661200000000e-004,-4.02010e-002
-3.660800000000e-004,-4.02010e-002
-3.660400000000e-004,-4.02010e-002
-3.660000000000e-004,-4.02010e-002
-3.659600000000e-004,-4.02010e-002
-3.659200000000e-004,-4.02010e-002
-3.658800000000e-004,-4.02010e-002
-3.658400000000e-004,-4.02010e-002
-3.658000000000e-004,-4.02010e-002
-3.657600000000e-004,-4.02010e-002
-3.657200000000e-004,-4.02010e-002
-3.656800000000e-004,-4.02010e-002
-3.656400000000e-004,-4.02010e-002
-3.656000000000e-004,-4.02010e-002
-3.655600000000e-004,-4.02010e-002
-3.655200000000e-004,-4.02010e-002
-3.654800000000e-004,-4.02010e-002
-3.654400000000e-004,-4.02010e-002
-3.654000000000e-004,-4.02010e-002
-3.653600000000e-004,-4.02010e-002
-3.653200000000e-004,-4.02010e-002
-3.652800000000e-004,-4.02010e-002
-3.652400000000e-004,-4.02010e-002
-3.652000000000e-004,-4.02010e-002
-3.651600000000e-004,-4.02010e-002
-3.651200000000e-004,-4.02010e-002
-3.650800000000e-004,-4.02010e-002
-3.650400000000e-004,-4.02010e-002
-3.650000000000e-004,-4.02010e-002
-3.649600000000e-004,-4.02010e-002
-3.649200000000e-004,-4.02010e-002
-3.648800000000e-004,-4.02010e-002
-3.648400000000e-004,-4.02010e-002
-3.648000000000e-004,-4.02010e-002
-3.647600000000e-004,-4.02010e-002
-3.647200000000e-004,-4.02010e-002
-3.646800000000e-004,-4.02010e-002
-3.646400000000e-004,-4.02010e-002
-3.646000000000e-004,-4.02010e-002
-3.645600000000e-004,-4.02010e-002
-3.645200000000e-004,-4.02010e-002
-3.644800000000e-004,-4.02010e-002
-3.644400000000e-004,-4.02010e-002
-3.644000000000e-004,-4.02010e-002
-3.643600000000e-004,-4.02010e-002
-3.643200000000e-004,-4.02010e-002
-3.642800000000e-004,-4.02010e-002
-3.642400000000e-004,-4.02010e-002
-3.642000000000e-004,-4.02010e-002
-3.641600000000e-004,-4.02010e-002
-3.641200000000e-004,-4.02010e-002
-3.640800000000e-004,-4.02010e-002
-3.640400000000e-004,-4.02010e-002
-3.640000000000e-004,-4.02010e-002
-3.639600000000e-004,-4.02010e-002
-3.639200000000e-004,-4.02010e-002
-3.638800000000e-004,-4.02010e-002
-3.638400000000e-004,-4.02010e-002
-3.638000000000e-004,-4.02010e-002
-3.637600000000e-004,-4.02010e-002
-3.637200000000e-004,-4.02010e-002
-3.636800000000e-004,-4.02010e-002
-3.636400000000e-004,-4.02010e-002
-3.636000000000e-004, 0.00000e+000
-3.635600000000e-004,-4.02010e-002
-3.635200000000e-004,-4.02010e-002
-3.634800000000e-004,-4.02010e-002
-3.634400000000e-004,-4.02010e-002
-3.634000000000e-004,-4.02010e-002
-3.633600000000e-004,-4.02010e-002
-3.633200000000e-004,-4.02010e-002
-3.632800000000e-004,-4.02010e-002
-3.632400000000e-004,-4.02010e-002
-3.632000000000e-004,-4.02010e-002
-3.631600000000e-004,-4.02010e-002
-3.631200000000e-004,-4.02010e-002
-3.630800000000e-004,-4.02010e-002
-3.630400000000e-004,-4.02010e-002
-3.630000000000e-004,-4.02010e-002
-3.629600000000e-004,-4.02010e-002
-3.629200000000e-004,-4.02010e-002
-3.628800000000e-004,-4.02010e-002
-3.628400000000e-004,-4.02010e-002
-3.628000000000e-004,-4.02010e-002
-3.627600000000e-004,-4.02010e-002
-3.627200000000e-004,-4.02010e-002
-3.626800000000e-004,-4.02010e-002
-3.626400000000e-004,-4.02010e-002
-3.626000000000e-004,-4.02010e-002
-3.625600000000e-004,-4.02010e-002
-3.625200000000e-004,-4.02010e-002
-3.624800000000e-004,-4.02010e-002
-3.624400000000e-004,-4.02010e-002
-3.624000000000e-004,-4.02010e-002
-3.623600000000e-004,-4.02010e-002
-3.623200000000e-004,-4.02010e-002
-3.622800000000e-004,-4.02010e-002
-3.622400000000e-004,-4.02010e-002
-3.622000000000e-004,-4.02010e-002
-3.621600000000e-004,-4.02010e-002
-3.621200000000e-004,-4.02010e-002
-3.620800000000e-004,-4.02010e-002
-3.620400000000e-004,-4.02010e-002
-3.620000000000e-004,-4.02010e-002
-3.619600000000e-004,-4.02010e-002
-3.619200000000e-004,-4.02010e-002
-3.618800000000e-004,-4.02010e-002
-3.618400000000e-004,-4.02010e-002
-3.618000000000e-004,-4.02010e-002
-3.617600000000e-004,-4.02010e-002
-3.617200000000e-004,-4.02010e-002
-3.616800000000e-004,-4.02010e-002
-3.616400000000e-004,-4.02010e-002
-3.616000000000e-004,-4.02010e-002
-3.615600000000e-004,-4.02010e-002
-3.615200000000e-004,-4.02010e-002
-3.614800000000e-004,-4.02010e-002
-3.614400000000e-004,-4.02010e-002
-3.614000000000e-004,-4.02010e-002
-3.613600000000e-004,-4.02010e-002
-3.613200000000e-004,-4.02010e-002
-3.612800000000e-004,-4.02010e-002
-3.612400000000e-004,-4.02010e-002
-3.612000000000e-004, 0.00000e+000
-3.611600000000e-004,-4.02010e-002
-3.611200000000e-004,-4.02010e-002
-3.610800000000e-004,-4.02010e-002
-3.610400000000e-004,-4.02010e-002
-3.610000000000e-004,-4.02010e-002
-3.609600000000e-004,-4.02010e-002
-3.609200000000e-004,-4.02010e-002
-3.608800000000e-004,-4.02010e-002
-3.608400000000e-004,-4.02010e-002
-3.608000000000e-004,-4.02010e-002
-3.607600000000e-004,-4.02010e-002
-3.607200000000e-004,-4.02010e-002
-3.606800000000e-004,-4.02010e-002
-3.606400000000e-004,-8.04020e-002
-3.606000000000e-004,-4.02010e-002
-3.605600000000e-004,-4.02010e-002
-3.605200000000e-004,-4.02010e-002
-3.604800000000e-004,-4.02010e-002
-3.604400000000e-004,-4.02010e-002
-3.604000000000e-004, 0.00000e+000
-3.603600000000e-004,-4.02010e-002
-3.603200000000e-004,-4.02010e-002
-3.602800000000e-004,-4.02010e-002
-3.602400000000e-004,-4.02010e-002
-3.602000000000e-004,-4.02010e-002
-3.601600000000e-004,-4.02010e-002
-3.601200000000e-004,-4.02010e-002
-3.600800000000e-004,-4.02010e-002
-3.600400000000e-004,-4.02010e-002
-3.600000000000e-004,-4.02010e-002
-3.599600000000e-004,-4.02010e-002
-3.599200000000e-004,-4.02010e-002
-3.598800000000e-004,-4.02010e-002
-3.598400000000e-004,-4.02010e-002
-3.598000000000e-004,-4.02010e-002
-3.597600000000e-004,-4.02010e-002
-3.597200000000e-004,-4.02010e-002
-3.596800000000e-004,-4.02010e-002
-3.596400000000e-004,-4.02010e-002
-3.596000000000e-004,-4.02010e-002
-3.595600000000e-004,-4.02010e-002
-3.595200000000e-004,-4.02010e-002
-3.594800000000e-004,-4.02010e-002
-3.594400000000e-004,-4.02010e-002
-3.594000000000e-004,-4.02010e-002
-3.593600000000e-004,-4.02010e-002
-3.593200000000e-004,-4.02010e-002
-3.592800000000e-004,-4.02010e-002
-3.592400000000e-004,-4.02010e-002
-3.592000000000e-004,-4.02010e-002
-3.591600000000e-004,-4.02010e-002
-3.591200000000e-004,-4.02010e-002
-3.590800000000e-004,-4.02010e-002
-3.590400000000e-004,-4.02010e-002
-3.590000000000e-004,-4.02010e-002
-3.589600000000e-004,-4.02010e-002
-3.589200000000e-004,-4.02010e-002
-3.588800000000e-004,-4.02010e-002
-3.588400000000e-004,-4.02010e-002
-3.588000000000e-004,-4.02010e-002
-3.587600000000e-004,-4.02010e-002
-3.587200000000e-004,-4.02010e-002
-3.586800000000e-004,-4.02010e-002
-3.586400000000e-004,-4.02010e-002
-3.586000000000e-004,-4.02010e-002
-3.585600000000e-004,-4.02010e-002
-3.585200000000e-004,-4.02010e-002
-3.584800000000e-004,-4.02010e-002
-3.584400000000e-004,-4.02010e-002
-3.584000000000e-004,-4.02010e-002
-3.583600000000e-004,-4.02010e-002
-3.583200000000e-004,-4.02010e-002
-3.582800000000e-004,-4.02010e-002
-3.582400000000e-004, 0.00000e+000
-3.582000000000e-004,-4.02010e-002
-3.581600000000e-004,-4.02010e-002
-3.581200000000e-004,-4.02010e-002
-3.580800000000e-004,-4.02010e-002
-3.580400000000e-004,-4.02010e-002
-3.580000000000e-004,-4.02010e-002
-3.579600000000e-004,-4.02010e-002
-3.579200000000e-004,-4.02010e-002
-3.578800000000e-004,-4.02010e-002
-3.578400000000e-004,-4.02010e-002
-3.578000000000e-004,-4.02010e-002
-3.577600000000e-004,-4.02010e-002
-3.577200000000e-004,-4.02010e-002
-3.576800000000e-004,-4.02010e-002
-3.576400000000e-004,-4.02010e-002
-3.576000000000e-004,-4.02010e-002
-3.575600000000e-004,-4.02010e-002
-3.575200000000e-004,-4.02010e-002
-3.574800000000e-004, 0.00000e+000
-3.574400000000e-004,-4.02010e-002
-3.574000000000e-004,-4.02010e-002
-3.573600000000e-004,-4.02010e-002
-3.573200000000e-004,-4.02010e-002
-3.572800000000e-004,-4.02010e-002
-3.572400000000e-004,-4.02010e-002
-3.572000000000e-004,-4.02010e-002
-3.571600000000e-004,-4.02010e-002
-3.571200000000e-004,-4.02010e-002
-3.570800000000e-004,-4.02010e-002
-3.570400000000e-004,-4.02010e-002
-3.570000000000e-004,-4.02010e-002
-3.569600000000e-004,-4.02010e-002
-3.569200000000e-004,-4.02010e-002
-3.568800000000e-004,-4.02010e-002
-3.568400000000e-004,-4.02010e-002
-3.568000000000e-004,-4.02010e-002
-3.567600000000e-004,-4.02010e-002
-3.567200000000e-004,-4.02010e-002
-3.566800000000e-004,-4.02010e-002
-3.566400000000e-004,-4.02010e-002
-3.566000000000e-004,-4.02010e-002
-3.565600000000e-004,-4.02010e-002
-3.565200000000e-004,-4.02010e-002
-3.564800000000e-004,-4.02010e-002
-3.564400000000e-004,-4.02010e-002
-3.564000000000e-004,-4.02010e-002
-3.563600000000e-004,-4.02010e-002
-3.563200000000e-004,-4.02010e-002
-3.562800000000e-004,-4.02010e-002
-3.562400000000e-004,-4.02010e-002
-3.562000000000e-004,-4.02010e-002
-3.561600000000e-004,-4.02010e-002
-3.561200000000e-004,-4.02010e-002
-3.560800000000e-004,-4.02010e-002
-3.560400000000e-004,-4.02010e-002
-3.560000000000e-004,-4.02010e-002
-3.559600000000e-004,-4.02010e-002
-3.559200000000e-004,-4.02010e-002
-3.558800000000e-004,-4.02010e-002
-3.558400000000e-004,-4.02010e-002
-3.558000000000e-004,-4.02010e-002
-3.557600000000e-004,-4.02010e-002
-3.557200000000e-004,-4.02010e-002
-3.556800000000e-004,-4.02010e-002
-3.556400000000e-004,-4.02010e-002
-3.556000000000e-004,-4.02010e-002
-3.555600000000e-004,-4.02010e-002
-3.555200000000e-004,-4.02010e-002
-3.554800000000e-004,-4.02010e-002
-3.554400000000e-004,-4.02010e-002
-3.554000000000e-004, 0.00000e+000
-3.553600000000e-004,-4.02010e-002
-3.553200000000e-004,-4.02010e-002
-3.552800000000e-004,-4.02010e-002
-3.552400000000e-004,-4.02010e-002
-3.552000000000e-004,-4.02010e-002
-3.551600000000e-004,-4.02010e-002
-3.551200000000e-004,-4.02010e-002
-3.550800000000e-004,-4.02010e-002
-3.550400000000e-004,-4.02010e-002
-3.550000000000e-004,-4.02010e-002
-3.549600000000e-004,-4.02010e-002
-3.549200000000e-004,-4.02010e-002
-3.548800000000e-004,-4.02010e-002
-3.548400000000e-004,-4.02010e-002
-3.548000000000e-004,-4.02010e-002
-3.547600000000e-004,-4.02010e-002
-3.547200000000e-004,-4.02010e-002
-3.546800000000e-004,-4.02010e-002
-3.546400000000e-004,-4.02010e-002
-3.546000000000e-004,-4.02010e-002
-3.545600000000e-004,-4.02010e-002
-3.545200000000e-004,-4.02010e-002
-3.544800000000e-004,-4.02010e-002
-3.544400000000e-004,-4.02010e-002
-3.544000000000e-004,-4.02010e-002
-3.543600000000e-004,-4.02010e-002
-3.543200000000e-004,-4.02010e-002
-3.542800000000e-004,-4.02010e-002
-3.542400000000e-004,-4.02010e-002
-3.542000000000e-004,-4.02010e-002
-3.541600000000e-004,-4.02010e-002
-3.541200000000e-004,-4.02010e-002
-3.540800000000e-004,-4.02010e-002
-3.540400000000e-004,-4.02010e-002
-3.540000000000e-004,-4.02010e-002
-3.539600000000e-004,-4.02010e-002
-3.539200000000e-004,-4.02010e-002
-3.538800000000e-004,-4.02010e-002
-3.538400000000e-004,-4.02010e-002
-3.538000000000e-004,-4.02010e-002
-3.537600000000e-004,-4.02010e-002
-3.537200000000e-004,-4.02010e-002
-3.536800000000e-004,-4.02010e-002
-3.536400000000e-004,-4.02010e-002
-3.536000000000e-004,-4.02010e-002
-3.535600000000e-004,-4.02010e-002
-3.535200000000e-004,-4.02010e-002
-3.534800000000e-004,-4.02010e-002
-3.534400000000e-004,-4.02010e-002
-3.534000000000e-004,-4.02010e-002
-3.533600000000e-004,-4.02010e-002
-3.533200000000e-004,-4.02010e-002
-3.532800000000e-004,-4.02010e-002
-3.532400000000e-004,-4.02010e-002
-3.532000000000e-004,-4.02010e-002
-3.531600000000e-004,-4.02010e-002
-3.531200000000e-004,-4.02010e-002
-3.530800000000e-004,-4.02010e-002
-3.530400000000e-004,-4.02010e-002
-3.530000000000e-004,-4.02010e-002
-3.529600000000e-004,-4.02010e-002
-3.529200000000e-004,-4.02010e-002
-3.528800000000e-004,-4.02010e-002
-3.528400000000e-004,-4.02010e-002
-3.528000000000e-004,-4.02010e-002
-3.527600000000e-004,-4.02010e-002
-3.527200000000e-004,-4.02010e-002
-3.526800000000e-004,-4.02010e-002
-3.526400000000e-004,-4.02010e-002
-3.526000000000e-004,-4.02010e-002
-3.525600000000e-004,-4.02010e-002
-3.525200000000e-004,-4.02010e-002
-3.524800000000e-004,-4.02010e-002
-3.524400000000e-004,-4.02010e-002
-3.524000000000e-004,-4.02010e-002
-3.523600000000e-004,-4.02010e-002
-3.523200000000e-004,-4.02010e-002
-3.522800000000e-004,-4.02010e-002
-3.522400000000e-004,-4.02010e-002
-3.522000000000e-004,-4.02010e-002
-3.521600000000e-004,-4.02010e-002
-3.521200000000e-004,-4.02010e-002
-3.520800000000e-004,-4.02010e-002
-3.520400000000e-004,-4.02010e-002
-3.520000000000e-004,-4.02010e-002
-3.519600000000e-004,-4.02010e-002
-3.519200000000e-004,-4.02010e-002
-3.518800000000e-004,-4.02010e-002
-3.518400000000e-004,-4.02010e-002
-3.518000000000e-004,-4.02010e-002
-3.517600000000e-004,-4.02010e-002
-3.517200000000e-004,-4.02010e-002
-3.516800000000e-004,-4.02010e-002
-3.516400000000e-004,-4.02010e-002
-3.516000000000e-004,-4.02010e-002
-3.515600000000e-004, 0.00000e+000
-3.515200000000e-004,-4.02010e-002
-3.514800000000e-004,-4.02010e-002
-3.514400000000e-004,-4.02010e-002
-3.514000000000e-004,-4.02010e-002
-3.513600000000e-004,-4.02010e-002
-3.513200000000e-004,-4.02010e-002
-3.512800000000e-004, 0.00000e+000
-3.512400000000e-004,-4.02010e-002
-3.512000000000e-004,-4.02010e-002
-3.511600000000e-004,-4.02010e-002
-3.511200000000e-004,-4.02010e-002
-3.510800000000e-004,-4.02010e-002
-3.510400000000e-004,-4.02010e-002
-3.510000000000e-004,-4.02010e-002
-3.509600000000e-004,-4.02010e-002
-3.509200000000e-004,-4.02010e-002
-3.508800000000e-004,-4.02010e-002
-3.508400000000e-004, 0.00000e+000
-3.508000000000e-004,-4.02010e-002
-3.507600000000e-004,-4.02010e-002
-3.507200000000e-004,-4.02010e-002
-3.506800000000e-004,-4.02010e-002
-3.506400000000e-004,-4.02010e-002
-3.506000000000e-004,-4.02010e-002
-3.505600000000e-004,-4.02010e-002
-3.505200000000e-004,-4.02010e-002
-3.504800000000e-004,-4.02010e-002
-3.504400000000e-004,-4.02010e-002
-3.504000000000e-004,-4.02010e-002
-3.503600000000e-004,-4.02010e-002
-3.503200000000e-004,-8.04020e-002
-3.502800000000e-004,-4.02010e-002
-3.502400000000e-004,-4.02010e-002
-3.502000000000e-004,-4.02010e-002
-3.501600000000e-004,-4.02010e-002
-3.501200000000e-004,-4.02010e-002
-3.500800000000e-004,-4.02010e-002
-3.500400000000e-004,-4.02010e-002
-3.500000000000e-004,-4.02010e-002
-3.499600000000e-004,-4.02010e-002
-3.499200000000e-004,-4.02010e-002
-3.498800000000e-004,-4.02010e-002
-3.498400000000e-004,-4.02010e-002
-3.498000000000e-004,-4.02010e-002
-3.497600000000e-004,-4.02010e-002
-3.497200000000e-004, 0.00000e+000
-3.496800000000e-004,-4.02010e-002
-3.496400000000e-004,-4.02010e-002
-3.496000000000e-004,-4.02010e-002
-3.495600000000e-004,-4.02010e-002
-3.495200000000e-004,-4.02010e-002
-3.494800000000e-004,-4.02010e-002
-3.494400000000e-004,-4.02010e-002
-3.494000000000e-004,-4.02010e-002
-3.493600000000e-004,-4.02010e-002
-3.493200000000e-004, 0.00000e+000
-3.492800000000e-004,-4.02010e-002
-3.492400000000e-004,-4.02010e-002
-3.492000000000e-004,-4.02010e-002
-3.491600000000e-004, 0.00000e+000
-3.491200000000e-004,-4.02010e-002
-3.490800000000e-004,-4.02010e-002
-3.490400000000e-004,-4.02010e-002
-3.490000000000e-004,-4.02010e-002
-3.489600000000e-004,-4.02010e-002
-3.489200000000e-004,-4.02010e-002
-3.488800000000e-004,-4.02010e-002
-3.488400000000e-004,-4.02010e-002
-3.488000000000e-004,-4.02010e-002
-3.487600000000e-004,-4.02010e-002
-3.487200000000e-004, 0.00000e+000
-3.486800000000e-004,-4.02010e-002
-3.486400000000e-004,-4.02010e-002
-3.486000000000e-004,-4.02010e-002
-3.485600000000e-004,-4.02010e-002
-3.485200000000e-004,-4.02010e-002
-3.484800000000e-004,-4.02010e-002
-3.484400000000e-004,-4.02010e-002
-3.484000000000e-004,-4.02010e-002
-3.483600000000e-004,-4.02010e-002
-3.483200000000e-004,-4.02010e-002
-3.482800000000e-004,-4.02010e-002
-3.482400000000e-004,-4.02010e-002
-3.482000000000e-004,-4.02010e-002
-3.481600000000e-004,-4.02010e-002
-3.481200000000e-004,-4.02010e-002
-3.480800000000e-004,-4.02010e-002
-3.480400000000e-004,-4.02010e-002
-3.480000000000e-004,-4.02010e-002
-3.479600000000e-004,-4.02010e-002
-3.479200000000e-004,-4.02010e-002
-3.478800000000e-004,-4.02010e-002
-3.478400000000e-004,-4.02010e-002
-3.478000000000e-004,-4.02010e-002
-3.477600000000e-004,-4.02010e-002
-3.477200000000e-004,-4.02010e-002
-3.476800000000e-004,-4.02010e-002
-3.476400000000e-004,-4.02010e-002
-3.476000000000e-004,-4.02010e-002
-3.475600000000e-004,-4.02010e-002
-3.475200000000e-004,-4.02010e-002
-3.474800000000e-004,-4.02010e-002
-3.474400000000e-004,-4.02010e-002
-3.474000000000e-004,-4.02010e-002
-3.473600000000e-004,-4.02010e-002
-3.473200000000e-004,-4.02010e-002
-3.472800000000e-004,-4.02010e-002
-3.472400000000e-004,-4.02010e-002
-3.472000000000e-004, 0.00000e+000
-3.471600000000e-004,-4.02010e-002
-3.471200000000e-004,-4.02010e-002
-3.470800000000e-004,-4.02010e-002
-3.470400000000e-004,-4.02010e-002
-3.470000000000e-004,-4.02010e-002
-3.469600000000e-004,-4.02010e-002
-3.469200000000e-004,-4.02010e-002
-3.468800000000e-004,-4.02010e-002
-3.468400000000e-004,-4.02010e-002
-3.468000000000e-004,-4.02010e-002
-3.467600000000e-004,-4.02010e-002
-3.467200000000e-004,-4.02010e-002
-3.466800000000e-004,-4.02010e-002
-3.466400000000e-004,-4.02010e-002
-3.466000000000e-004,-4.02010e-002
-3.465600000000e-004,-4.02010e-002
-3.465200000000e-004,-4.02010e-002
-3.464800000000e-004,-4.02010e-002
-3.464400000000e-004,-4.02010e-002
-3.464000000000e-004,-4.02010e-002
-3.463600000000e-004,-4.02010e-002
-3.463200000000e-004,-4.02010e-002
-3.462800000000e-004,-4.02010e-002
-3.462400000000e-004,-4.02010e-002
-3.462000000000e-004,-4.02010e-002
-3.461600000000e-004,-4.02010e-002
-3.461200000000e-004,-4.02010e-002
-3.460800000000e-004,-4.02010e-002
-3.460400000000e-004,-4.02010e-002
-3.460000000000e-004,-4.02010e-002
-3.459600000000e-004,-4.02010e-002
-3.459200000000e-004,-4.02010e-002
-3.458800000000e-004,-4.02010e-002
-3.458400000000e-004,-4.02010e-002
-3.458000000000e-004,-4.02010e-002
-3.457600000000e-004,-4.02010e-002
-3.457200000000e-004,-4.02010e-002
-3.456800000000e-004,-4.02010e-002
-3.456400000000e-004,-4.02010e-002
-3.456000000000e-004,-4.02010e-002
-3.455600000000e-004,-4.02010e-002
-3.455200000000e-004, 0.00000e+000
-3.454800000000e-004,-4.02010e-002
-3.454400000000e-004,-4.02010e-002
-3.454000000000e-004,-4.02010e-002
-3.453600000000e-004,-4.02010e-002
-3.453200000000e-004,-4.02010e-002
-3.452800000000e-004,-4.02010e-002
-3.452400000000e-004,-4.02010e-002
-3.452000000000e-004,-4.02010e-002
-3.451600000000e-004,-4.02010e-002
-3.451200000000e-004,-4.02010e-002
-3.450800000000e-004,-4.02010e-002
-3.450400000000e-004,-4.02010e-002
-3.450000000000e-004,-4.02010e-002
-3.449600000000e-004,-4.02010e-002
-3.449200000000e-004, 0.00000e+000
-3.448800000000e-004,-4.02010e-002
-3.448400000000e-004,-4.02010e-002
-3.448000000000e-004,-4.02010e-002
-3.447600000000e-004,-4.02010e-002
-3.447200000000e-004,-4.02010e-002
-3.446800000000e-004,-4.02010e-002
-3.446400000000e-004,-4.02010e-002
-3.446000000000e-004, 0.00000e+000
-3.445600000000e-004,-4.02010e-002
-3.445200000000e-004,-4.02010e-002
-3.444800000000e-004,-4.02010e-002
-3.444400000000e-004,-4.02010e-002
-3.444000000000e-004,-4.02010e-002
-3.443600000000e-004,-4.02010e-002
-3.443200000000e-004,-4.02010e-002
-3.442800000000e-004,-4.02010e-002
-3.442400000000e-004,-4.02010e-002
-3.442000000000e-004,-4.02010e-002
-3.441600000000e-004,-4.02010e-002
-3.441200000000e-004,-4.02010e-002
-3.440800000000e-004,-4.02010e-002
-3.440400000000e-004,-4.02010e-002
-3.440000000000e-004,-4.02010e-002
-3.439600000000e-004,-4.02010e-002
-3.439200000000e-004,-4.02010e-002
-3.438800000000e-004,-4.02010e-002
-3.438400000000e-004,-4.02010e-002
-3.438000000000e-004,-4.02010e-002
-3.437600000000e-004,-4.02010e-002
-3.437200000000e-004,-4.02010e-002
-3.436800000000e-004,-4.02010e-002
-3.436400000000e-004,-4.02010e-002
-3.436000000000e-004,-4.02010e-002
-3.435600000000e-004,-4.02010e-002
-3.435200000000e-004,-4.02010e-002
-3.434800000000e-004,-4.02010e-002
-3.434400000000e-004,-4.02010e-002
-3.434000000000e-004,-4.02010e-002
-3.433600000000e-004,-4.02010e-002
-3.433200000000e-004,-4.02010e-002
-3.432800000000e-004,-4.02010e-002
-3.432400000000e-004,-4.02010e-002
-3.432000000000e-004,-4.02010e-002
-3.431600000000e-004,-4.02010e-002
-3.431200000000e-004,-4.02010e-002
-3.430800000000e-004,-4.02010e-002
-3.430400000000e-004,-4.02010e-002
-3.430000000000e-004,-4.02010e-002
-3.429600000000e-004,-4.02010e-002
-3.429200000000e-004,-4.02010e-002
-3.428800000000e-004,-4.02010e-002
-3.428400000000e-004,-4.02010e-002
-3.428000000000e-004,-4.02010e-002
-3.427600000000e-004,-4.02010e-002
-3.427200000000e-004,-4.02010e-002
-3.426800000000e-004,-4.02010e-002
-3.426400000000e-004,-4.02010e-002
-3.426000000000e-004,-4.02010e-002
-3.425600000000e-004,-4.02010e-002
-3.425200000000e-004,-4.02010e-002
-3.424800000000e-004,-4.02010e-002
-3.424400000000e-004,-4.02010e-002
-3.424000000000e-004,-4.02010e-002
-3.423600000000e-004,-4.02010e-002
-3.423200000000e-004,-4.02010e-002
-3.422800000000e-004,-4.02010e-002
-3.422400000000e-004,-4.02010e-002
-3.422000000000e-004,-4.02010e-002
-3.421600000000e-004,-4.02010e-002
-3.421200000000e-004,-4.02010e-002
-3.420800000000e-004,-4.02010e-002
-3.420400000000e-004,-4.02010e-002
-3.420000000000e-004,-4.02010e-002
-3.419600000000e-004,-4.02010e-002
-3.419200000000e-004,-4.02010e-002
-3.418800000000e-004,-4.02010e-002
-3.418400000000e-004,-4.02010e-002
-3.418000000000e-004,-4.02010e-002
-3.417600000000e-004,-4.02010e-002
-3.417200000000e-004,-4.02010e-002
-3.416800000000e-004,-4.02010e-002
-3.416400000000e-004,-4.02010e-002
-3.416000000000e-004,-4.02010e-002
-3.415600000000e-004,-4.02010e-002
-3.415200000000e-004,-4.02010e-002
-3.414800000000e-004,-4.02010e-002
-3.414400000000e-004,-4.02010e-002
-3.414000000000e-004,-4.02010e-002
-3.413600000000e-004,-4.02010e-002
-3.413200000000e-004,-4.02010e-002
-3.412800000000e-004,-4.02010e-002
-3.412400000000e-004,-4.02010e-002
-3.412000000000e-004,-4.02010e-002
-3.411600000000e-004,-4.02010e-002
-3.411200000000e-004,-4.02010e-002
-3.410800000000e-004,-4.02010e-002
-3.410400000000e-004,-4.02010e-002
-3.410000000000e-004,-4.02010e-002
-3.409600000000e-004,-4.02010e-002
-3.409200000000e-004,-4.02010e-002
-3.408800000000e-004,-4.02010e-002
-3.408400000000e-004,-4.02010e-002
-3.408000000000e-004,-4.02010e-002
-3.407600000000e-004,-4.02010e-002
-3.407200000000e-004,-4.02010e-002
-3.406800000000e-004,-4.02010e-002
-3.406400000000e-004,-4.02010e-002
-3.406000000000e-004,-4.02010e-002
-3.405600000000e-004,-4.02010e-002
-3.405200000000e-004,-4.02010e-002
-3.404800000000e-004,-4.02010e-002
-3.404400000000e-004,-8.04020e-002
-3.404000000000e-004,-4.02010e-002
-3.403600000000e-004,-4.02010e-002
-3.403200000000e-004,-4.02010e-002
-3.402800000000e-004,-4.02010e-002
-3.402400000000e-004,-4.02010e-002
-3.402000000000e-004,-4.02010e-002
-3.401600000000e-004,-4.02010e-002
-3.401200000000e-004,-4.02010e-002
-3.400800000000e-004,-4.02010e-002
-3.400400000000e-004,-4.02010e-002
-3.400000000000e-004,-4.02010e-002
-3.399600000000e-004,-4.02010e-002
-3.399200000000e-004,-4.02010e-002
-3.398800000000e-004,-4.02010e-002
-3.398400000000e-004,-4.02010e-002
-3.398000000000e-004,-4.02010e-002
-3.397600000000e-004,-4.02010e-002
-3.397200000000e-004,-4.02010e-002
-3.396800000000e-004,-4.02010e-002
-3.396400000000e-004,-4.02010e-002
-3.396000000000e-004,-4.02010e-002
-3.395600000000e-004,-4.02010e-002
-3.395200000000e-004,-4.02010e-002
-3.394800000000e-004,-4.02010e-002
-3.394400000000e-004,-4.02010e-002
-3.394000000000e-004,-4.02010e-002
-3.393600000000e-004,-4.02010e-002
-3.393200000000e-004,-4.02010e-002
-3.392800000000e-004,-4.02010e-002
-3.392400000000e-004,-4.02010e-002
-3.392000000000e-004,-4.02010e-002
-3.391600000000e-004,-4.02010e-002
-3.391200000000e-004,-4.02010e-002
-3.390800000000e-004,-4.02010e-002
-3.390400000000e-004,-4.02010e-002
-3.390000000000e-004,-4.02010e-002
-3.389600000000e-004,-4.02010e-002
-3.389200000000e-004,-4.02010e-002
-3.388800000000e-004,-4.02010e-002
-3.388400000000e-004,-4.02010e-002
-3.388000000000e-004,-4.02010e-002
-3.387600000000e-004,-4.02010e-002
-3.387200000000e-004,-4.02010e-002
-3.386800000000e-004,-4.02010e-002
-3.386400000000e-004,-4.02010e-002
-3.386000000000e-004,-4.02010e-002
-3.385600000000e-004,-4.02010e-002
-3.385200000000e-004,-4.02010e-002
-3.384800000000e-004,-4.02010e-002
-3.384400000000e-004,-4.02010e-002
-3.384000000000e-004,-4.02010e-002
-3.383600000000e-004,-4.02010e-002
-3.383200000000e-004,-4.02010e-002
-3.382800000000e-004,-4.02010e-002
-3.382400000000e-004,-4.02010e-002
-3.382000000000e-004,-4.02010e-002
-3.381600000000e-004,-4.02010e-002
-3.381200000000e-004,-4.02010e-002
-3.380800000000e-004,-4.02010e-002
-3.380400000000e-004,-4.02010e-002
-3.380000000000e-004,-4.02010e-002
-3.379600000000e-004,-4.02010e-002
-3.379200000000e-004,-4.02010e-002
-3.378800000000e-004,-4.02010e-002
-3.378400000000e-004,-4.02010e-002
-3.378000000000e-004,-4.02010e-002
-3.377600000000e-004,-4.02010e-002
-3.377200000000e-004,-4.02010e-002
-3.376800000000e-004,-4.02010e-002
-3.376400000000e-004,-4.02010e-002
-3.376000000000e-004,-4.02010e-002
-3.375600000000e-004,-4.02010e-002
-3.375200000000e-004, 0.00000e+000
-3.374800000000e-004,-4.02010e-002
-3.374400000000e-004,-4.02010e-002
-3.374000000000e-004,-4.02010e-002
-3.373600000000e-004,-4.02010e-002
-3.373200000000e-004,-4.02010e-002
-3.372800000000e-004,-4.02010e-002
-3.372400000000e-004,-4.02010e-002
-3.372000000000e-004,-4.02010e-002
-3.371600000000e-004,-4.02010e-002
-3.371200000000e-004,-4.02010e-002
-3.370800000000e-004,-4.02010e-002
-3.370400000000e-004,-4.02010e-002
-3.370000000000e-004,-4.02010e-002
-3.369600000000e-004,-4.02010e-002
-3.369200000000e-004, 0.00000e+000
-3.368800000000e-004,-4.02010e-002
-3.368400000000e-004,-4.02010e-002
-3.368000000000e-004,-4.02010e-002
-3.367600000000e-004,-4.02010e-002
-3.367200000000e-004,-4.02010e-002
-3.366800000000e-004,-4.02010e-002
-3.366400000000e-004,-4.02010e-002
-3.366000000000e-004,-4.02010e-002
-3.365600000000e-004,-4.02010e-002
-3.365200000000e-004,-4.02010e-002
-3.364800000000e-004,-4.02010e-002
-3.364400000000e-004,-4.02010e-002
-3.364000000000e-004,-4.02010e-002
-3.363600000000e-004,-4.02010e-002
-3.363200000000e-004,-4.02010e-002
-3.362800000000e-004,-4.02010e-002
-3.362400000000e-004,-4.02010e-002
-3.362000000000e-004,-4.02010e-002
-3.361600000000e-004,-4.02010e-002
-3.361200000000e-004,-4.02010e-002
-3.360800000000e-004, 0.00000e+000
-3.360400000000e-004,-4.02010e-002
-3.360000000000e-004,-4.02010e-002
-3.359600000000e-004,-4.02010e-002
-3.359200000000e-004,-4.02010e-002
-3.358800000000e-004,-4.02010e-002
-3.358400000000e-004,-4.02010e-002
-3.358000000000e-004,-4.02010e-002
-3.357600000000e-004,-4.02010e-002
-3.357200000000e-004,-4.02010e-002
-3.356800000000e-004,-4.02010e-002
-3.356400000000e-004,-4.02010e-002
-3.356000000000e-004, 0.00000e+000
-3.355600000000e-004,-4.02010e-002
-3.355200000000e-004,-4.02010e-002
-3.354800000000e-004,-4.02010e-002
-3.354400000000e-004,-4.02010e-002
-3.354000000000e-004,-4.02010e-002
-3.353600000000e-004,-4.02010e-002
-3.353200000000e-004,-4.02010e-002
-3.352800000000e-004,-4.02010e-002
-3.352400000000e-004,-4.02010e-002
-3.352000000000e-004,-4.02010e-002
-3.351600000000e-004,-4.02010e-002
-3.351200000000e-004,-4.02010e-002
-3.350800000000e-004,-4.02010e-002
-3.350400000000e-004,-4.02010e-002
-3.350000000000e-004,-4.02010e-002
-3.349600000000e-004,-4.02010e-002
-3.349200000000e-004,-4.02010e-002
-3.348800000000e-004,-4.02010e-002
-3.348400000000e-004,-4.02010e-002
-3.348000000000e-004,-4.02010e-002
-3.347600000000e-004,-4.02010e-002
-3.347200000000e-004,-4.02010e-002
-3.346800000000e-004,-4.02010e-002
-3.346400000000e-004,-4.02010e-002
-3.346000000000e-004,-4.02010e-002
-3.345600000000e-004,-4.02010e-002
-3.345200000000e-004,-4.02010e-002
-3.344800000000e-004,-4.02010e-002
-3.344400000000e-004,-4.02010e-002
-3.344000000000e-004,-4.02010e-002
-3.343600000000e-004,-4.02010e-002
-3.343200000000e-004,-4.02010e-002
-3.342800000000e-004,-4.02010e-002
-3.342400000000e-004,-4.02010e-002
-3.342000000000e-004,-4.02010e-002
-3.341600000000e-004,-4.02010e-002
-3.341200000000e-004,-4.02010e-002
-3.340800000000e-004,-4.02010e-002
-3.340400000000e-004, 0.00000e+000
-3.340000000000e-004,-4.02010e-002
-3.339600000000e-004,-4.02010e-002
-3.339200000000e-004,-4.02010e-002
-3.338800000000e-004, 0.00000e+000
-3.338400000000e-004,-4.02010e-002
-3.338000000000e-004,-4.02010e-002
-3.337600000000e-004,-4.02010e-002
-3.337200000000e-004,-4.02010e-002
-3.336800000000e-004,-4.02010e-002
-3.336400000000e-004,-4.02010e-002
-3.336000000000e-004,-4.02010e-002
-3.335600000000e-004,-4.02010e-002
-3.335200000000e-004, 0.00000e+000
-3.334800000000e-004,-4.02010e-002
-3.334400000000e-004,-4.02010e-002
-3.334000000000e-004,-4.02010e-002
-3.333600000000e-004,-4.02010e-002
-3.333200000000e-004,-4.02010e-002
-3.332800000000e-004,-4.02010e-002
-3.332400000000e-004,-4.02010e-002
-3.332000000000e-004,-4.02010e-002
-3.331600000000e-004,-4.02010e-002
-3.331200000000e-004,-4.02010e-002
-3.330800000000e-004,-4.02010e-002
-3.330400000000e-004,-4.02010e-002
-3.330000000000e-004,-4.02010e-002
-3.329600000000e-004,-4.02010e-002
-3.329200000000e-004,-4.02010e-002
-3.328800000000e-004,-4.02010e-002
-3.328400000000e-004,-4.02010e-002
-3.328000000000e-004,-4.02010e-002
-3.327600000000e-004, 0.00000e+000
-3.327200000000e-004,-4.02010e-002
-3.326800000000e-004,-4.02010e-002
-3.326400000000e-004,-4.02010e-002
-3.326000000000e-004,-4.02010e-002
-3.325600000000e-004,-4.02010e-002
-3.325200000000e-004,-4.02010e-002
-3.324800000000e-004,-4.02010e-002
-3.324400000000e-004,-4.02010e-002
-3.324000000000e-004,-4.02010e-002
-3.323600000000e-004,-4.02010e-002
-3.323200000000e-004,-4.02010e-002
-3.322800000000e-004,-4.02010e-002
-3.322400000000e-004,-4.02010e-002
-3.322000000000e-004,-4.02010e-002
-3.321600000000e-004,-4.02010e-002
-3.321200000000e-004,-4.02010e-002
-3.320800000000e-004,-4.02010e-002
-3.320400000000e-004,-4.02010e-002
-3.320000000000e-004,-4.02010e-002
-3.319600000000e-004,-4.02010e-002
-3.319200000000e-004,-4.02010e-002
-3.318800000000e-004,-4.02010e-002
-3.318400000000e-004,-4.02010e-002
-3.318000000000e-004,-4.02010e-002
-3.317600000000e-004,-4.02010e-002
-3.317200000000e-004,-4.02010e-002
-3.316800000000e-004,-4.02010e-002
-3.316400000000e-004,-4.02010e-002
-3.316000000000e-004,-4.02010e-002
-3.315600000000e-004,-4.02010e-002
-3.315200000000e-004,-4.02010e-002
-3.314800000000e-004,-4.02010e-002
-3.314400000000e-004,-4.02010e-002
-3.314000000000e-004,-4.02010e-002
-3.313600000000e-004,-4.02010e-002
-3.313200000000e-004,-4.02010e-002
-3.312800000000e-004,-4.02010e-002
-3.312400000000e-004,-4.02010e-002
-3.312000000000e-004,-4.02010e-002
-3.311600000000e-004,-4.02010e-002
-3.311200000000e-004,-4.02010e-002
-3.310800000000e-004,-4.02010e-002
-3.310400000000e-004,-4.02010e-002
-3.310000000000e-004,-4.02010e-002
-3.309600000000e-004,-4.02010e-002
-3.309200000000e-004,-4.02010e-002
-3.308800000000e-004,-4.02010e-002
-3.308400000000e-004,-4.02010e-002
-3.308000000000e-004,-4.02010e-002
-3.307600000000e-004, 0.00000e+000
-3.307200000000e-004,-4.02010e-002
-3.306800000000e-004,-4.02010e-002
-3.306400000000e-004,-4.02010e-002
-3.306000000000e-004,-4.02010e-002
-3.305600000000e-004,-4.02010e-002
-3.305200000000e-004,-4.02010e-002
-3.304800000000e-004,-4.02010e-002
-3.304400000000e-004,-4.02010e-002
-3.304000000000e-004,-4.02010e-002
-3.303600000000e-004,-4.02010e-002
-3.303200000000e-004,-4.02010e-002
-3.302800000000e-004, 0.00000e+000
-3.302400000000e-004,-4.02010e-002
-3.302000000000e-004,-4.02010e-002
-3.301600000000e-004,-4.02010e-002
-3.301200000000e-004,-4.02010e-002
-3.300800000000e-004,-4.02010e-002
-3.300400000000e-004,-4.02010e-002
-3.300000000000e-004,-4.02010e-002
-3.299600000000e-004,-4.02010e-002
-3.299200000000e-004,-4.02010e-002
-3.298800000000e-004,-4.02010e-002
-3.298400000000e-004,-4.02010e-002
-3.298000000000e-004,-4.02010e-002
-3.297600000000e-004,-4.02010e-002
-3.297200000000e-004,-4.02010e-002
-3.296800000000e-004,-4.02010e-002
-3.296400000000e-004,-4.02010e-002
-3.296000000000e-004,-4.02010e-002
-3.295600000000e-004,-4.02010e-002
-3.295200000000e-004,-4.02010e-002
-3.294800000000e-004,-4.02010e-002
-3.294400000000e-004,-4.02010e-002
-3.294000000000e-004,-4.02010e-002
-3.293600000000e-004,-4.02010e-002
-3.293200000000e-004,-4.02010e-002
-3.292800000000e-004,-4.02010e-002
-3.292400000000e-004,-4.02010e-002
-3.292000000000e-004,-4.02010e-002
-3.291600000000e-004,-8.04020e-002
-3.291200000000e-004,-4.02010e-002
-3.290800000000e-004,-4.02010e-002
-3.290400000000e-004,-4.02010e-002
-3.290000000000e-004,-4.02010e-002
-3.289600000000e-004,-4.02010e-002
-3.289200000000e-004,-4.02010e-002
-3.288800000000e-004,-4.02010e-002
-3.288400000000e-004, 0.00000e+000
-3.288000000000e-004, 0.00000e+000
-3.287600000000e-004,-4.02010e-002
-3.287200000000e-004, 0.00000e+000
-3.286800000000e-004,-4.02010e-002
-3.286400000000e-004,-4.02010e-002
-3.286000000000e-004,-4.02010e-002
-3.285600000000e-004,-4.02010e-002
-3.285200000000e-004,-4.02010e-002
-3.284800000000e-004,-4.02010e-002
-3.284400000000e-004,-4.02010e-002
-3.284000000000e-004,-4.02010e-002
-3.283600000000e-004,-4.02010e-002
-3.283200000000e-004,-4.02010e-002
-3.282800000000e-004,-4.02010e-002
-3.282400000000e-004,-4.02010e-002
-3.282000000000e-004,-4.02010e-002
-3.281600000000e-004,-4.02010e-002
-3.281200000000e-004, 0.00000e+000
-3.280800000000e-004,-4.02010e-002
-3.280400000000e-004,-4.02010e-002
-3.280000000000e-004,-4.02010e-002
-3.279600000000e-004,-4.02010e-002
-3.279200000000e-004,-4.02010e-002
-3.278800000000e-004,-4.02010e-002
-3.278400000000e-004,-4.02010e-002
-3.278000000000e-004,-4.02010e-002
-3.277600000000e-004,-4.02010e-002
-3.277200000000e-004,-4.02010e-002
-3.276800000000e-004,-4.02010e-002
-3.276400000000e-004,-4.02010e-002
-3.276000000000e-004,-4.02010e-002
-3.275600000000e-004,-4.02010e-002
-3.275200000000e-004,-4.02010e-002
-3.274800000000e-004,-4.02010e-002
-3.274400000000e-004,-4.02010e-002
-3.274000000000e-004,-4.02010e-002
-3.273600000000e-004,-4.02010e-002
-3.273200000000e-004,-4.02010e-002
-3.272800000000e-004,-4.02010e-002
-3.272400000000e-004,-4.02010e-002
-3.272000000000e-004,-4.02010e-002
-3.271600000000e-004,-4.02010e-002
-3.271200000000e-004,-4.02010e-002
-3.270800000000e-004,-4.02010e-002
-3.270400000000e-004,-4.02010e-002
-3.270000000000e-004,-4.02010e-002
-3.269600000000e-004,-4.02010e-002
-3.269200000000e-004,-4.02010e-002
-3.268800000000e-004,-4.02010e-002
-3.268400000000e-004,-4.02010e-002
-3.268000000000e-004,-4.02010e-002
-3.267600000000e-004,-4.02010e-002
-3.267200000000e-004,-4.02010e-002
-3.266800000000e-004,-4.02010e-002
-3.266400000000e-004,-4.02010e-002
-3.266000000000e-004,-4.02010e-002
-3.265600000000e-004,-4.02010e-002
-3.265200000000e-004,-4.02010e-002
-3.264800000000e-004,-4.02010e-002
-3.264400000000e-004,-4.02010e-002
-3.264000000000e-004,-4.02010e-002
-3.263600000000e-004,-4.02010e-002
-3.263200000000e-004,-4.02010e-002
-3.262800000000e-004,-4.02010e-002
-3.262400000000e-004,-4.02010e-002
-3.262000000000e-004,-4.02010e-002
-3.261600000000e-004,-4.02010e-002
-3.261200000000e-004,-4.02010e-002
-3.260800000000e-004,-4.02010e-002
-3.260400000000e-004,-4.02010e-002
-3.260000000000e-004,-4.02010e-002
-3.259600000000e-004,-4.02010e-002
-3.259200000000e-004,-4.02010e-002
-3.258800000000e-004,-4.02010e-002
-3.258400000000e-004, 0.00000e+000
-3.258000000000e-004,-4.02010e-002
-3.257600000000e-004,-4.02010e-002
-3.257200000000e-004,-4.02010e-002
-3.256800000000e-004,-4.02010e-002
-3.256400000000e-004,-4.02010e-002
-3.256000000000e-004,-4.02010e-002
-3.255600000000e-004,-4.02010e-002
-3.255200000000e-004,-4.02010e-002
-3.254800000000e-004,-4.02010e-002
-3.254400000000e-004,-4.02010e-002
-3.254000000000e-004,-4.02010e-002
-3.253600000000e-004,-4.02010e-002
-3.253200000000e-004,-4.02010e-002
-3.252800000000e-004,-4.02010e-002
-3.252400000000e-004,-4.02010e-002
-3.252000000000e-004,-4.02010e-002
-3.251600000000e-004,-4.02010e-002
-3.251200000000e-004,-4.02010e-002
-3.250800000000e-004,-4.02010e-002
-3.250400000000e-004,-4.02010e-002
-3.250000000000e-004,-4.02010e-002
-3.249600000000e-004,-4.02010e-002
-3.249200000000e-004,-4.02010e-002
-3.248800000000e-004,-4.02010e-002
-3.248400000000e-004,-4.02010e-002
-3.248000000000e-004,-4.02010e-002
-3.247600000000e-004,-4.02010e-002
-3.247200000000e-004,-4.02010e-002
-3.246800000000e-004,-4.02010e-002
-3.246400000000e-004,-4.02010e-002
-3.246000000000e-004,-4.02010e-002
-3.245600000000e-004,-4.02010e-002
-3.245200000000e-004,-4.02010e-002
-3.244800000000e-004,-4.02010e-002
-3.244400000000e-004,-4.02010e-002
-3.244000000000e-004,-4.02010e-002
-3.243600000000e-004, 0.00000e+000
-3.243200000000e-004,-4.02010e-002
-3.242800000000e-004,-4.02010e-002
-3.242400000000e-004,-4.02010e-002
-3.242000000000e-004,-4.02010e-002
-3.241600000000e-004,-4.02010e-002
-3.241200000000e-004,-4.02010e-002
-3.240800000000e-004,-4.02010e-002
-3.240400000000e-004,-4.02010e-002
-3.240000000000e-004,-4.02010e-002
-3.239600000000e-004,-4.02010e-002
-3.239200000000e-004,-4.02010e-002
-3.238800000000e-004,-4.02010e-002
-3.238400000000e-004,-4.02010e-002
-3.238000000000e-004,-4.02010e-002
-3.237600000000e-004,-4.02010e-002
-3.237200000000e-004,-4.02010e-002
-3.236800000000e-004,-4.02010e-002
-3.236400000000e-004,-4.02010e-002
-3.236000000000e-004,-4.02010e-002
-3.235600000000e-004,-4.02010e-002
-3.235200000000e-004,-4.02010e-002
-3.234800000000e-004,-4.02010e-002
-3.234400000000e-004,-4.02010e-002
-3.234000000000e-004,-4.02010e-002
-3.233600000000e-004,-4.02010e-002
-3.233200000000e-004,-4.02010e-002
-3.232800000000e-004,-4.02010e-002
-3.232400000000e-004,-8.04020e-002
-3.232000000000e-004,-4.02010e-002
-3.231600000000e-004,-4.02010e-002
-3.231200000000e-004,-4.02010e-002
-3.230800000000e-004,-4.02010e-002
-3.230400000000e-004,-4.02010e-002
-3.230000000000e-004,-4.02010e-002
-3.229600000000e-004,-4.02010e-002
-3.229200000000e-004,-4.02010e-002
-3.228800000000e-004,-4.02010e-002
-3.228400000000e-004,-4.02010e-002
-3.228000000000e-004,-4.02010e-002
-3.227600000000e-004,-4.02010e-002
-3.227200000000e-004,-4.02010e-002
-3.226800000000e-004,-4.02010e-002
-3.226400000000e-004,-4.02010e-002
-3.226000000000e-004,-4.02010e-002
-3.225600000000e-004,-4.02010e-002
-3.225200000000e-004,-4.02010e-002
-3.224800000000e-004,-4.02010e-002
-3.224400000000e-004,-4.02010e-002
-3.224000000000e-004,-4.02010e-002
-3.223600000000e-004,-4.02010e-002
-3.223200000000e-004,-4.02010e-002
-3.222800000000e-004,-4.02010e-002
-3.222400000000e-004,-4.02010e-002
-3.222000000000e-004,-4.02010e-002
-3.221600000000e-004,-4.02010e-002
-3.221200000000e-004,-4.02010e-002
-3.220800000000e-004,-4.02010e-002
-3.220400000000e-004,-4.02010e-002
-3.220000000000e-004,-4.02010e-002
-3.219600000000e-004,-4.02010e-002
-3.219200000000e-004,-4.02010e-002
-3.218800000000e-004,-4.02010e-002
-3.218400000000e-004,-4.02010e-002
-3.218000000000e-004,-4.02010e-002
-3.217600000000e-004,-4.02010e-002
-3.217200000000e-004,-4.02010e-002
-3.216800000000e-004,-8.04020e-002
-3.216400000000e-004,-4.02010e-002
-3.216000000000e-004,-4.02010e-002
-3.215600000000e-004,-4.02010e-002
-3.215200000000e-004,-4.02010e-002
-3.214800000000e-004,-4.02010e-002
-3.214400000000e-004,-4.02010e-002
-3.214000000000e-004,-4.02010e-002
-3.213600000000e-004,-4.02010e-002
-3.213200000000e-004,-4.02010e-002
-3.212800000000e-004,-4.02010e-002
-3.212400000000e-004,-4.02010e-002
-3.212000000000e-004,-4.02010e-002
-3.211600000000e-004,-4.02010e-002
-3.211200000000e-004,-4.02010e-002
-3.210800000000e-004,-4.02010e-002
-3.210400000000e-004,-4.02010e-002
-3.210000000000e-004,-4.02010e-002
-3.209600000000e-004,-4.02010e-002
-3.209200000000e-004,-4.02010e-002
-3.208800000000e-004,-8.04020e-002
-3.208400000000e-004,-4.02010e-002
-3.208000000000e-004,-4.02010e-002
-3.207600000000e-004,-4.02010e-002
-3.207200000000e-004,-4.02010e-002
-3.206800000000e-004,-4.02010e-002
-3.206400000000e-004,-4.02010e-002
-3.206000000000e-004,-4.02010e-002
-3.205600000000e-004,-8.04020e-002
-3.205200000000e-004,-4.02010e-002
-3.204800000000e-004,-4.02010e-002
-3.204400000000e-004,-4.02010e-002
-3.204000000000e-004,-4.02010e-002
-3.203600000000e-004,-4.02010e-002
-3.203200000000e-004,-4.02010e-002
-3.202800000000e-004,-4.02010e-002
-3.202400000000e-004,-4.02010e-002
-3.202000000000e-004,-4.02010e-002
-3.201600000000e-004,-4.02010e-002
-3.201200000000e-004,-4.02010e-002
-3.200800000000e-004,-4.02010e-002
-3.200400000000e-004,-4.02010e-002
-3.200000000000e-004,-4.02010e-002
-3.199600000000e-004,-4.02010e-002
-3.199200000000e-004,-4.02010e-002
-3.198800000000e-004,-4.02010e-002
-3.198400000000e-004,-4.02010e-002
-3.198000000000e-004,-4.02010e-002
-3.197600000000e-004,-4.02010e-002
-3.197200000000e-004,-4.02010e-002
-3.196800000000e-004,-4.02010e-002
-3.196400000000e-004,-4.02010e-002
-3.196000000000e-004,-4.02010e-002
-3.195600000000e-004, 0.00000e+000
-3.195200000000e-004,-4.02010e-002
-3.194800000000e-004,-4.02010e-002
-3.194400000000e-004,-4.02010e-002
-3.194000000000e-004,-4.02010e-002
-3.193600000000e-004,-4.02010e-002
-3.193200000000e-004,-4.02010e-002
-3.192800000000e-004,-4.02010e-002
-3.192400000000e-004,-4.02010e-002
-3.192000000000e-004,-4.02010e-002
-3.191600000000e-004,-4.02010e-002
-3.191200000000e-004,-8.04020e-002
-3.190800000000e-004,-4.02010e-002
-3.190400000000e-004,-4.02010e-002
-3.190000000000e-004,-4.02010e-002
-3.189600000000e-004,-4.02010e-002
-3.189200000000e-004,-4.02010e-002
-3.188800000000e-004,-8.04020e-002
-3.188400000000e-004,-4.02010e-002
-3.188000000000e-004,-4.02010e-002
-3.187600000000e-004,-4.02010e-002
-3.187200000000e-004,-4.02010e-002
-3.186800000000e-004,-4.02010e-002
-3.186400000000e-004,-4.02010e-002
-3.186000000000e-004, 0.00000e+000
-3.185600000000e-004,-4.02010e-002
-3.185200000000e-004,-4.02010e-002
-3.184800000000e-004,-4.02010e-002
-3.184400000000e-004,-4.02010e-002
-3.184000000000e-004,-4.02010e-002
-3.183600000000e-004,-4.02010e-002
-3.183200000000e-004,-4.02010e-002
-3.182800000000e-004,-4.02010e-002
-3.182400000000e-004,-4.02010e-002
-3.182000000000e-004,-4.02010e-002
-3.181600000000e-004,-4.02010e-002
-3.181200000000e-004,-4.02010e-002
-3.180800000000e-004,-4.02010e-002
-3.180400000000e-004,-4.02010e-002
-3.180000000000e-004,-4.02010e-002
-3.179600000000e-004,-4.02010e-002
-3.179200000000e-004,-4.02010e-002
-3.178800000000e-004,-4.02010e-002
-3.178400000000e-004,-4.02010e-002
-3.178000000000e-004,-4.02010e-002
-3.177600000000e-004,-4.02010e-002
-3.177200000000e-004,-4.02010e-002
-3.176800000000e-004,-4.02010e-002
-3.176400000000e-004,-4.02010e-002
-3.176000000000e-004,-4.02010e-002
-3.175600000000e-004,-4.02010e-002
-3.175200000000e-004,-4.02010e-002
-3.174800000000e-004,-4.02010e-002
-3.174400000000e-004,-4.02010e-002
-3.174000000000e-004,-4.02010e-002
-3.173600000000e-004,-4.02010e-002
-3.173200000000e-004,-4.02010e-002
-3.172800000000e-004,-4.02010e-002
-3.172400000000e-004,-4.02010e-002
-3.172000000000e-004, 0.00000e+000
-3.171600000000e-004,-4.02010e-002
-3.171200000000e-004,-4.02010e-002
-3.170800000000e-004, 0.00000e+000
-3.170400000000e-004,-4.02010e-002
-3.170000000000e-004,-4.02010e-002
-3.169600000000e-004,-4.02010e-002
-3.169200000000e-004,-4.02010e-002
-3.168800000000e-004,-4.02010e-002
-3.168400000000e-004,-4.02010e-002
-3.168000000000e-004,-8.04020e-002
-3.167600000000e-004,-4.02010e-002
-3.167200000000e-004,-4.02010e-002
-3.166800000000e-004,-4.02010e-002
-3.166400000000e-004,-4.02010e-002
-3.166000000000e-004,-4.02010e-002
-3.165600000000e-004,-4.02010e-002
-3.165200000000e-004,-4.02010e-002
-3.164800000000e-004,-4.02010e-002
-3.164400000000e-004,-4.02010e-002
-3.164000000000e-004,-4.02010e-002
-3.163600000000e-004,-4.02010e-002
-3.163200000000e-004,-4.02010e-002
-3.162800000000e-004,-4.02010e-002
-3.162400000000e-004,-4.02010e-002
-3.162000000000e-004,-4.02010e-002
-3.161600000000e-004,-4.02010e-002
-3.161200000000e-004,-4.02010e-002
-3.160800000000e-004,-4.02010e-002
-3.160400000000e-004,-4.02010e-002
-3.160000000000e-004,-4.02010e-002
-3.159600000000e-004,-4.02010e-002
-3.159200000000e-004,-4.02010e-002
-3.158800000000e-004,-4.02010e-002
-3.158400000000e-004,-4.02010e-002
-3.158000000000e-004,-4.02010e-002
-3.157600000000e-004,-4.02010e-002
-3.157200000000e-004,-4.02010e-002
-3.156800000000e-004,-4.02010e-002
-3.156400000000e-004,-4.02010e-002
-3.156000000000e-004,-4.02010e-002
-3.155600000000e-004,-4.02010e-002
-3.155200000000e-004,-4.02010e-002
-3.154800000000e-004,-4.02010e-002
-3.154400000000e-004,-4.02010e-002
-3.154000000000e-004,-4.02010e-002
-3.153600000000e-004,-4.02010e-002
-3.153200000000e-004,-4.02010e-002
-3.152800000000e-004, 0.00000e+000
-3.152400000000e-004,-4.02010e-002
-3.152000000000e-004,-4.02010e-002
-3.151600000000e-004,-4.02010e-002
-3.151200000000e-004,-4.02010e-002
-3.150800000000e-004,-4.02010e-002
-3.150400000000e-004,-4.02010e-002
-3.150000000000e-004,-4.02010e-002
-3.149600000000e-004,-4.02010e-002
-3.149200000000e-004,-4.02010e-002
-3.148800000000e-004,-4.02010e-002
-3.148400000000e-004,-4.02010e-002
-3.148000000000e-004,-4.02010e-002
-3.147600000000e-004,-4.02010e-002
-3.147200000000e-004,-4.02010e-002
-3.146800000000e-004,-4.02010e-002
-3.146400000000e-004,-4.02010e-002
-3.146000000000e-004,-4.02010e-002
-3.145600000000e-004,-4.02010e-002
-3.145200000000e-004,-4.02010e-002
-3.144800000000e-004,-4.02010e-002
-3.144400000000e-004,-4.02010e-002
-3.144000000000e-004,-4.02010e-002
-3.143600000000e-004,-4.02010e-002
-3.143200000000e-004,-4.02010e-002
-3.142800000000e-004,-4.02010e-002
-3.142400000000e-004,-4.02010e-002
-3.142000000000e-004,-4.02010e-002
-3.141600000000e-004,-4.02010e-002
-3.141200000000e-004,-4.02010e-002
-3.140800000000e-004,-4.02010e-002
-3.140400000000e-004,-4.02010e-002
-3.140000000000e-004,-4.02010e-002
-3.139600000000e-004,-4.02010e-002
-3.139200000000e-004,-4.02010e-002
-3.138800000000e-004,-4.02010e-002
-3.138400000000e-004,-4.02010e-002
-3.138000000000e-004,-4.02010e-002
-3.137600000000e-004,-4.02010e-002
-3.137200000000e-004,-4.02010e-002
-3.136800000000e-004,-4.02010e-002
-3.136400000000e-004,-4.02010e-002
-3.136000000000e-004,-4.02010e-002
-3.135600000000e-004,-4.02010e-002
-3.135200000000e-004,-4.02010e-002
-3.134800000000e-004,-8.04020e-002
-3.134400000000e-004,-4.02010e-002
-3.134000000000e-004,-4.02010e-002
-3.133600000000e-004,-4.02010e-002
-3.133200000000e-004,-4.02010e-002
-3.132800000000e-004,-4.02010e-002
-3.132400000000e-004,-4.02010e-002
-3.132000000000e-004,-4.02010e-002
-3.131600000000e-004,-4.02010e-002
-3.131200000000e-004,-4.02010e-002
-3.130800000000e-004,-4.02010e-002
-3.130400000000e-004,-4.02010e-002
-3.130000000000e-004,-4.02010e-002
-3.129600000000e-004,-4.02010e-002
-3.129200000000e-004,-4.02010e-002
-3.128800000000e-004,-4.02010e-002
-3.128400000000e-004,-4.02010e-002
-3.128000000000e-004,-4.02010e-002
-3.127600000000e-004,-4.02010e-002
-3.127200000000e-004,-4.02010e-002
-3.126800000000e-004,-4.02010e-002
-3.126400000000e-004,-4.02010e-002
-3.126000000000e-004,-4.02010e-002
-3.125600000000e-004,-4.02010e-002
-3.125200000000e-004,-4.02010e-002
-3.124800000000e-004,-4.02010e-002
-3.124400000000e-004,-4.02010e-002
-3.124000000000e-004,-4.02010e-002
-3.123600000000e-004,-4.02010e-002
-3.123200000000e-004,-4.02010e-002
-3.122800000000e-004,-4.02010e-002
-3.122400000000e-004,-4.02010e-002
-3.122000000000e-004,-4.02010e-002
-3.121600000000e-004,-4.02010e-002
-3.121200000000e-004,-4.02010e-002
-3.120800000000e-004,-4.02010e-002
-3.120400000000e-004,-4.02010e-002
-3.120000000000e-004,-4.02010e-002
-3.119600000000e-004,-4.02010e-002
-3.119200000000e-004,-4.02010e-002
-3.118800000000e-004,-4.02010e-002
-3.118400000000e-004,-4.02010e-002
-3.118000000000e-004,-4.02010e-002
-3.117600000000e-004,-4.02010e-002
-3.117200000000e-004,-4.02010e-002
-3.116800000000e-004,-4.02010e-002
-3.116400000000e-004,-4.02010e-002
-3.116000000000e-004,-4.02010e-002
-3.115600000000e-004,-4.02010e-002
-3.115200000000e-004,-4.02010e-002
-3.114800000000e-004,-4.02010e-002
-3.114400000000e-004,-4.02010e-002
-3.114000000000e-004,-4.02010e-002
-3.113600000000e-004,-4.02010e-002
-3.113200000000e-004,-4.02010e-002
-3.112800000000e-004,-4.02010e-002
-3.112400000000e-004,-4.02010e-002
-3.112000000000e-004,-4.02010e-002
-3.111600000000e-004,-4.02010e-002
-3.111200000000e-004,-4.02010e-002
-3.110800000000e-004,-4.02010e-002
-3.110400000000e-004,-4.02010e-002
-3.110000000000e-004,-4.02010e-002
-3.109600000000e-004,-4.02010e-002
-3.109200000000e-004,-4.02010e-002
-3.108800000000e-004,-4.02010e-002
-3.108400000000e-004,-4.02010e-002
-3.108000000000e-004,-4.02010e-002
-3.107600000000e-004,-4.02010e-002
-3.107200000000e-004,-4.02010e-002
-3.106800000000e-004,-4.02010e-002
-3.106400000000e-004,-4.02010e-002
-3.106000000000e-004,-4.02010e-002
-3.105600000000e-004,-4.02010e-002
-3.105200000000e-004,-4.02010e-002
-3.104800000000e-004,-4.02010e-002
-3.104400000000e-004, 0.00000e+000
-3.104000000000e-004,-4.02010e-002
-3.103600000000e-004,-4.02010e-002
-3.103200000000e-004,-4.02010e-002
-3.102800000000e-004,-4.02010e-002
-3.102400000000e-004,-4.02010e-002
-3.102000000000e-004,-4.02010e-002
-3.101600000000e-004,-4.02010e-002
-3.101200000000e-004,-4.02010e-002
-3.100800000000e-004,-4.02010e-002
-3.100400000000e-004,-4.02010e-002
-3.100000000000e-004,-4.02010e-002
-3.099600000000e-004,-4.02010e-002
-3.099200000000e-004,-4.02010e-002
-3.098800000000e-004,-4.02010e-002
-3.098400000000e-004,-4.02010e-002
-3.098000000000e-004,-4.02010e-002
-3.097600000000e-004,-4.02010e-002
-3.097200000000e-004,-4.02010e-002
-3.096800000000e-004,-4.02010e-002
-3.096400000000e-004,-4.02010e-002
-3.096000000000e-004,-4.02010e-002
-3.095600000000e-004, 0.00000e+000
-3.095200000000e-004,-4.02010e-002
-3.094800000000e-004,-4.02010e-002
-3.094400000000e-004,-4.02010e-002
-3.094000000000e-004,-4.02010e-002
-3.093600000000e-004,-4.02010e-002
-3.093200000000e-004,-4.02010e-002
-3.092800000000e-004,-4.02010e-002
-3.092400000000e-004,-4.02010e-002
-3.092000000000e-004,-4.02010e-002
-3.091600000000e-004,-4.02010e-002
-3.091200000000e-004,-4.02010e-002
-3.090800000000e-004,-4.02010e-002
-3.090400000000e-004,-4.02010e-002
-3.090000000000e-004,-4.02010e-002
-3.089600000000e-004,-4.02010e-002
-3.089200000000e-004,-4.02010e-002
-3.088800000000e-004,-4.02010e-002
-3.088400000000e-004,-4.02010e-002
-3.088000000000e-004,-4.02010e-002
-3.087600000000e-004, 0.00000e+000
-3.087200000000e-004,-4.02010e-002
-3.086800000000e-004,-4.02010e-002
-3.086400000000e-004,-4.02010e-002
-3.086000000000e-004,-4.02010e-002
-3.085600000000e-004,-4.02010e-002
-3.085200000000e-004,-4.02010e-002
-3.084800000000e-004,-4.02010e-002
-3.084400000000e-004,-4.02010e-002
-3.084000000000e-004,-4.02010e-002
-3.083600000000e-004,-4.02010e-002
-3.083200000000e-004,-4.02010e-002
-3.082800000000e-004,-4.02010e-002
-3.082400000000e-004,-4.02010e-002
-3.082000000000e-004,-4.02010e-002
-3.081600000000e-004,-4.02010e-002
-3.081200000000e-004,-4.02010e-002
-3.080800000000e-004, 0.00000e+000
-3.080400000000e-004,-4.02010e-002
-3.080000000000e-004,-4.02010e-002
-3.079600000000e-004, 0.00000e+000
-3.079200000000e-004,-4.02010e-002
-3.078800000000e-004,-4.02010e-002
-3.078400000000e-004,-4.02010e-002
-3.078000000000e-004,-4.02010e-002
-3.077600000000e-004,-4.02010e-002
-3.077200000000e-004,-4.02010e-002
-3.076800000000e-004,-4.02010e-002
-3.076400000000e-004,-4.02010e-002
-3.076000000000e-004,-4.02010e-002
-3.075600000000e-004,-4.02010e-002
-3.075200000000e-004,-4.02010e-002
-3.074800000000e-004,-4.02010e-002
-3.074400000000e-004,-4.02010e-002
-3.074000000000e-004,-4.02010e-002
-3.073600000000e-004,-4.02010e-002
-3.073200000000e-004,-4.02010e-002
-3.072800000000e-004,-4.02010e-002
-3.072400000000e-004,-4.02010e-002
-3.072000000000e-004,-4.02010e-002
-3.071600000000e-004,-4.02010e-002
-3.071200000000e-004,-4.02010e-002
-3.070800000000e-004,-4.02010e-002
-3.070400000000e-004,-4.02010e-002
-3.070000000000e-004,-4.02010e-002
-3.069600000000e-004,-4.02010e-002
-3.069200000000e-004,-4.02010e-002
-3.068800000000e-004,-4.02010e-002
-3.068400000000e-004,-4.02010e-002
-3.068000000000e-004,-4.02010e-002
-3.067600000000e-004,-4.02010e-002
-3.067200000000e-004,-4.02010e-002
-3.066800000000e-004,-4.02010e-002
-3.066400000000e-004,-4.02010e-002
-3.066000000000e-004,-4.02010e-002
-3.065600000000e-004,-4.02010e-002
-3.065200000000e-004,-4.02010e-002
-3.064800000000e-004,-4.02010e-002
-3.064400000000e-004,-4.02010e-002
-3.064000000000e-004,-4.02010e-002
-3.063600000000e-004,-4.02010e-002
-3.063200000000e-004,-4.02010e-002
-3.062800000000e-004,-4.02010e-002
-3.062400000000e-004,-4.02010e-002
-3.062000000000e-004,-4.02010e-002
-3.061600000000e-004,-4.02010e-002
-3.061200000000e-004,-4.02010e-002
-3.060800000000e-004,-4.02010e-002
-3.060400000000e-004,-4.02010e-002
-3.060000000000e-004, 0.00000e+000
-3.059600000000e-004,-4.02010e-002
-3.059200000000e-004,-4.02010e-002
-3.058800000000e-004,-4.02010e-002
-3.058400000000e-004,-4.02010e-002
-3.058000000000e-004,-4.02010e-002
-3.057600000000e-004,-4.02010e-002
-3.057200000000e-004,-4.02010e-002
-3.056800000000e-004,-4.02010e-002
-3.056400000000e-004,-4.02010e-002
-3.056000000000e-004,-4.02010e-002
-3.055600000000e-004,-4.02010e-002
-3.055200000000e-004,-4.02010e-002
-3.054800000000e-004,-8.04020e-002
-3.054400000000e-004,-4.02010e-002
-3.054000000000e-004,-4.02010e-002
-3.053600000000e-004,-4.02010e-002
-3.053200000000e-004,-4.02010e-002
-3.052800000000e-004,-4.02010e-002
-3.052400000000e-004,-4.02010e-002
-3.052000000000e-004,-4.02010e-002
-3.051600000000e-004,-4.02010e-002
-3.051200000000e-004,-4.02010e-002
-3.050800000000e-004,-4.02010e-002
-3.050400000000e-004,-4.02010e-002
-3.050000000000e-004,-4.02010e-002
-3.049600000000e-004,-4.02010e-002
-3.049200000000e-004,-4.02010e-002
-3.048800000000e-004,-8.04020e-002
-3.048400000000e-004,-4.02010e-002
-3.048000000000e-004,-4.02010e-002
-3.047600000000e-004,-4.02010e-002
-3.047200000000e-004,-4.02010e-002
-3.046800000000e-004,-4.02010e-002
-3.046400000000e-004,-4.02010e-002
-3.046000000000e-004,-4.02010e-002
-3.045600000000e-004,-4.02010e-002
-3.045200000000e-004,-4.02010e-002
-3.044800000000e-004,-4.02010e-002
-3.044400000000e-004,-4.02010e-002
-3.044000000000e-004,-4.02010e-002
-3.043600000000e-004,-4.02010e-002
-3.043200000000e-004,-4.02010e-002
-3.042800000000e-004,-4.02010e-002
-3.042400000000e-004,-4.02010e-002
-3.042000000000e-004,-4.02010e-002
-3.041600000000e-004,-4.02010e-002
-3.041200000000e-004,-4.02010e-002
-3.040800000000e-004,-4.02010e-002
-3.040400000000e-004,-4.02010e-002
-3.040000000000e-004,-4.02010e-002
-3.039600000000e-004,-4.02010e-002
-3.039200000000e-004,-4.02010e-002
-3.038800000000e-004,-4.02010e-002
-3.038400000000e-004,-4.02010e-002
-3.038000000000e-004,-4.02010e-002
-3.037600000000e-004,-4.02010e-002
-3.037200000000e-004,-8.04020e-002
-3.036800000000e-004,-4.02010e-002
-3.036400000000e-004,-4.02010e-002
-3.036000000000e-004,-4.02010e-002
-3.035600000000e-004,-4.02010e-002
-3.035200000000e-004,-4.02010e-002
-3.034800000000e-004,-4.02010e-002
-3.034400000000e-004,-4.02010e-002
-3.034000000000e-004,-4.02010e-002
-3.033600000000e-004,-4.02010e-002
-3.033200000000e-004,-4.02010e-002
-3.032800000000e-004,-4.02010e-002
-3.032400000000e-004,-4.02010e-002
-3.032000000000e-004,-4.02010e-002
-3.031600000000e-004,-4.02010e-002
-3.031200000000e-004,-4.02010e-002
-3.030800000000e-004,-4.02010e-002
-3.030400000000e-004,-4.02010e-002
-3.030000000000e-004,-4.02010e-002
-3.029600000000e-004,-4.02010e-002
-3.029200000000e-004,-4.02010e-002
-3.028800000000e-004,-4.02010e-002
-3.028400000000e-004,-4.02010e-002
-3.028000000000e-004,-4.02010e-002
-3.027600000000e-004,-8.04020e-002
-3.027200000000e-004,-4.02010e-002
-3.026800000000e-004,-4.02010e-002
-3.026400000000e-004,-4.02010e-002
-3.026000000000e-004,-4.02010e-002
-3.025600000000e-004,-4.02010e-002
-3.025200000000e-004,-4.02010e-002
-3.024800000000e-004,-4.02010e-002
-3.024400000000e-004,-4.02010e-002
-3.024000000000e-004,-4.02010e-002
-3.023600000000e-004,-4.02010e-002
-3.023200000000e-004,-4.02010e-002
-3.022800000000e-004,-4.02010e-002
-3.022400000000e-004,-4.02010e-002
-3.022000000000e-004,-4.02010e-002
-3.021600000000e-004,-4.02010e-002
-3.021200000000e-004,-4.02010e-002
-3.020800000000e-004,-4.02010e-002
-3.020400000000e-004,-4.02010e-002
-3.020000000000e-004,-4.02010e-002
-3.019600000000e-004,-4.02010e-002
-3.019200000000e-004,-4.02010e-002
-3.018800000000e-004,-4.02010e-002
-3.018400000000e-004,-4.02010e-002
-3.018000000000e-004,-4.02010e-002
-3.017600000000e-004,-4.02010e-002
-3.017200000000e-004,-4.02010e-002
-3.016800000000e-004,-4.02010e-002
-3.016400000000e-004,-4.02010e-002
-3.016000000000e-004,-4.02010e-002
-3.015600000000e-004,-4.02010e-002
-3.015200000000e-004,-4.02010e-002
-3.014800000000e-004,-4.02010e-002
-3.014400000000e-004,-4.02010e-002
-3.014000000000e-004,-4.02010e-002
-3.013600000000e-004,-4.02010e-002
-3.013200000000e-004,-8.04020e-002
-3.012800000000e-004,-4.02010e-002
-3.012400000000e-004,-4.02010e-002
-3.012000000000e-004,-4.02010e-002
-3.011600000000e-004,-4.02010e-002
-3.011200000000e-004,-4.02010e-002
-3.010800000000e-004,-4.02010e-002
-3.010400000000e-004,-4.02010e-002
-3.010000000000e-004,-4.02010e-002
-3.009600000000e-004,-4.02010e-002
-3.009200000000e-004,-4.02010e-002
-3.008800000000e-004,-4.02010e-002
-3.008400000000e-004,-4.02010e-002
-3.008000000000e-004,-4.02010e-002
-3.007600000000e-004,-4.02010e-002
-3.007200000000e-004,-4.02010e-002
-3.006800000000e-004,-4.02010e-002
-3.006400000000e-004,-4.02010e-002
-3.006000000000e-004,-4.02010e-002
-3.005600000000e-004,-4.02010e-002
-3.005200000000e-004,-4.02010e-002
-3.004800000000e-004,-4.02010e-002
-3.004400000000e-004,-4.02010e-002
-3.004000000000e-004,-4.02010e-002
-3.003600000000e-004,-4.02010e-002
-3.003200000000e-004,-4.02010e-002
-3.002800000000e-004,-4.02010e-002
-3.002400000000e-004,-4.02010e-002
-3.002000000000e-004,-4.02010e-002
-3.001600000000e-004,-4.02010e-002
-3.001200000000e-004,-4.02010e-002
-3.000800000000e-004,-4.02010e-002
-3.000400000000e-004,-4.02010e-002
-3.000000000000e-004,-4.02010e-002
-2.999600000000e-004,-4.02010e-002
-2.999200000000e-004,-4.02010e-002
-2.998800000000e-004,-4.02010e-002
-2.998400000000e-004,-4.02010e-002
-2.998000000000e-004,-4.02010e-002
-2.997600000000e-004,-4.02010e-002
-2.997200000000e-004,-4.02010e-002
-2.996800000000e-004,-4.02010e-002
-2.996400000000e-004,-4.02010e-002
-2.996000000000e-004,-4.02010e-002
-2.995600000000e-004,-4.02010e-002
-2.995200000000e-004,-4.02010e-002
-2.994800000000e-004,-4.02010e-002
-2.994400000000e-004,-4.02010e-002
-2.994000000000e-004,-4.02010e-002
-2.993600000000e-004,-4.02010e-002
-2.993200000000e-004,-4.02010e-002
-2.992800000000e-004, 0.00000e+000
-2.992400000000e-004,-4.02010e-002
-2.992000000000e-004,-4.02010e-002
-2.991600000000e-004,-4.02010e-002
-2.991200000000e-004,-4.02010e-002
-2.990800000000e-004,-4.02010e-002
-2.990400000000e-004,-4.02010e-002
-2.990000000000e-004,-4.02010e-002
-2.989600000000e-004,-4.02010e-002
-2.989200000000e-004,-4.02010e-002
-2.988800000000e-004,-4.02010e-002
-2.988400000000e-004,-4.02010e-002
-2.988000000000e-004,-4.02010e-002
-2.987600000000e-004,-4.02010e-002
-2.987200000000e-004,-4.02010e-002
-2.986800000000e-004,-4.02010e-002
-2.986400000000e-004,-8.04020e-002
-2.986000000000e-004,-4.02010e-002
-2.985600000000e-004,-4.02010e-002
-2.985200000000e-004,-4.02010e-002
-2.984800000000e-004,-4.02010e-002
-2.984400000000e-004,-4.02010e-002
-2.984000000000e-004,-4.02010e-002
-2.983600000000e-004,-4.02010e-002
-2.983200000000e-004,-4.02010e-002
-2.982800000000e-004,-4.02010e-002
-2.982400000000e-004,-4.02010e-002
-2.982000000000e-004,-4.02010e-002
-2.981600000000e-004,-4.02010e-002
-2.981200000000e-004,-4.02010e-002
-2.980800000000e-004,-4.02010e-002
-2.980400000000e-004,-4.02010e-002
-2.980000000000e-004,-8.04020e-002
-2.979600000000e-004,-4.02010e-002
-2.979200000000e-004,-4.02010e-002
-2.978800000000e-004,-4.02010e-002
-2.978400000000e-004,-4.02010e-002
-2.978000000000e-004, 0.00000e+000
-2.977600000000e-004,-4.02010e-002
-2.977200000000e-004,-4.02010e-002
-2.976800000000e-004,-8.04020e-002
-2.976400000000e-004,-4.02010e-002
-2.976000000000e-004,-4.02010e-002
-2.975600000000e-004,-4.02010e-002
-2.975200000000e-004,-4.02010e-002
-2.974800000000e-004,-4.02010e-002
-2.974400000000e-004,-4.02010e-002
-2.974000000000e-004,-4.02010e-002
-2.973600000000e-004,-4.02010e-002
-2.973200000000e-004,-4.02010e-002
-2.972800000000e-004,-4.02010e-002
-2.972400000000e-004,-4.02010e-002
-2.972000000000e-004, 0.00000e+000
-2.971600000000e-004,-4.02010e-002
-2.971200000000e-004,-4.02010e-002
-2.970800000000e-004,-4.02010e-002
-2.970400000000e-004,-4.02010e-002
-2.970000000000e-004,-4.02010e-002
-2.969600000000e-004,-4.02010e-002
-2.969200000000e-004, 0.00000e+000
-2.968800000000e-004,-4.02010e-002
-2.968400000000e-004,-4.02010e-002
-2.968000000000e-004,-4.02010e-002
-2.967600000000e-004,-4.02010e-002
-2.967200000000e-004,-4.02010e-002
-2.966800000000e-004,-4.02010e-002
-2.966400000000e-004,-4.02010e-002
-2.966000000000e-004,-4.02010e-002
-2.965600000000e-004,-4.02010e-002
-2.965200000000e-004,-4.02010e-002
-2.964800000000e-004,-4.02010e-002
-2.964400000000e-004,-4.02010e-002
-2.964000000000e-004,-4.02010e-002
-2.963600000000e-004,-4.02010e-002
-2.963200000000e-004,-4.02010e-002
-2.962800000000e-004,-4.02010e-002
-2.962400000000e-004,-4.02010e-002
-2.962000000000e-004,-4.02010e-002
-2.961600000000e-004,-4.02010e-002
-2.961200000000e-004,-4.02010e-002
-2.960800000000e-004,-4.02010e-002
-2.960400000000e-004,-4.02010e-002
-2.960000000000e-004,-4.02010e-002
-2.959600000000e-004,-4.02010e-002
-2.959200000000e-004, 0.00000e+000
-2.958800000000e-004,-4.02010e-002
-2.958400000000e-004,-4.02010e-002
-2.958000000000e-004,-4.02010e-002
-2.957600000000e-004,-4.02010e-002
-2.957200000000e-004,-4.02010e-002
-2.956800000000e-004,-4.02010e-002
-2.956400000000e-004,-4.02010e-002
-2.956000000000e-004,-4.02010e-002
-2.955600000000e-004,-4.02010e-002
-2.955200000000e-004,-4.02010e-002
-2.954800000000e-004,-4.02010e-002
-2.954400000000e-004,-4.02010e-002
-2.954000000000e-004,-4.02010e-002
-2.953600000000e-004,-4.02010e-002
-2.953200000000e-004,-4.02010e-002
-2.952800000000e-004,-4.02010e-002
-2.952400000000e-004,-4.02010e-002
-2.952000000000e-004,-4.02010e-002
-2.951600000000e-004,-4.02010e-002
-2.951200000000e-004,-4.02010e-002
-2.950800000000e-004,-4.02010e-002
-2.950400000000e-004,-4.02010e-002
-2.950000000000e-004,-4.02010e-002
-2.949600000000e-004,-4.02010e-002
-2.949200000000e-004,-4.02010e-002
-2.948800000000e-004,-4.02010e-002
-2.948400000000e-004,-4.02010e-002
-2.948000000000e-004,-4.02010e-002
-2.947600000000e-004,-4.02010e-002
-2.947200000000e-004,-4.02010e-002
-2.946800000000e-004,-4.02010e-002
-2.946400000000e-004,-4.02010e-002
-2.946000000000e-004,-4.02010e-002
-2.945600000000e-004,-4.02010e-002
-2.945200000000e-004,-4.02010e-002
-2.944800000000e-004,-4.02010e-002
-2.944400000000e-004,-4.02010e-002
-2.944000000000e-004,-4.02010e-002
-2.943600000000e-004,-8.04020e-002
-2.943200000000e-004,-4.02010e-002
-2.942800000000e-004,-8.04020e-002
-2.942400000000e-004,-4.02010e-002
-2.942000000000e-004,-4.02010e-002
-2.941600000000e-004,-4.02010e-002
-2.941200000000e-004,-8.04020e-002
-2.940800000000e-004,-4.02010e-002
-2.940400000000e-004,-4.02010e-002
-2.940000000000e-004,-4.02010e-002
-2.939600000000e-004,-4.02010e-002
-2.939200000000e-004,-4.02010e-002
-2.938800000000e-004,-4.02010e-002
-2.938400000000e-004,-4.02010e-002
-2.938000000000e-004,-4.02010e-002
-2.937600000000e-004,-4.02010e-002
-2.937200000000e-004,-4.02010e-002
-2.936800000000e-004,-4.02010e-002
-2.936400000000e-004,-4.02010e-002
-2.936000000000e-004,-4.02010e-002
-2.935600000000e-004,-4.02010e-002
-2.935200000000e-004,-4.02010e-002
-2.934800000000e-004,-4.02010e-002
-2.934400000000e-004,-4.02010e-002
-2.934000000000e-004,-4.02010e-002
-2.933600000000e-004,-4.02010e-002
-2.933200000000e-004,-4.02010e-002
-2.932800000000e-004,-4.02010e-002
-2.932400000000e-004,-4.02010e-002
-2.932000000000e-004,-4.02010e-002
-2.931600000000e-004,-4.02010e-002
-2.931200000000e-004,-4.02010e-002
-2.930800000000e-004,-4.02010e-002
-2.930400000000e-004,-4.02010e-002
-2.930000000000e-004,-4.02010e-002
-2.929600000000e-004,-4.02010e-002
-2.929200000000e-004,-4.02010e-002
-2.928800000000e-004,-4.02010e-002
-2.928400000000e-004,-4.02010e-002
-2.928000000000e-004,-4.02010e-002
-2.927600000000e-004,-4.02010e-002
-2.927200000000e-004,-4.02010e-002
-2.926800000000e-004,-4.02010e-002
-2.926400000000e-004,-4.02010e-002
-2.926000000000e-004,-4.02010e-002
-2.925600000000e-004,-4.02010e-002
-2.925200000000e-004,-4.02010e-002
-2.924800000000e-004,-4.02010e-002
-2.924400000000e-004,-4.02010e-002
-2.924000000000e-004,-4.02010e-002
-2.923600000000e-004,-4.02010e-002
-2.923200000000e-004,-4.02010e-002
-2.922800000000e-004,-4.02010e-002
-2.922400000000e-004,-4.02010e-002
-2.922000000000e-004,-4.02010e-002
-2.921600000000e-004,-4.02010e-002
-2.921200000000e-004,-4.02010e-002
-2.920800000000e-004,-4.02010e-002
-2.920400000000e-004,-4.02010e-002
-2.920000000000e-004,-4.02010e-002
-2.919600000000e-004,-4.02010e-002
-2.919200000000e-004,-4.02010e-002
-2.918800000000e-004,-4.02010e-002
-2.918400000000e-004,-4.02010e-002
-2.918000000000e-004,-4.02010e-002
-2.917600000000e-004,-4.02010e-002
-2.917200000000e-004,-4.02010e-002
-2.916800000000e-004,-4.02010e-002
-2.916400000000e-004,-4.02010e-002
-2.916000000000e-004,-4.02010e-002
-2.915600000000e-004,-4.02010e-002
-2.915200000000e-004,-4.02010e-002
-2.914800000000e-004,-4.02010e-002
-2.914400000000e-004,-4.02010e-002
-2.914000000000e-004, 0.00000e+000
-2.913600000000e-004,-4.02010e-002
-2.913200000000e-004,-4.02010e-002
-2.912800000000e-004,-4.02010e-002
-2.912400000000e-004,-4.02010e-002
-2.912000000000e-004,-4.02010e-002
-2.911600000000e-004,-4.02010e-002
-2.911200000000e-004,-4.02010e-002
-2.910800000000e-004,-4.02010e-002
-2.910400000000e-004,-4.02010e-002
-2.910000000000e-004,-4.02010e-002
-2.909600000000e-004,-4.02010e-002
-2.909200000000e-004, 0.00000e+000
-2.908800000000e-004,-4.02010e-002
-2.908400000000e-004,-4.02010e-002
-2.908000000000e-004,-4.02010e-002
-2.907600000000e-004,-4.02010e-002
-2.907200000000e-004,-4.02010e-002
-2.906800000000e-004,-4.02010e-002
-2.906400000000e-004,-4.02010e-002
-2.906000000000e-004,-4.02010e-002
-2.905600000000e-004,-4.02010e-002
-2.905200000000e-004,-4.02010e-002
-2.904800000000e-004,-4.02010e-002
-2.904400000000e-004,-4.02010e-002
-2.904000000000e-004,-4.02010e-002
-2.903600000000e-004,-4.02010e-002
-2.903200000000e-004,-4.02010e-002
-2.902800000000e-004,-4.02010e-002
-2.902400000000e-004,-4.02010e-002
-2.902000000000e-004,-4.02010e-002
-2.901600000000e-004,-4.02010e-002
-2.901200000000e-004,-4.02010e-002
-2.900800000000e-004,-4.02010e-002
-2.900400000000e-004,-4.02010e-002
-2.900000000000e-004,-4.02010e-002
-2.899600000000e-004,-4.02010e-002
-2.899200000000e-004,-4.02010e-002
-2.898800000000e-004,-4.02010e-002
-2.898400000000e-004,-4.02010e-002
-2.898000000000e-004,-4.02010e-002
-2.897600000000e-004,-4.02010e-002
-2.897200000000e-004,-4.02010e-002
-2.896800000000e-004,-4.02010e-002
-2.896400000000e-004,-4.02010e-002
-2.896000000000e-004,-4.02010e-002
-2.895600000000e-004,-4.02010e-002
-2.895200000000e-004,-4.02010e-002
-2.894800000000e-004,-4.02010e-002
-2.894400000000e-004,-4.02010e-002
-2.894000000000e-004,-4.02010e-002
-2.893600000000e-004,-4.02010e-002
-2.893200000000e-004,-4.02010e-002
-2.892800000000e-004,-4.02010e-002
-2.892400000000e-004,-4.02010e-002
-2.892000000000e-004,-4.02010e-002
-2.891600000000e-004,-4.02010e-002
-2.891200000000e-004,-4.02010e-002
-2.890800000000e-004,-4.02010e-002
-2.890400000000e-004,-4.02010e-002
-2.890000000000e-004,-4.02010e-002
-2.889600000000e-004,-4.02010e-002
-2.889200000000e-004,-4.02010e-002
-2.888800000000e-004,-4.02010e-002
-2.888400000000e-004,-4.02010e-002
-2.888000000000e-004,-4.02010e-002
-2.887600000000e-004,-4.02010e-002
-2.887200000000e-004,-4.02010e-002
-2.886800000000e-004,-4.02010e-002
-2.886400000000e-004,-4.02010e-002
-2.886000000000e-004,-4.02010e-002
-2.885600000000e-004,-4.02010e-002
-2.885200000000e-004,-4.02010e-002
-2.884800000000e-004,-4.02010e-002
-2.884400000000e-004,-4.02010e-002
-2.884000000000e-004,-4.02010e-002
-2.883600000000e-004,-4.02010e-002
-2.883200000000e-004,-4.02010e-002
-2.882800000000e-004,-4.02010e-002
-2.882400000000e-004,-8.04020e-002
-2.882000000000e-004,-4.02010e-002
-2.881600000000e-004,-4.02010e-002
-2.881200000000e-004,-4.02010e-002
-2.880800000000e-004,-4.02010e-002
-2.880400000000e-004,-4.02010e-002
-2.880000000000e-004,-4.02010e-002
-2.879600000000e-004,-4.02010e-002
-2.879200000000e-004,-4.02010e-002
-2.878800000000e-004,-4.02010e-002
-2.878400000000e-004, 0.00000e+000
-2.878000000000e-004,-4.02010e-002
-2.877600000000e-004,-4.02010e-002
-2.877200000000e-004,-4.02010e-002
-2.876800000000e-004,-4.02010e-002
-2.876400000000e-004,-4.02010e-002
-2.876000000000e-004,-4.02010e-002
-2.875600000000e-004,-4.02010e-002
-2.875200000000e-004,-4.02010e-002
-2.874800000000e-004,-4.02010e-002
-2.874400000000e-004,-4.02010e-002
-2.874000000000e-004,-4.02010e-002
-2.873600000000e-004,-4.02010e-002
-2.873200000000e-004,-4.02010e-002
-2.872800000000e-004,-4.02010e-002
-2.872400000000e-004,-4.02010e-002
-2.872000000000e-004,-4.02010e-002
-2.871600000000e-004,-4.02010e-002
-2.871200000000e-004,-4.02010e-002
-2.870800000000e-004,-4.02010e-002
-2.870400000000e-004,-4.02010e-002
-2.870000000000e-004,-4.02010e-002
-2.869600000000e-004,-4.02010e-002
-2.869200000000e-004,-4.02010e-002
-2.868800000000e-004,-4.02010e-002
-2.868400000000e-004,-4.02010e-002
-2.868000000000e-004, 0.00000e+000
-2.867600000000e-004,-4.02010e-002
-2.867200000000e-004,-4.02010e-002
-2.866800000000e-004,-4.02010e-002
-2.866400000000e-004,-4.02010e-002
-2.866000000000e-004,-4.02010e-002
-2.865600000000e-004,-4.02010e-002
-2.865200000000e-004,-4.02010e-002
-2.864800000000e-004,-4.02010e-002
-2.864400000000e-004,-4.02010e-002
-2.864000000000e-004,-4.02010e-002
-2.863600000000e-004,-4.02010e-002
-2.863200000000e-004,-4.02010e-002
-2.862800000000e-004,-4.02010e-002
-2.862400000000e-004,-4.02010e-002
-2.862000000000e-004,-4.02010e-002
-2.861600000000e-004,-4.02010e-002
-2.861200000000e-004,-4.02010e-002
-2.860800000000e-004,-4.02010e-002
-2.860400000000e-004,-4.02010e-002
-2.860000000000e-004,-4.02010e-002
-2.859600000000e-004,-4.02010e-002
-2.859200000000e-004,-4.02010e-002
-2.858800000000e-004,-4.02010e-002
-2.858400000000e-004,-4.02010e-002
-2.858000000000e-004,-4.02010e-002
-2.857600000000e-004,-4.02010e-002
-2.857200000000e-004,-4.02010e-002
-2.856800000000e-004,-4.02010e-002
-2.856400000000e-004,-8.04020e-002
-2.856000000000e-004,-4.02010e-002
-2.855600000000e-004,-4.02010e-002
-2.855200000000e-004,-4.02010e-002
-2.854800000000e-004,-4.02010e-002
-2.854400000000e-004,-4.02010e-002
-2.854000000000e-004,-4.02010e-002
-2.853600000000e-004,-4.02010e-002
-2.853200000000e-004,-4.02010e-002
-2.852800000000e-004,-4.02010e-002
-2.852400000000e-004,-4.02010e-002
-2.852000000000e-004,-4.02010e-002
-2.851600000000e-004,-4.02010e-002
-2.851200000000e-004,-4.02010e-002
-2.850800000000e-004,-4.02010e-002
-2.850400000000e-004,-4.02010e-002
-2.850000000000e-004,-4.02010e-002
-2.849600000000e-004,-4.02010e-002
-2.849200000000e-004,-4.02010e-002
-2.848800000000e-004,-4.02010e-002
-2.848400000000e-004,-4.02010e-002
-2.848000000000e-004,-4.02010e-002
-2.847600000000e-004,-4.02010e-002
-2.847200000000e-004,-4.02010e-002
-2.846800000000e-004,-4.02010e-002
-2.846400000000e-004,-4.02010e-002
-2.846000000000e-004,-4.02010e-002
-2.845600000000e-004,-4.02010e-002
-2.845200000000e-004,-4.02010e-002
-2.844800000000e-004,-4.02010e-002
-2.844400000000e-004,-4.02010e-002
-2.844000000000e-004,-4.02010e-002
-2.843600000000e-004,-4.02010e-002
-2.843200000000e-004,-4.02010e-002
-2.842800000000e-004,-4.02010e-002
-2.842400000000e-004,-4.02010e-002
-2.842000000000e-004,-4.02010e-002
-2.841600000000e-004,-4.02010e-002
-2.841200000000e-004,-4.02010e-002
-2.840800000000e-004,-4.02010e-002
-2.840400000000e-004,-4.02010e-002
-2.840000000000e-004,-8.04020e-002
-2.839600000000e-004,-4.02010e-002
-2.839200000000e-004,-4.02010e-002
-2.838800000000e-004,-4.02010e-002
-2.838400000000e-004,-4.02010e-002
-2.838000000000e-004,-4.02010e-002
-2.837600000000e-004,-4.02010e-002
-2.837200000000e-004,-4.02010e-002
-2.836800000000e-004,-4.02010e-002
-2.836400000000e-004,-4.02010e-002
-2.836000000000e-004,-4.02010e-002
-2.835600000000e-004,-4.02010e-002
-2.835200000000e-004,-4.02010e-002
-2.834800000000e-004,-4.02010e-002
-2.834400000000e-004,-4.02010e-002
-2.834000000000e-004,-4.02010e-002
-2.833600000000e-004,-4.02010e-002
-2.833200000000e-004,-4.02010e-002
-2.832800000000e-004,-4.02010e-002
-2.832400000000e-004,-4.02010e-002
-2.832000000000e-004,-4.02010e-002
-2.831600000000e-004,-4.02010e-002
-2.831200000000e-004,-4.02010e-002
-2.830800000000e-004,-4.02010e-002
-2.830400000000e-004,-4.02010e-002
-2.830000000000e-004,-4.02010e-002
-2.829600000000e-004,-4.02010e-002
-2.829200000000e-004,-4.02010e-002
-2.828800000000e-004,-4.02010e-002
-2.828400000000e-004,-4.02010e-002
-2.828000000000e-004,-4.02010e-002
-2.827600000000e-004,-4.02010e-002
-2.827200000000e-004,-4.02010e-002
-2.826800000000e-004,-4.02010e-002
-2.826400000000e-004,-4.02010e-002
-2.826000000000e-004,-4.02010e-002
-2.825600000000e-004,-4.02010e-002
-2.825200000000e-004, 0.00000e+000
-2.824800000000e-004,-4.02010e-002
-2.824400000000e-004,-4.02010e-002
-2.824000000000e-004,-4.02010e-002
-2.823600000000e-004,-4.02010e-002
-2.823200000000e-004,-4.02010e-002
-2.822800000000e-004,-4.02010e-002
-2.822400000000e-004,-4.02010e-002
-2.822000000000e-004,-4.02010e-002
-2.821600000000e-004,-4.02010e-002
-2.821200000000e-004,-4.02010e-002
-2.820800000000e-004,-4.02010e-002
-2.820400000000e-004,-4.02010e-002
-2.820000000000e-004,-4.02010e-002
-2.819600000000e-004,-4.02010e-002
-2.819200000000e-004,-8.04020e-002
-2.818800000000e-004,-4.02010e-002
-2.818400000000e-004,-4.02010e-002
-2.818000000000e-004,-4.02010e-002
-2.817600000000e-004,-4.02010e-002
-2.817200000000e-004,-4.02010e-002
-2.816800000000e-004,-4.02010e-002
-2.816400000000e-004,-4.02010e-002
-2.816000000000e-004,-4.02010e-002
-2.815600000000e-004,-4.02010e-002
-2.815200000000e-004,-4.02010e-002
-2.814800000000e-004,-4.02010e-002
-2.814400000000e-004,-4.02010e-002
-2.814000000000e-004,-4.02010e-002
-2.813600000000e-004,-4.02010e-002
-2.813200000000e-004,-4.02010e-002
-2.812800000000e-004,-4.02010e-002
-2.812400000000e-004, 0.00000e+000
-2.812000000000e-004,-4.02010e-002
-2.811600000000e-004,-4.02010e-002
-2.811200000000e-004,-4.02010e-002
-2.810800000000e-004,-4.02010e-002
-2.810400000000e-004,-4.02010e-002
-2.810000000000e-004,-4.02010e-002
-2.809600000000e-004,-4.02010e-002
-2.809200000000e-004,-4.02010e-002
-2.808800000000e-004,-4.02010e-002
-2.808400000000e-004,-4.02010e-002
-2.808000000000e-004,-4.02010e-002
-2.807600000000e-004,-4.02010e-002
-2.807200000000e-004,-4.02010e-002
-2.806800000000e-004,-4.02010e-002
-2.806400000000e-004,-4.02010e-002
-2.806000000000e-004,-4.02010e-002
-2.805600000000e-004,-4.02010e-002
-2.805200000000e-004,-4.02010e-002
-2.804800000000e-004,-4.02010e-002
-2.804400000000e-004,-4.02010e-002
-2.804000000000e-004,-4.02010e-002
-2.803600000000e-004,-4.02010e-002
-2.803200000000e-004,-4.02010e-002
-2.802800000000e-004,-4.02010e-002
-2.802400000000e-004,-4.02010e-002
-2.802000000000e-004,-4.02010e-002
-2.801600000000e-004,-4.02010e-002
-2.801200000000e-004,-4.02010e-002
-2.800800000000e-004,-4.02010e-002
-2.800400000000e-004,-4.02010e-002
-2.800000000000e-004,-4.02010e-002
-2.799600000000e-004,-4.02010e-002
-2.799200000000e-004,-4.02010e-002
-2.798800000000e-004,-4.02010e-002
-2.798400000000e-004,-4.02010e-002
-2.798000000000e-004,-4.02010e-002
-2.797600000000e-004,-4.02010e-002
-2.797200000000e-004,-4.02010e-002
-2.796800000000e-004,-4.02010e-002
-2.796400000000e-004,-4.02010e-002
-2.796000000000e-004,-4.02010e-002
-2.795600000000e-004,-4.02010e-002
-2.795200000000e-004,-4.02010e-002
-2.794800000000e-004,-4.02010e-002
-2.794400000000e-004,-4.02010e-002
-2.794000000000e-004,-4.02010e-002
-2.793600000000e-004,-4.02010e-002
-2.793200000000e-004,-4.02010e-002
-2.792800000000e-004,-4.02010e-002
-2.792400000000e-004,-4.02010e-002
-2.792000000000e-004,-4.02010e-002
-2.791600000000e-004,-4.02010e-002
-2.791200000000e-004,-4.02010e-002
-2.790800000000e-004,-4.02010e-002
-2.790400000000e-004,-4.02010e-002
-2.790000000000e-004,-4.02010e-002
-2.789600000000e-004,-4.02010e-002
-2.789200000000e-004,-4.02010e-002
-2.788800000000e-004,-4.02010e-002
-2.788400000000e-004,-4.02010e-002
-2.788000000000e-004,-4.02010e-002
-2.787600000000e-004,-4.02010e-002
-2.787200000000e-004,-4.02010e-002
-2.786800000000e-004,-4.02010e-002
-2.786400000000e-004,-4.02010e-002
-2.786000000000e-004,-4.02010e-002
-2.785600000000e-004,-8.04020e-002
-2.785200000000e-004,-4.02010e-002
-2.784800000000e-004,-4.02010e-002
-2.784400000000e-004,-4.02010e-002
-2.784000000000e-004,-4.02010e-002
-2.783600000000e-004,-4.02010e-002
-2.783200000000e-004,-4.02010e-002
-2.782800000000e-004,-4.02010e-002
-2.782400000000e-004,-4.02010e-002
-2.782000000000e-004,-4.02010e-002
-2.781600000000e-004,-4.02010e-002
-2.781200000000e-004,-4.02010e-002
-2.780800000000e-004,-4.02010e-002
-2.780400000000e-004,-4.02010e-002
-2.780000000000e-004,-4.02010e-002
-2.779600000000e-004,-4.02010e-002
-2.779200000000e-004,-4.02010e-002
-2.778800000000e-004,-4.02010e-002
-2.778400000000e-004,-4.02010e-002
-2.778000000000e-004,-8.04020e-002
-2.777600000000e-004,-4.02010e-002
-2.777200000000e-004,-8.04020e-002
-2.776800000000e-004,-4.02010e-002
-2.776400000000e-004,-4.02010e-002
-2.776000000000e-004,-4.02010e-002
-2.775600000000e-004,-4.02010e-002
-2.775200000000e-004,-4.02010e-002
-2.774800000000e-004,-4.02010e-002
-2.774400000000e-004,-4.02010e-002
-2.774000000000e-004,-4.02010e-002
-2.773600000000e-004,-4.02010e-002
-2.773200000000e-004,-4.02010e-002
-2.772800000000e-004,-4.02010e-002
-2.772400000000e-004,-4.02010e-002
-2.772000000000e-004,-4.02010e-002
-2.771600000000e-004,-4.02010e-002
-2.771200000000e-004,-4.02010e-002
-2.770800000000e-004,-4.02010e-002
-2.770400000000e-004,-4.02010e-002
-2.770000000000e-004,-4.02010e-002
-2.769600000000e-004,-4.02010e-002
-2.769200000000e-004,-4.02010e-002
-2.768800000000e-004,-4.02010e-002
-2.768400000000e-004,-4.02010e-002
-2.768000000000e-004,-4.02010e-002
-2.767600000000e-004,-4.02010e-002
-2.767200000000e-004,-4.02010e-002
-2.766800000000e-004,-4.02010e-002
-2.766400000000e-004,-4.02010e-002
-2.766000000000e-004,-4.02010e-002
-2.765600000000e-004,-4.02010e-002
-2.765200000000e-004,-4.02010e-002
-2.764800000000e-004,-4.02010e-002
-2.764400000000e-004,-4.02010e-002
-2.764000000000e-004,-4.02010e-002
-2.763600000000e-004,-4.02010e-002
-2.763200000000e-004,-4.02010e-002
-2.762800000000e-004,-4.02010e-002
-2.762400000000e-004,-4.02010e-002
-2.762000000000e-004,-4.02010e-002
-2.761600000000e-004,-4.02010e-002
-2.761200000000e-004,-4.02010e-002
-2.760800000000e-004,-4.02010e-002
-2.760400000000e-004,-4.02010e-002
-2.760000000000e-004,-4.02010e-002
-2.759600000000e-004,-4.02010e-002
-2.759200000000e-004,-4.02010e-002
-2.758800000000e-004,-4.02010e-002
-2.758400000000e-004,-4.02010e-002
-2.758000000000e-004,-4.02010e-002
-2.757600000000e-004,-4.02010e-002
-2.757200000000e-004, 0.00000e+000
-2.756800000000e-004,-4.02010e-002
-2.756400000000e-004,-4.02010e-002
-2.756000000000e-004,-4.02010e-002
-2.755600000000e-004,-4.02010e-002
-2.755200000000e-004,-4.02010e-002
-2.754800000000e-004,-4.02010e-002
-2.754400000000e-004,-4.02010e-002
-2.754000000000e-004,-4.02010e-002
-2.753600000000e-004,-8.04020e-002
-2.753200000000e-004,-4.02010e-002
-2.752800000000e-004,-4.02010e-002
-2.752400000000e-004,-4.02010e-002
-2.752000000000e-004,-4.02010e-002
-2.751600000000e-004,-4.02010e-002
-2.751200000000e-004,-4.02010e-002
-2.750800000000e-004,-4.02010e-002
-2.750400000000e-004,-4.02010e-002
-2.750000000000e-004,-4.02010e-002
-2.749600000000e-004,-4.02010e-002
-2.749200000000e-004,-4.02010e-002
-2.748800000000e-004,-4.02010e-002
-2.748400000000e-004,-4.02010e-002
-2.748000000000e-004,-4.02010e-002
-2.747600000000e-004, 0.00000e+000
-2.747200000000e-004,-4.02010e-002
-2.746800000000e-004,-4.02010e-002
-2.746400000000e-004,-4.02010e-002
-2.746000000000e-004,-4.02010e-002
-2.745600000000e-004,-4.02010e-002
-2.745200000000e-004,-4.02010e-002
-2.744800000000e-004,-4.02010e-002
-2.744400000000e-004,-4.02010e-002
-2.744000000000e-004,-4.02010e-002
-2.743600000000e-004,-4.02010e-002
-2.743200000000e-004,-4.02010e-002
-2.742800000000e-004,-4.02010e-002
-2.742400000000e-004,-4.02010e-002
-2.742000000000e-004,-4.02010e-002
-2.741600000000e-004,-4.02010e-002
-2.741200000000e-004,-4.02010e-002
-2.740800000000e-004,-4.02010e-002
-2.740400000000e-004,-4.02010e-002
-2.740000000000e-004,-4.02010e-002
-2.739600000000e-004, 0.00000e+000
-2.739200000000e-004,-4.02010e-002
-2.738800000000e-004, 0.00000e+000
-2.738400000000e-004,-4.02010e-002
-2.738000000000e-004,-4.02010e-002
-2.737600000000e-004,-4.02010e-002
-2.737200000000e-004,-4.02010e-002
-2.736800000000e-004,-4.02010e-002
-2.736400000000e-004,-4.02010e-002
-2.736000000000e-004,-4.02010e-002
-2.735600000000e-004,-8.04020e-002
-2.735200000000e-004,-4.02010e-002
-2.734800000000e-004,-4.02010e-002
-2.734400000000e-004,-4.02010e-002
-2.734000000000e-004,-4.02010e-002
-2.733600000000e-004,-4.02010e-002
-2.733200000000e-004,-4.02010e-002
-2.732800000000e-004,-4.02010e-002
-2.732400000000e-004,-4.02010e-002
-2.732000000000e-004,-4.02010e-002
-2.731600000000e-004,-4.02010e-002
-2.731200000000e-004,-4.02010e-002
-2.730800000000e-004,-4.02010e-002
-2.730400000000e-004,-4.02010e-002
-2.730000000000e-004,-4.02010e-002
-2.729600000000e-004,-4.02010e-002
-2.729200000000e-004,-4.02010e-002
-2.728800000000e-004,-4.02010e-002
-2.728400000000e-004,-4.02010e-002
-2.728000000000e-004,-4.02010e-002
-2.727600000000e-004,-4.02010e-002
-2.727200000000e-004,-4.02010e-002
-2.726800000000e-004,-4.02010e-002
-2.726400000000e-004,-4.02010e-002
-2.726000000000e-004,-4.02010e-002
-2.725600000000e-004,-4.02010e-002
-2.725200000000e-004,-4.02010e-002
-2.724800000000e-004,-4.02010e-002
-2.724400000000e-004,-4.02010e-002
-2.724000000000e-004,-4.02010e-002
-2.723600000000e-004,-4.02010e-002
-2.723200000000e-004,-4.02010e-002
-2.722800000000e-004,-4.02010e-002
-2.722400000000e-004,-4.02010e-002
-2.722000000000e-004,-4.02010e-002
-2.721600000000e-004,-4.02010e-002
-2.721200000000e-004,-4.02010e-002
-2.720800000000e-004,-4.02010e-002
-2.720400000000e-004,-4.02010e-002
-2.720000000000e-004,-4.02010e-002
-2.719600000000e-004,-4.02010e-002
-2.719200000000e-004,-4.02010e-002
-2.718800000000e-004,-4.02010e-002
-2.718400000000e-004,-4.02010e-002
-2.718000000000e-004, 0.00000e+000
-2.717600000000e-004,-4.02010e-002
-2.717200000000e-004,-4.02010e-002
-2.716800000000e-004,-4.02010e-002
-2.716400000000e-004,-4.02010e-002
-2.716000000000e-004,-4.02010e-002
-2.715600000000e-004,-4.02010e-002
-2.715200000000e-004,-4.02010e-002
-2.714800000000e-004,-8.04020e-002
-2.714400000000e-004,-4.02010e-002
-2.714000000000e-004,-4.02010e-002
-2.713600000000e-004,-4.02010e-002
-2.713200000000e-004,-4.02010e-002
-2.712800000000e-004,-4.02010e-002
-2.712400000000e-004,-4.02010e-002
-2.712000000000e-004,-4.02010e-002
-2.711600000000e-004,-4.02010e-002
-2.711200000000e-004,-4.02010e-002
-2.710800000000e-004,-4.02010e-002
-2.710400000000e-004,-4.02010e-002
-2.710000000000e-004,-4.02010e-002
-2.709600000000e-004,-4.02010e-002
-2.709200000000e-004,-4.02010e-002
-2.708800000000e-004,-4.02010e-002
-2.708400000000e-004,-4.02010e-002
-2.708000000000e-004,-4.02010e-002
-2.707600000000e-004,-4.02010e-002
-2.707200000000e-004,-4.02010e-002
-2.706800000000e-004,-4.02010e-002
-2.706400000000e-004,-4.02010e-002
-2.706000000000e-004,-4.02010e-002
-2.705600000000e-004,-4.02010e-002
-2.705200000000e-004,-4.02010e-002
-2.704800000000e-004,-4.02010e-002
-2.704400000000e-004,-4.02010e-002
-2.704000000000e-004,-4.02010e-002
-2.703600000000e-004,-4.02010e-002
-2.703200000000e-004,-4.02010e-002
-2.702800000000e-004,-4.02010e-002
-2.702400000000e-004,-4.02010e-002
-2.702000000000e-004,-4.02010e-002
-2.701600000000e-004,-4.02010e-002
-2.701200000000e-004,-4.02010e-002
-2.700800000000e-004,-4.02010e-002
-2.700400000000e-004,-4.02010e-002
-2.700000000000e-004,-4.02010e-002
-2.699600000000e-004,-4.02010e-002
-2.699200000000e-004,-4.02010e-002
-2.698800000000e-004,-4.02010e-002
-2.698400000000e-004,-4.02010e-002
-2.698000000000e-004,-4.02010e-002
-2.697600000000e-004,-4.02010e-002
-2.697200000000e-004,-4.02010e-002
-2.696800000000e-004,-4.02010e-002
-2.696400000000e-004,-4.02010e-002
-2.696000000000e-004,-4.02010e-002
-2.695600000000e-004,-4.02010e-002
-2.695200000000e-004,-4.02010e-002
-2.694800000000e-004,-4.02010e-002
-2.694400000000e-004,-4.02010e-002
-2.694000000000e-004,-4.02010e-002
-2.693600000000e-004,-4.02010e-002
-2.693200000000e-004,-4.02010e-002
-2.692800000000e-004,-4.02010e-002
-2.692400000000e-004,-4.02010e-002
-2.692000000000e-004,-4.02010e-002
-2.691600000000e-004,-4.02010e-002
-2.691200000000e-004, 0.00000e+000
-2.690800000000e-004,-4.02010e-002
-2.690400000000e-004,-4.02010e-002
-2.690000000000e-004,-4.02010e-002
-2.689600000000e-004,-4.02010e-002
-2.689200000000e-004,-4.02010e-002
-2.688800000000e-004,-4.02010e-002
-2.688400000000e-004,-4.02010e-002
-2.688000000000e-004,-4.02010e-002
-2.687600000000e-004, 0.00000e+000
-2.687200000000e-004,-4.02010e-002
-2.686800000000e-004,-4.02010e-002
-2.686400000000e-004,-4.02010e-002
-2.686000000000e-004,-4.02010e-002
-2.685600000000e-004, 0.00000e+000
-2.685200000000e-004,-4.02010e-002
-2.684800000000e-004,-4.02010e-002
-2.684400000000e-004,-4.02010e-002
-2.684000000000e-004,-4.02010e-002
-2.683600000000e-004,-4.02010e-002
-2.683200000000e-004,-8.04020e-002
-2.682800000000e-004,-4.02010e-002
-2.682400000000e-004,-4.02010e-002
-2.682000000000e-004,-4.02010e-002
-2.681600000000e-004,-4.02010e-002
-2.681200000000e-004,-4.02010e-002
-2.680800000000e-004, 0.00000e+000
-2.680400000000e-004,-4.02010e-002
-2.680000000000e-004,-4.02010e-002
-2.679600000000e-004,-4.02010e-002
-2.679200000000e-004,-4.02010e-002
-2.678800000000e-004,-4.02010e-002
-2.678400000000e-004,-4.02010e-002
-2.678000000000e-004,-4.02010e-002
-2.677600000000e-004,-4.02010e-002
-2.677200000000e-004,-4.02010e-002
-2.676800000000e-004,-4.02010e-002
-2.676400000000e-004,-4.02010e-002
-2.676000000000e-004,-4.02010e-002
-2.675600000000e-004,-4.02010e-002
-2.675200000000e-004,-4.02010e-002
-2.674800000000e-004,-4.02010e-002
-2.674400000000e-004,-8.04020e-002
-2.674000000000e-004,-4.02010e-002
-2.673600000000e-004,-4.02010e-002
-2.673200000000e-004,-4.02010e-002
-2.672800000000e-004,-4.02010e-002
-2.672400000000e-004,-4.02010e-002
-2.672000000000e-004,-4.02010e-002
-2.671600000000e-004,-4.02010e-002
-2.671200000000e-004,-4.02010e-002
-2.670800000000e-004,-4.02010e-002
-2.670400000000e-004,-4.02010e-002
-2.670000000000e-004,-4.02010e-002
-2.669600000000e-004,-4.02010e-002
-2.669200000000e-004,-4.02010e-002
-2.668800000000e-004,-4.02010e-002
-2.668400000000e-004,-4.02010e-002
-2.668000000000e-004,-4.02010e-002
-2.667600000000e-004,-4.02010e-002
-2.667200000000e-004,-4.02010e-002
-2.666800000000e-004,-4.02010e-002
-2.666400000000e-004,-4.02010e-002
-2.666000000000e-004,-4.02010e-002
-2.665600000000e-004,-4.02010e-002
-2.665200000000e-004,-4.02010e-002
-2.664800000000e-004,-4.02010e-002
-2.664400000000e-004,-4.02010e-002
-2.664000000000e-004,-4.02010e-002
-2.663600000000e-004,-4.02010e-002
-2.663200000000e-004,-4.02010e-002
-2.662800000000e-004,-4.02010e-002
-2.662400000000e-004,-4.02010e-002
-2.662000000000e-004,-4.02010e-002
-2.661600000000e-004,-4.02010e-002
-2.661200000000e-004,-4.02010e-002
-2.660800000000e-004,-4.02010e-002
-2.660400000000e-004,-4.02010e-002
-2.660000000000e-004,-4.02010e-002
-2.659600000000e-004,-4.02010e-002
-2.659200000000e-004,-4.02010e-002
-2.658800000000e-004,-4.02010e-002
-2.658400000000e-004,-4.02010e-002
-2.658000000000e-004,-4.02010e-002
-2.657600000000e-004,-4.02010e-002
-2.657200000000e-004,-4.02010e-002
-2.656800000000e-004,-4.02010e-002
-2.656400000000e-004,-4.02010e-002
-2.656000000000e-004,-4.02010e-002
-2.655600000000e-004,-4.02010e-002
-2.655200000000e-004,-4.02010e-002
-2.654800000000e-004,-4.02010e-002
-2.654400000000e-004,-4.02010e-002
-2.654000000000e-004,-4.02010e-002
-2.653600000000e-004,-4.02010e-002
-2.653200000000e-004,-4.02010e-002
-2.652800000000e-004,-4.02010e-002
-2.652400000000e-004,-4.02010e-002
-2.652000000000e-004,-4.02010e-002
-2.651600000000e-004,-4.02010e-002
-2.651200000000e-004,-4.02010e-002
-2.650800000000e-004,-4.02010e-002
-2.650400000000e-004,-4.02010e-002
-2.650000000000e-004, 0.00000e+000
-2.649600000000e-004,-4.02010e-002
-2.649200000000e-004,-4.02010e-002
-2.648800000000e-004,-4.02010e-002
-2.648400000000e-004,-4.02010e-002
-2.648000000000e-004,-4.02010e-002
-2.647600000000e-004,-4.02010e-002
-2.647200000000e-004,-4.02010e-002
-2.646800000000e-004,-4.02010e-002
-2.646400000000e-004,-4.02010e-002
-2.646000000000e-004,-4.02010e-002
-2.645600000000e-004,-4.02010e-002
-2.645200000000e-004,-4.02010e-002
-2.644800000000e-004,-4.02010e-002
-2.644400000000e-004,-4.02010e-002
-2.644000000000e-004,-4.02010e-002
-2.643600000000e-004,-4.02010e-002
-2.643200000000e-004,-4.02010e-002
-2.642800000000e-004,-4.02010e-002
-2.642400000000e-004,-4.02010e-002
-2.642000000000e-004,-4.02010e-002
-2.641600000000e-004,-4.02010e-002
-2.641200000000e-004,-4.02010e-002
-2.640800000000e-004,-8.04020e-002
-2.640400000000e-004,-4.02010e-002
-2.640000000000e-004,-4.02010e-002
-2.639600000000e-004,-4.02010e-002
-2.639200000000e-004,-4.02010e-002
-2.638800000000e-004,-4.02010e-002
-2.638400000000e-004,-4.02010e-002
-2.638000000000e-004,-4.02010e-002
-2.637600000000e-004,-8.04020e-002
-2.637200000000e-004,-4.02010e-002
-2.636800000000e-004,-4.02010e-002
-2.636400000000e-004,-4.02010e-002
-2.636000000000e-004,-4.02010e-002
-2.635600000000e-004,-4.02010e-002
-2.635200000000e-004,-4.02010e-002
-2.634800000000e-004,-4.02010e-002
-2.634400000000e-004,-4.02010e-002
-2.634000000000e-004,-4.02010e-002
-2.633600000000e-004,-4.02010e-002
-2.633200000000e-004,-4.02010e-002
-2.632800000000e-004,-4.02010e-002
-2.632400000000e-004,-4.02010e-002
-2.632000000000e-004,-4.02010e-002
-2.631600000000e-004,-4.02010e-002
-2.631200000000e-004,-4.02010e-002
-2.630800000000e-004,-4.02010e-002
-2.630400000000e-004,-4.02010e-002
-2.630000000000e-004,-4.02010e-002
-2.629600000000e-004,-8.04020e-002
-2.629200000000e-004,-4.02010e-002
-2.628800000000e-004,-4.02010e-002
-2.628400000000e-004,-4.02010e-002
-2.628000000000e-004,-4.02010e-002
-2.627600000000e-004,-8.04020e-002
-2.627200000000e-004,-4.02010e-002
-2.626800000000e-004,-4.02010e-002
-2.626400000000e-004,-4.02010e-002
-2.626000000000e-004,-4.02010e-002
-2.625600000000e-004,-4.02010e-002
-2.625200000000e-004,-4.02010e-002
-2.624800000000e-004,-4.02010e-002
-2.624400000000e-004,-4.02010e-002
-2.624000000000e-004,-4.02010e-002
-2.623600000000e-004,-4.02010e-002
-2.623200000000e-004,-4.02010e-002
-2.622800000000e-004,-4.02010e-002
-2.622400000000e-004,-4.02010e-002
-2.622000000000e-004,-4.02010e-002
-2.621600000000e-004,-4.02010e-002
-2.621200000000e-004,-8.04020e-002
-2.620800000000e-004,-4.02010e-002
-2.620400000000e-004,-8.04020e-002
-2.620000000000e-004,-4.02010e-002
-2.619600000000e-004,-4.02010e-002
-2.619200000000e-004,-4.02010e-002
-2.618800000000e-004, 0.00000e+000
-2.618400000000e-004,-4.02010e-002
-2.618000000000e-004,-4.02010e-002
-2.617600000000e-004,-4.02010e-002
-2.617200000000e-004,-4.02010e-002
-2.616800000000e-004,-4.02010e-002
-2.616400000000e-004,-4.02010e-002
-2.616000000000e-004,-4.02010e-002
-2.615600000000e-004,-4.02010e-002
-2.615200000000e-004,-4.02010e-002
-2.614800000000e-004,-4.02010e-002
-2.614400000000e-004,-4.02010e-002
-2.614000000000e-004,-4.02010e-002
-2.613600000000e-004,-4.02010e-002
-2.613200000000e-004,-4.02010e-002
-2.612800000000e-004,-4.02010e-002
-2.612400000000e-004,-4.02010e-002
-2.612000000000e-004,-4.02010e-002
-2.611600000000e-004,-4.02010e-002
-2.611200000000e-004,-4.02010e-002
-2.610800000000e-004,-4.02010e-002
-2.610400000000e-004,-4.02010e-002
-2.610000000000e-004,-4.02010e-002
-2.609600000000e-004,-4.02010e-002
-2.609200000000e-004,-4.02010e-002
-2.608800000000e-004,-4.02010e-002
-2.608400000000e-004,-4.02010e-002
-2.608000000000e-004,-4.02010e-002
-2.607600000000e-004,-4.02010e-002
-2.607200000000e-004,-4.02010e-002
-2.606800000000e-004,-4.02010e-002
-2.606400000000e-004,-4.02010e-002
-2.606000000000e-004,-4.02010e-002
-2.605600000000e-004,-4.02010e-002
-2.605200000000e-004,-4.02010e-002
-2.604800000000e-004,-4.02010e-002
-2.604400000000e-004,-4.02010e-002
-2.604000000000e-004,-4.02010e-002
-2.603600000000e-004,-4.02010e-002
-2.603200000000e-004,-4.02010e-002
-2.602800000000e-004,-4.02010e-002
-2.602400000000e-004, 0.00000e+000
-2.602000000000e-004,-8.04020e-002
-2.601600000000e-004,-4.02010e-002
-2.601200000000e-004,-4.02010e-002
-2.600800000000e-004,-4.02010e-002
-2.600400000000e-004,-4.02010e-002
-2.600000000000e-004,-4.02010e-002
-2.599600000000e-004,-4.02010e-002
-2.599200000000e-004,-4.02010e-002
-2.598800000000e-004,-4.02010e-002
-2.598400000000e-004, 0.00000e+000
-2.598000000000e-004,-4.02010e-002
-2.597600000000e-004,-4.02010e-002
-2.597200000000e-004,-4.02010e-002
-2.596800000000e-004,-4.02010e-002
-2.596400000000e-004,-4.02010e-002
-2.596000000000e-004,-4.02010e-002
-2.595600000000e-004,-4.02010e-002
-2.595200000000e-004,-8.04020e-002
-2.594800000000e-004,-4.02010e-002
-2.594400000000e-004,-4.02010e-002
-2.594000000000e-004,-4.02010e-002
-2.593600000000e-004,-4.02010e-002
-2.593200000000e-004,-4.02010e-002
-2.592800000000e-004,-4.02010e-002
-2.592400000000e-004,-4.02010e-002
-2.592000000000e-004,-8.04020e-002
-2.591600000000e-004, 0.00000e+000
-2.591200000000e-004,-4.02010e-002
-2.590800000000e-004,-4.02010e-002
-2.590400000000e-004,-4.02010e-002
-2.590000000000e-004,-4.02010e-002
-2.589600000000e-004,-4.02010e-002
-2.589200000000e-004,-4.02010e-002
-2.588800000000e-004,-4.02010e-002
-2.588400000000e-004,-4.02010e-002
-2.588000000000e-004,-4.02010e-002
-2.587600000000e-004,-4.02010e-002
-2.587200000000e-004,-4.02010e-002
-2.586800000000e-004,-4.02010e-002
-2.586400000000e-004,-4.02010e-002
-2.586000000000e-004,-4.02010e-002
-2.585600000000e-004,-4.02010e-002
-2.585200000000e-004,-4.02010e-002
-2.584800000000e-004,-4.02010e-002
-2.584400000000e-004,-4.02010e-002
-2.584000000000e-004,-4.02010e-002
-2.583600000000e-004,-4.02010e-002
-2.583200000000e-004,-4.02010e-002
-2.582800000000e-004,-4.02010e-002
-2.582400000000e-004,-4.02010e-002
-2.582000000000e-004,-4.02010e-002
-2.581600000000e-004,-4.02010e-002
-2.581200000000e-004,-4.02010e-002
-2.580800000000e-004,-4.02010e-002
-2.580400000000e-004,-4.02010e-002
-2.580000000000e-004,-4.02010e-002
-2.579600000000e-004,-4.02010e-002
-2.579200000000e-004, 0.00000e+000
-2.578800000000e-004,-4.02010e-002
-2.578400000000e-004,-4.02010e-002
-2.578000000000e-004,-4.02010e-002
-2.577600000000e-004,-4.02010e-002
-2.577200000000e-004,-4.02010e-002
-2.576800000000e-004,-4.02010e-002
-2.576400000000e-004,-4.02010e-002
-2.576000000000e-004,-4.02010e-002
-2.575600000000e-004,-4.02010e-002
-2.575200000000e-004,-4.02010e-002
-2.574800000000e-004,-4.02010e-002
-2.574400000000e-004,-4.02010e-002
-2.574000000000e-004,-4.02010e-002
-2.573600000000e-004,-4.02010e-002
-2.573200000000e-004,-4.02010e-002
-2.572800000000e-004,-4.02010e-002
-2.572400000000e-004,-4.02010e-002
-2.572000000000e-004,-4.02010e-002
-2.571600000000e-004,-4.02010e-002
-2.571200000000e-004,-4.02010e-002
-2.570800000000e-004,-4.02010e-002
-2.570400000000e-004,-4.02010e-002
-2.570000000000e-004,-4.02010e-002
-2.569600000000e-004,-4.02010e-002
-2.569200000000e-004,-4.02010e-002
-2.568800000000e-004,-4.02010e-002
-2.568400000000e-004,-4.02010e-002
-2.568000000000e-004, 0.00000e+000
-2.567600000000e-004, 0.00000e+000
-2.567200000000e-004,-4.02010e-002
-2.566800000000e-004,-4.02010e-002
-2.566400000000e-004,-4.02010e-002
-2.566000000000e-004,-4.02010e-002
-2.565600000000e-004,-4.02010e-002
-2.565200000000e-004,-4.02010e-002
-2.564800000000e-004,-4.02010e-002
-2.564400000000e-004,-4.02010e-002
-2.564000000000e-004,-4.02010e-002
-2.563600000000e-004,-4.02010e-002
-2.563200000000e-004,-8.04020e-002
-2.562800000000e-004,-4.02010e-002
-2.562400000000e-004,-4.02010e-002
-2.562000000000e-004,-4.02010e-002
-2.561600000000e-004,-4.02010e-002
-2.561200000000e-004,-4.02010e-002
-2.560800000000e-004,-4.02010e-002
-2.560400000000e-004,-4.02010e-002
-2.560000000000e-004,-4.02010e-002
-2.559600000000e-004,-4.02010e-002
-2.559200000000e-004, 0.00000e+000
-2.558800000000e-004,-4.02010e-002
-2.558400000000e-004,-4.02010e-002
-2.558000000000e-004,-8.04020e-002
-2.557600000000e-004,-4.02010e-002
-2.557200000000e-004,-4.02010e-002
-2.556800000000e-004,-4.02010e-002
-2.556400000000e-004,-4.02010e-002
-2.556000000000e-004,-4.02010e-002
-2.555600000000e-004,-4.02010e-002
-2.555200000000e-004,-4.02010e-002
-2.554800000000e-004,-4.02010e-002
-2.554400000000e-004,-4.02010e-002
-2.554000000000e-004,-4.02010e-002
-2.553600000000e-004,-4.02010e-002
-2.553200000000e-004,-4.02010e-002
-2.552800000000e-004,-4.02010e-002
-2.552400000000e-004,-4.02010e-002
-2.552000000000e-004,-4.02010e-002
-2.551600000000e-004,-4.02010e-002
-2.551200000000e-004,-4.02010e-002
-2.550800000000e-004,-4.02010e-002
-2.550400000000e-004,-4.02010e-002
-2.550000000000e-004,-4.02010e-002
-2.549600000000e-004,-4.02010e-002
-2.549200000000e-004,-4.02010e-002
-2.548800000000e-004,-4.02010e-002
-2.548400000000e-004,-4.02010e-002
-2.548000000000e-004,-4.02010e-002
-2.547600000000e-004,-4.02010e-002
-2.547200000000e-004,-4.02010e-002
-2.546800000000e-004,-4.02010e-002
-2.546400000000e-004,-4.02010e-002
-2.546000000000e-004,-4.02010e-002
-2.545600000000e-004,-4.02010e-002
-2.545200000000e-004,-4.02010e-002
-2.544800000000e-004,-4.02010e-002
-2.544400000000e-004,-4.02010e-002
-2.544000000000e-004,-4.02010e-002
-2.543600000000e-004,-4.02010e-002
-2.543200000000e-004,-4.02010e-002
-2.542800000000e-004,-4.02010e-002
-2.542400000000e-004,-4.02010e-002
-2.542000000000e-004,-4.02010e-002
-2.541600000000e-004,-4.02010e-002
-2.541200000000e-004,-4.02010e-002
-2.540800000000e-004,-4.02010e-002
-2.540400000000e-004,-4.02010e-002
-2.540000000000e-004,-4.02010e-002
-2.539600000000e-004,-4.02010e-002
-2.539200000000e-004,-4.02010e-002
-2.538800000000e-004,-4.02010e-002
-2.538400000000e-004,-4.02010e-002
-2.538000000000e-004,-4.02010e-002
-2.537600000000e-004,-4.02010e-002
-2.537200000000e-004, 0.00000e+000
-2.536800000000e-004,-4.02010e-002
-2.536400000000e-004,-4.02010e-002
-2.536000000000e-004,-4.02010e-002
-2.535600000000e-004,-4.02010e-002
-2.535200000000e-004,-4.02010e-002
-2.534800000000e-004,-4.02010e-002
-2.534400000000e-004,-4.02010e-002
-2.534000000000e-004,-4.02010e-002
-2.533600000000e-004,-4.02010e-002
-2.533200000000e-004,-4.02010e-002
-2.532800000000e-004,-4.02010e-002
-2.532400000000e-004,-4.02010e-002
-2.532000000000e-004,-4.02010e-002
-2.531600000000e-004,-4.02010e-002
-2.531200000000e-004,-4.02010e-002
-2.530800000000e-004,-4.02010e-002
-2.530400000000e-004,-4.02010e-002
-2.530000000000e-004,-4.02010e-002
-2.529600000000e-004,-4.02010e-002
-2.529200000000e-004,-4.02010e-002
-2.528800000000e-004,-4.02010e-002
-2.528400000000e-004,-4.02010e-002
-2.528000000000e-004,-4.02010e-002
-2.527600000000e-004,-4.02010e-002
-2.527200000000e-004,-4.02010e-002
-2.526800000000e-004,-4.02010e-002
-2.526400000000e-004,-4.02010e-002
-2.526000000000e-004,-4.02010e-002
-2.525600000000e-004,-4.02010e-002
-2.525200000000e-004,-4.02010e-002
-2.524800000000e-004,-4.02010e-002
-2.524400000000e-004,-4.02010e-002
-2.524000000000e-004,-4.02010e-002
-2.523600000000e-004,-4.02010e-002
-2.523200000000e-004,-4.02010e-002
-2.522800000000e-004,-4.02010e-002
-2.522400000000e-004,-4.02010e-002
-2.522000000000e-004,-4.02010e-002
-2.521600000000e-004,-4.02010e-002
-2.521200000000e-004,-4.02010e-002
-2.520800000000e-004,-4.02010e-002
-2.520400000000e-004,-4.02010e-002
-2.520000000000e-004,-4.02010e-002
-2.519600000000e-004,-4.02010e-002
-2.519200000000e-004,-4.02010e-002
-2.518800000000e-004,-4.02010e-002
-2.518400000000e-004,-4.02010e-002
-2.518000000000e-004,-4.02010e-002
-2.517600000000e-004,-4.02010e-002
-2.517200000000e-004,-4.02010e-002
-2.516800000000e-004,-4.02010e-002
-2.516400000000e-004,-4.02010e-002
-2.516000000000e-004,-4.02010e-002
-2.515600000000e-004,-4.02010e-002
-2.515200000000e-004,-4.02010e-002
-2.514800000000e-004,-4.02010e-002
-2.514400000000e-004,-4.02010e-002
-2.514000000000e-004,-4.02010e-002
-2.513600000000e-004,-4.02010e-002
-2.513200000000e-004,-4.02010e-002
-2.512800000000e-004,-4.02010e-002
-2.512400000000e-004,-4.02010e-002
-2.512000000000e-004,-4.02010e-002
-2.511600000000e-004,-4.02010e-002
-2.511200000000e-004,-4.02010e-002
-2.510800000000e-004,-4.02010e-002
-2.510400000000e-004,-4.02010e-002
-2.510000000000e-004,-4.02010e-002
-2.509600000000e-004,-4.02010e-002
-2.509200000000e-004,-4.02010e-002
-2.508800000000e-004,-4.02010e-002
-2.508400000000e-004,-8.04020e-002
-2.508000000000e-004,-4.02010e-002
-2.507600000000e-004,-4.02010e-002
-2.507200000000e-004,-4.02010e-002
-2.506800000000e-004,-4.02010e-002
-2.506400000000e-004,-4.02010e-002
-2.506000000000e-004,-4.02010e-002
-2.505600000000e-004,-4.02010e-002
-2.505200000000e-004,-4.02010e-002
-2.504800000000e-004,-4.02010e-002
-2.504400000000e-004,-4.02010e-002
-2.504000000000e-004,-4.02010e-002
-2.503600000000e-004,-8.04020e-002
-2.503200000000e-004,-4.02010e-002
-2.502800000000e-004,-4.02010e-002
-2.502400000000e-004,-4.02010e-002
-2.502000000000e-004,-4.02010e-002
-2.501600000000e-004,-4.02010e-002
-2.501200000000e-004,-4.02010e-002
-2.500800000000e-004,-4.02010e-002
-2.500400000000e-004,-4.02010e-002
-2.500000000000e-004,-4.02010e-002
-2.499600000000e-004,-4.02010e-002
-2.499200000000e-004,-4.02010e-002
-2.498800000000e-004,-4.02010e-002
-2.498400000000e-004,-4.02010e-002
-2.498000000000e-004,-4.02010e-002
-2.497600000000e-004,-4.02010e-002
-2.497200000000e-004,-4.02010e-002
-2.496800000000e-004,-4.02010e-002
-2.496400000000e-004,-8.04020e-002
-2.496000000000e-004,-4.02010e-002
-2.495600000000e-004,-4.02010e-002
-2.495200000000e-004,-4.02010e-002
-2.494800000000e-004,-4.02010e-002
-2.494400000000e-004,-4.02010e-002
-2.494000000000e-004,-4.02010e-002
-2.493600000000e-004,-4.02010e-002
-2.493200000000e-004,-4.02010e-002
-2.492800000000e-004,-4.02010e-002
-2.492400000000e-004,-4.02010e-002
-2.492000000000e-004,-4.02010e-002
-2.491600000000e-004,-4.02010e-002
-2.491200000000e-004,-4.02010e-002
-2.490800000000e-004,-4.02010e-002
-2.490400000000e-004,-4.02010e-002
-2.490000000000e-004,-4.02010e-002
-2.489600000000e-004,-4.02010e-002
-2.489200000000e-004,-4.02010e-002
-2.488800000000e-004,-4.02010e-002
-2.488400000000e-004,-4.02010e-002
-2.488000000000e-004,-4.02010e-002
-2.487600000000e-004,-4.02010e-002
-2.487200000000e-004,-4.02010e-002
-2.486800000000e-004,-4.02010e-002
-2.486400000000e-004,-4.02010e-002
-2.486000000000e-004,-4.02010e-002
-2.485600000000e-004,-4.02010e-002
-2.485200000000e-004,-4.02010e-002
-2.484800000000e-004,-4.02010e-002
-2.484400000000e-004,-4.02010e-002
-2.484000000000e-004,-4.02010e-002
-2.483600000000e-004,-4.02010e-002
-2.483200000000e-004,-4.02010e-002
-2.482800000000e-004,-4.02010e-002
-2.482400000000e-004,-4.02010e-002
-2.482000000000e-004,-4.02010e-002
-2.481600000000e-004,-4.02010e-002
-2.481200000000e-004,-4.02010e-002
-2.480800000000e-004,-4.02010e-002
-2.480400000000e-004,-4.02010e-002
-2.480000000000e-004,-4.02010e-002
-2.479600000000e-004,-4.02010e-002
-2.479200000000e-004,-4.02010e-002
-2.478800000000e-004,-4.02010e-002
-2.478400000000e-004,-4.02010e-002
-2.478000000000e-004,-4.02010e-002
-2.477600000000e-004,-4.02010e-002
-2.477200000000e-004,-4.02010e-002
-2.476800000000e-004,-4.02010e-002
-2.476400000000e-004,-4.02010e-002
-2.476000000000e-004,-4.02010e-002
-2.475600000000e-004,-4.02010e-002
-2.475200000000e-004,-4.02010e-002
-2.474800000000e-004,-4.02010e-002
-2.474400000000e-004,-4.02010e-002
-2.474000000000e-004,-8.04020e-002
-2.473600000000e-004,-4.02010e-002
-2.473200000000e-004,-4.02010e-002
-2.472800000000e-004,-4.02010e-002
-2.472400000000e-004,-4.02010e-002
-2.472000000000e-004,-4.02010e-002
-2.471600000000e-004,-8.04020e-002
-2.471200000000e-004,-4.02010e-002
-2.470800000000e-004,-4.02010e-002
-2.470400000000e-004,-4.02010e-002
-2.470000000000e-004,-4.02010e-002
-2.469600000000e-004,-4.02010e-002
-2.469200000000e-004,-4.02010e-002
-2.468800000000e-004,-4.02010e-002
-2.468400000000e-004,-4.02010e-002
-2.468000000000e-004,-4.02010e-002
-2.467600000000e-004,-4.02010e-002
-2.467200000000e-004,-4.02010e-002
-2.466800000000e-004,-4.02010e-002
-2.466400000000e-004,-4.02010e-002
-2.466000000000e-004,-4.02010e-002
-2.465600000000e-004,-4.02010e-002
-2.465200000000e-004,-4.02010e-002
-2.464800000000e-004,-4.02010e-002
-2.464400000000e-004,-4.02010e-002
-2.464000000000e-004,-4.02010e-002
-2.463600000000e-004,-4.02010e-002
-2.463200000000e-004,-4.02010e-002
-2.462800000000e-004,-4.02010e-002
-2.462400000000e-004,-4.02010e-002
-2.462000000000e-004,-4.02010e-002
-2.461600000000e-004,-4.02010e-002
-2.461200000000e-004,-4.02010e-002
-2.460800000000e-004,-4.02010e-002
-2.460400000000e-004,-4.02010e-002
-2.460000000000e-004, 0.00000e+000
-2.459600000000e-004,-4.02010e-002
-2.459200000000e-004,-4.02010e-002
-2.458800000000e-004,-4.02010e-002
-2.458400000000e-004,-4.02010e-002
-2.458000000000e-004,-4.02010e-002
-2.457600000000e-004,-4.02010e-002
-2.457200000000e-004,-4.02010e-002
-2.456800000000e-004,-4.02010e-002
-2.456400000000e-004,-4.02010e-002
-2.456000000000e-004,-4.02010e-002
-2.455600000000e-004,-4.02010e-002
-2.455200000000e-004,-4.02010e-002
-2.454800000000e-004,-4.02010e-002
-2.454400000000e-004,-4.02010e-002
-2.454000000000e-004,-4.02010e-002
-2.453600000000e-004,-4.02010e-002
-2.453200000000e-004,-4.02010e-002
-2.452800000000e-004,-4.02010e-002
-2.452400000000e-004,-4.02010e-002
-2.452000000000e-004,-4.02010e-002
-2.451600000000e-004,-4.02010e-002
-2.451200000000e-004,-4.02010e-002
-2.450800000000e-004,-4.02010e-002
-2.450400000000e-004,-4.02010e-002
-2.450000000000e-004,-4.02010e-002
-2.449600000000e-004,-4.02010e-002
-2.449200000000e-004,-4.02010e-002
-2.448800000000e-004,-4.02010e-002
-2.448400000000e-004,-4.02010e-002
-2.448000000000e-004,-4.02010e-002
-2.447600000000e-004,-8.04020e-002
-2.447200000000e-004,-4.02010e-002
-2.446800000000e-004,-4.02010e-002
-2.446400000000e-004,-4.02010e-002
-2.446000000000e-004,-4.02010e-002
-2.445600000000e-004,-4.02010e-002
-2.445200000000e-004,-4.02010e-002
-2.444800000000e-004,-4.02010e-002
-2.444400000000e-004,-4.02010e-002
-2.444000000000e-004,-4.02010e-002
-2.443600000000e-004,-4.02010e-002
-2.443200000000e-004,-8.04020e-002
-2.442800000000e-004,-4.02010e-002
-2.442400000000e-004,-4.02010e-002
-2.442000000000e-004,-4.02010e-002
-2.441600000000e-004,-4.02010e-002
-2.441200000000e-004,-4.02010e-002
-2.440800000000e-004,-8.04020e-002
-2.440400000000e-004,-4.02010e-002
-2.440000000000e-004,-4.02010e-002
-2.439600000000e-004,-4.02010e-002
-2.439200000000e-004,-4.02010e-002
-2.438800000000e-004,-4.02010e-002
-2.438400000000e-004,-4.02010e-002
-2.438000000000e-004,-4.02010e-002
-2.437600000000e-004,-4.02010e-002
-2.437200000000e-004,-4.02010e-002
-2.436800000000e-004,-4.02010e-002
-2.436400000000e-004,-4.02010e-002
-2.436000000000e-004,-4.02010e-002
-2.435600000000e-004,-4.02010e-002
-2.435200000000e-004,-4.02010e-002
-2.434800000000e-004,-4.02010e-002
-2.434400000000e-004,-4.02010e-002
-2.434000000000e-004,-4.02010e-002
-2.433600000000e-004,-4.02010e-002
-2.433200000000e-004,-8.04020e-002
-2.432800000000e-004,-4.02010e-002
-2.432400000000e-004,-4.02010e-002
-2.432000000000e-004,-4.02010e-002
-2.431600000000e-004,-4.02010e-002
-2.431200000000e-004,-4.02010e-002
-2.430800000000e-004,-4.02010e-002
-2.430400000000e-004,-4.02010e-002
-2.430000000000e-004,-4.02010e-002
-2.429600000000e-004,-4.02010e-002
-2.429200000000e-004,-4.02010e-002
-2.428800000000e-004,-4.02010e-002
-2.428400000000e-004,-4.02010e-002
-2.428000000000e-004,-4.02010e-002
-2.427600000000e-004,-4.02010e-002
-2.427200000000e-004,-4.02010e-002
-2.426800000000e-004,-4.02010e-002
-2.426400000000e-004,-4.02010e-002
-2.426000000000e-004,-4.02010e-002
-2.425600000000e-004,-4.02010e-002
-2.425200000000e-004,-4.02010e-002
-2.424800000000e-004,-4.02010e-002
-2.424400000000e-004, 0.00000e+000
-2.424000000000e-004,-4.02010e-002
-2.423600000000e-004,-4.02010e-002
-2.423200000000e-004,-4.02010e-002
-2.422800000000e-004,-4.02010e-002
-2.422400000000e-004,-8.04020e-002
-2.422000000000e-004,-4.02010e-002
-2.421600000000e-004,-4.02010e-002
-2.421200000000e-004,-4.02010e-002
-2.420800000000e-004,-4.02010e-002
-2.420400000000e-004,-4.02010e-002
-2.420000000000e-004,-4.02010e-002
-2.419600000000e-004,-4.02010e-002
-2.419200000000e-004,-4.02010e-002
-2.418800000000e-004,-4.02010e-002
-2.418400000000e-004,-4.02010e-002
-2.418000000000e-004,-4.02010e-002
-2.417600000000e-004,-4.02010e-002
-2.417200000000e-004,-4.02010e-002
-2.416800000000e-004,-4.02010e-002
-2.416400000000e-004,-4.02010e-002
-2.416000000000e-004,-4.02010e-002
-2.415600000000e-004,-4.02010e-002
-2.415200000000e-004,-4.02010e-002
-2.414800000000e-004,-4.02010e-002
-2.414400000000e-004,-4.02010e-002
-2.414000000000e-004, 0.00000e+000
-2.413600000000e-004,-4.02010e-002
-2.413200000000e-004,-8.04020e-002
-2.412800000000e-004,-4.02010e-002
-2.412400000000e-004,-4.02010e-002
-2.412000000000e-004,-4.02010e-002
-2.411600000000e-004,-4.02010e-002
-2.411200000000e-004,-4.02010e-002
-2.410800000000e-004,-4.02010e-002
-2.410400000000e-004,-4.02010e-002
-2.410000000000e-004,-4.02010e-002
-2.409600000000e-004,-4.02010e-002
-2.409200000000e-004,-4.02010e-002
-2.408800000000e-004,-4.02010e-002
-2.408400000000e-004,-4.02010e-002
-2.408000000000e-004,-4.02010e-002
-2.407600000000e-004,-4.02010e-002
-2.407200000000e-004,-4.02010e-002
-2.406800000000e-004,-4.02010e-002
-2.406400000000e-004,-4.02010e-002
-2.406000000000e-004,-4.02010e-002
-2.405600000000e-004,-4.02010e-002
-2.405200000000e-004,-8.04020e-002
-2.404800000000e-004,-4.02010e-002
-2.404400000000e-004,-4.02010e-002
-2.404000000000e-004,-4.02010e-002
-2.403600000000e-004,-4.02010e-002
-2.403200000000e-004,-4.02010e-002
-2.402800000000e-004,-4.02010e-002
-2.402400000000e-004,-4.02010e-002
-2.402000000000e-004,-4.02010e-002
-2.401600000000e-004,-4.02010e-002
-2.401200000000e-004,-4.02010e-002
-2.400800000000e-004,-4.02010e-002
-2.400400000000e-004,-4.02010e-002
-2.400000000000e-004,-4.02010e-002
-2.399600000000e-004,-4.02010e-002
-2.399200000000e-004,-4.02010e-002
-2.398800000000e-004,-4.02010e-002
-2.398400000000e-004,-4.02010e-002
-2.398000000000e-004,-4.02010e-002
-2.397600000000e-004,-4.02010e-002
-2.397200000000e-004,-4.02010e-002
-2.396800000000e-004,-4.02010e-002
-2.396400000000e-004,-4.02010e-002
-2.396000000000e-004,-4.02010e-002
-2.395600000000e-004,-4.02010e-002
-2.395200000000e-004,-4.02010e-002
-2.394800000000e-004,-4.02010e-002
-2.394400000000e-004,-4.02010e-002
-2.394000000000e-004, 0.00000e+000
-2.393600000000e-004,-4.02010e-002
-2.393200000000e-004,-4.02010e-002
-2.392800000000e-004,-4.02010e-002
-2.392400000000e-004,-8.04020e-002
-2.392000000000e-004,-4.02010e-002
-2.391600000000e-004,-4.02010e-002
-2.391200000000e-004,-4.02010e-002
-2.390800000000e-004,-4.02010e-002
-2.390400000000e-004,-4.02010e-002
-2.390000000000e-004,-4.02010e-002
-2.389600000000e-004,-4.02010e-002
-2.389200000000e-004,-4.02010e-002
-2.388800000000e-004,-4.02010e-002
-2.388400000000e-004,-4.02010e-002
-2.388000000000e-004,-4.02010e-002
-2.387600000000e-004,-4.02010e-002
-2.387200000000e-004,-4.02010e-002
-2.386800000000e-004, 0.00000e+000
-2.386400000000e-004,-4.02010e-002
-2.386000000000e-004,-4.02010e-002
-2.385600000000e-004,-4.02010e-002
-2.385200000000e-004,-4.02010e-002
-2.384800000000e-004,-4.02010e-002
-2.384400000000e-004,-4.02010e-002
-2.384000000000e-004,-4.02010e-002
-2.383600000000e-004,-4.02010e-002
-2.383200000000e-004,-4.02010e-002
-2.382800000000e-004,-8.04020e-002
-2.382400000000e-004,-4.02010e-002
-2.382000000000e-004,-4.02010e-002
-2.381600000000e-004, 0.00000e+000
-2.381200000000e-004,-4.02010e-002
-2.380800000000e-004,-4.02010e-002
-2.380400000000e-004,-4.02010e-002
-2.380000000000e-004,-4.02010e-002
-2.379600000000e-004,-4.02010e-002
-2.379200000000e-004,-4.02010e-002
-2.378800000000e-004,-4.02010e-002
-2.378400000000e-004,-4.02010e-002
-2.378000000000e-004,-4.02010e-002
-2.377600000000e-004,-4.02010e-002
-2.377200000000e-004,-4.02010e-002
-2.376800000000e-004,-4.02010e-002
-2.376400000000e-004,-4.02010e-002
-2.376000000000e-004,-4.02010e-002
-2.375600000000e-004,-4.02010e-002
-2.375200000000e-004,-4.02010e-002
-2.374800000000e-004,-4.02010e-002
-2.374400000000e-004,-4.02010e-002
-2.374000000000e-004,-4.02010e-002
-2.373600000000e-004,-4.02010e-002
-2.373200000000e-004,-4.02010e-002
-2.372800000000e-004,-4.02010e-002
-2.372400000000e-004,-4.02010e-002
-2.372000000000e-004,-4.02010e-002
-2.371600000000e-004,-4.02010e-002
-2.371200000000e-004,-4.02010e-002
-2.370800000000e-004,-4.02010e-002
-2.370400000000e-004,-4.02010e-002
-2.370000000000e-004,-4.02010e-002
-2.369600000000e-004,-4.02010e-002
-2.369200000000e-004,-4.02010e-002
-2.368800000000e-004,-4.02010e-002
-2.368400000000e-004,-4.02010e-002
-2.368000000000e-004,-4.02010e-002
-2.367600000000e-004,-4.02010e-002
-2.367200000000e-004,-4.02010e-002
-2.366800000000e-004,-8.04020e-002
-2.366400000000e-004,-4.02010e-002
-2.366000000000e-004,-4.02010e-002
-2.365600000000e-004,-4.02010e-002
-2.365200000000e-004,-4.02010e-002
-2.364800000000e-004,-4.02010e-002
-2.364400000000e-004,-4.02010e-002
-2.364000000000e-004,-4.02010e-002
-2.363600000000e-004,-4.02010e-002
-2.363200000000e-004,-4.02010e-002
-2.362800000000e-004,-4.02010e-002
-2.362400000000e-004,-4.02010e-002
-2.362000000000e-004,-4.02010e-002
-2.361600000000e-004,-4.02010e-002
-2.361200000000e-004,-4.02010e-002
-2.360800000000e-004,-4.02010e-002
-2.360400000000e-004,-4.02010e-002
-2.360000000000e-004,-4.02010e-002
-2.359600000000e-004,-4.02010e-002
-2.359200000000e-004,-4.02010e-002
-2.358800000000e-004,-4.02010e-002
-2.358400000000e-004,-4.02010e-002
-2.358000000000e-004,-4.02010e-002
-2.357600000000e-004,-4.02010e-002
-2.357200000000e-004,-4.02010e-002
-2.356800000000e-004,-4.02010e-002
-2.356400000000e-004,-4.02010e-002
-2.356000000000e-004,-4.02010e-002
-2.355600000000e-004,-4.02010e-002
-2.355200000000e-004,-4.02010e-002
-2.354800000000e-004,-4.02010e-002
-2.354400000000e-004,-4.02010e-002
-2.354000000000e-004,-8.04020e-002
-2.353600000000e-004,-4.02010e-002
-2.353200000000e-004,-4.02010e-002
-2.352800000000e-004,-4.02010e-002
-2.352400000000e-004,-4.02010e-002
-2.352000000000e-004,-4.02010e-002
-2.351600000000e-004,-4.02010e-002
-2.351200000000e-004,-4.02010e-002
-2.350800000000e-004,-4.02010e-002
-2.350400000000e-004,-4.02010e-002
-2.350000000000e-004,-4.02010e-002
-2.349600000000e-004,-4.02010e-002
-2.349200000000e-004,-4.02010e-002
-2.348800000000e-004,-4.02010e-002
-2.348400000000e-004,-4.02010e-002
-2.348000000000e-004,-4.02010e-002
-2.347600000000e-004,-4.02010e-002
-2.347200000000e-004,-4.02010e-002
-2.346800000000e-004,-4.02010e-002
-2.346400000000e-004,-4.02010e-002
-2.346000000000e-004,-4.02010e-002
-2.345600000000e-004,-4.02010e-002
-2.345200000000e-004,-4.02010e-002
-2.344800000000e-004,-4.02010e-002
-2.344400000000e-004, 0.00000e+000
-2.344000000000e-004,-4.02010e-002
-2.343600000000e-004,-4.02010e-002
-2.343200000000e-004,-4.02010e-002
-2.342800000000e-004,-4.02010e-002
-2.342400000000e-004,-4.02010e-002
-2.342000000000e-004,-4.02010e-002
-2.341600000000e-004,-4.02010e-002
-2.341200000000e-004,-4.02010e-002
-2.340800000000e-004,-4.02010e-002
-2.340400000000e-004,-4.02010e-002
-2.340000000000e-004,-4.02010e-002
-2.339600000000e-004,-4.02010e-002
-2.339200000000e-004,-8.04020e-002
-2.338800000000e-004,-4.02010e-002
-2.338400000000e-004,-4.02010e-002
-2.338000000000e-004,-4.02010e-002
-2.337600000000e-004,-4.02010e-002
-2.337200000000e-004,-4.02010e-002
-2.336800000000e-004,-4.02010e-002
-2.336400000000e-004,-4.02010e-002
-2.336000000000e-004,-4.02010e-002
-2.335600000000e-004,-4.02010e-002
-2.335200000000e-004,-4.02010e-002
-2.334800000000e-004,-4.02010e-002
-2.334400000000e-004,-4.02010e-002
-2.334000000000e-004,-4.02010e-002
-2.333600000000e-004,-4.02010e-002
-2.333200000000e-004,-4.02010e-002
-2.332800000000e-004,-4.02010e-002
-2.332400000000e-004,-4.02010e-002
-2.332000000000e-004,-4.02010e-002
-2.331600000000e-004,-4.02010e-002
-2.331200000000e-004,-4.02010e-002
-2.330800000000e-004,-4.02010e-002
-2.330400000000e-004,-4.02010e-002
-2.330000000000e-004,-4.02010e-002
-2.329600000000e-004,-4.02010e-002
-2.329200000000e-004,-4.02010e-002
-2.328800000000e-004,-4.02010e-002
-2.328400000000e-004,-4.02010e-002
-2.328000000000e-004,-4.02010e-002
-2.327600000000e-004,-4.02010e-002
-2.327200000000e-004,-4.02010e-002
-2.326800000000e-004,-4.02010e-002
-2.326400000000e-004,-4.02010e-002
-2.326000000000e-004,-8.04020e-002
-2.325600000000e-004,-4.02010e-002
-2.325200000000e-004,-4.02010e-002
-2.324800000000e-004,-4.02010e-002
-2.324400000000e-004,-4.02010e-002
-2.324000000000e-004,-4.02010e-002
-2.323600000000e-004,-4.02010e-002
-2.323200000000e-004,-4.02010e-002
-2.322800000000e-004,-4.02010e-002
-2.322400000000e-004,-4.02010e-002
-2.322000000000e-004,-4.02010e-002
-2.321600000000e-004,-4.02010e-002
-2.321200000000e-004,-4.02010e-002
-2.320800000000e-004,-4.02010e-002
-2.320400000000e-004,-4.02010e-002
-2.320000000000e-004,-4.02010e-002
-2.319600000000e-004,-4.02010e-002
-2.319200000000e-004,-4.02010e-002
-2.318800000000e-004,-4.02010e-002
-2.318400000000e-004,-4.02010e-002
-2.318000000000e-004, 0.00000e+000
-2.317600000000e-004,-4.02010e-002
-2.317200000000e-004,-4.02010e-002
-2.316800000000e-004,-4.02010e-002
-2.316400000000e-004,-4.02010e-002
-2.316000000000e-004,-4.02010e-002
-2.315600000000e-004,-4.02010e-002
-2.315200000000e-004,-4.02010e-002
-2.314800000000e-004,-4.02010e-002
-2.314400000000e-004,-8.04020e-002
-2.314000000000e-004,-4.02010e-002
-2.313600000000e-004,-4.02010e-002
-2.313200000000e-004,-4.02010e-002
-2.312800000000e-004,-4.02010e-002
-2.312400000000e-004,-4.02010e-002
-2.312000000000e-004,-4.02010e-002
-2.311600000000e-004,-4.02010e-002
-2.311200000000e-004,-4.02010e-002
-2.310800000000e-004,-4.02010e-002
-2.310400000000e-004,-4.02010e-002
-2.310000000000e-004,-4.02010e-002
-2.309600000000e-004,-4.02010e-002
-2.309200000000e-004,-4.02010e-002
-2.308800000000e-004,-4.02010e-002
-2.308400000000e-004,-4.02010e-002
-2.308000000000e-004,-4.02010e-002
-2.307600000000e-004,-4.02010e-002
-2.307200000000e-004,-4.02010e-002
-2.306800000000e-004,-4.02010e-002
-2.306400000000e-004,-4.02010e-002
-2.306000000000e-004,-4.02010e-002
-2.305600000000e-004,-4.02010e-002
-2.305200000000e-004,-4.02010e-002
-2.304800000000e-004,-4.02010e-002
-2.304400000000e-004,-4.02010e-002
-2.304000000000e-004,-4.02010e-002
-2.303600000000e-004,-4.02010e-002
-2.303200000000e-004,-4.02010e-002
-2.302800000000e-004,-4.02010e-002
-2.302400000000e-004,-4.02010e-002
-2.302000000000e-004,-4.02010e-002
-2.301600000000e-004,-4.02010e-002
-2.301200000000e-004,-4.02010e-002
-2.300800000000e-004,-4.02010e-002
-2.300400000000e-004,-4.02010e-002
-2.300000000000e-004,-4.02010e-002
-2.299600000000e-004,-4.02010e-002
-2.299200000000e-004,-4.02010e-002
-2.298800000000e-004,-4.02010e-002
-2.298400000000e-004,-4.02010e-002
-2.298000000000e-004,-4.02010e-002
-2.297600000000e-004,-4.02010e-002
-2.297200000000e-004,-4.02010e-002
-2.296800000000e-004,-4.02010e-002
-2.296400000000e-004,-4.02010e-002
-2.296000000000e-004,-4.02010e-002
-2.295600000000e-004,-4.02010e-002
-2.295200000000e-004,-4.02010e-002
-2.294800000000e-004,-4.02010e-002
-2.294400000000e-004,-4.02010e-002
-2.294000000000e-004,-4.02010e-002
-2.293600000000e-004,-4.02010e-002
-2.293200000000e-004,-4.02010e-002
-2.292800000000e-004,-8.04020e-002
-2.292400000000e-004,-4.02010e-002
-2.292000000000e-004,-4.02010e-002
-2.291600000000e-004,-4.02010e-002
-2.291200000000e-004,-4.02010e-002
-2.290800000000e-004,-4.02010e-002
-2.290400000000e-004,-4.02010e-002
-2.290000000000e-004,-4.02010e-002
-2.289600000000e-004,-4.02010e-002
-2.289200000000e-004,-4.02010e-002
-2.288800000000e-004,-4.02010e-002
-2.288400000000e-004,-4.02010e-002
-2.288000000000e-004,-8.04020e-002
-2.287600000000e-004,-4.02010e-002
-2.287200000000e-004,-4.02010e-002
-2.286800000000e-004,-4.02010e-002
-2.286400000000e-004,-4.02010e-002
-2.286000000000e-004,-4.02010e-002
-2.285600000000e-004,-4.02010e-002
-2.285200000000e-004,-4.02010e-002
-2.284800000000e-004,-4.02010e-002
-2.284400000000e-004,-4.02010e-002
-2.284000000000e-004,-4.02010e-002
-2.283600000000e-004,-4.02010e-002
-2.283200000000e-004,-4.02010e-002
-2.282800000000e-004,-4.02010e-002
-2.282400000000e-004,-4.02010e-002
-2.282000000000e-004,-4.02010e-002
-2.281600000000e-004,-4.02010e-002
-2.281200000000e-004,-4.02010e-002
-2.280800000000e-004,-4.02010e-002
-2.280400000000e-004,-4.02010e-002
-2.280000000000e-004,-4.02010e-002
-2.279600000000e-004,-4.02010e-002
-2.279200000000e-004,-8.04020e-002
-2.278800000000e-004,-4.02010e-002
-2.278400000000e-004,-4.02010e-002
-2.278000000000e-004,-4.02010e-002
-2.277600000000e-004,-4.02010e-002
-2.277200000000e-004,-4.02010e-002
-2.276800000000e-004,-4.02010e-002
-2.276400000000e-004,-4.02010e-002
-2.276000000000e-004,-4.02010e-002
-2.275600000000e-004,-4.02010e-002
-2.275200000000e-004,-4.02010e-002
-2.274800000000e-004,-4.02010e-002
-2.274400000000e-004,-4.02010e-002
-2.274000000000e-004,-4.02010e-002
-2.273600000000e-004,-4.02010e-002
-2.273200000000e-004,-4.02010e-002
-2.272800000000e-004,-4.02010e-002
-2.272400000000e-004,-4.02010e-002
-2.272000000000e-004,-4.02010e-002
-2.271600000000e-004,-4.02010e-002
-2.271200000000e-004,-4.02010e-002
-2.270800000000e-004,-4.02010e-002
-2.270400000000e-004,-4.02010e-002
-2.270000000000e-004,-4.02010e-002
-2.269600000000e-004,-4.02010e-002
-2.269200000000e-004,-4.02010e-002
-2.268800000000e-004, 0.00000e+000
-2.268400000000e-004,-4.02010e-002
-2.268000000000e-004,-4.02010e-002
-2.267600000000e-004,-4.02010e-002
-2.267200000000e-004,-4.02010e-002
-2.266800000000e-004,-4.02010e-002
-2.266400000000e-004,-4.02010e-002
-2.266000000000e-004,-4.02010e-002
-2.265600000000e-004,-4.02010e-002
-2.265200000000e-004,-4.02010e-002
-2.264800000000e-004,-4.02010e-002
-2.264400000000e-004,-4.02010e-002
-2.264000000000e-004,-4.02010e-002
-2.263600000000e-004,-4.02010e-002
-2.263200000000e-004,-4.02010e-002
-2.262800000000e-004,-4.02010e-002
-2.262400000000e-004,-4.02010e-002
-2.262000000000e-004, 0.00000e+000
-2.261600000000e-004,-4.02010e-002
-2.261200000000e-004,-4.02010e-002
-2.260800000000e-004,-4.02010e-002
-2.260400000000e-004,-4.02010e-002
-2.260000000000e-004,-4.02010e-002
-2.259600000000e-004,-4.02010e-002
-2.259200000000e-004,-4.02010e-002
-2.258800000000e-004,-4.02010e-002
-2.258400000000e-004,-4.02010e-002
-2.258000000000e-004,-4.02010e-002
-2.257600000000e-004,-4.02010e-002
-2.257200000000e-004,-4.02010e-002
-2.256800000000e-004,-4.02010e-002
-2.256400000000e-004,-4.02010e-002
-2.256000000000e-004,-4.02010e-002
-2.255600000000e-004,-4.02010e-002
-2.255200000000e-004,-4.02010e-002
-2.254800000000e-004,-4.02010e-002
-2.254400000000e-004,-4.02010e-002
-2.254000000000e-004,-4.02010e-002
-2.253600000000e-004,-4.02010e-002
-2.253200000000e-004,-4.02010e-002
-2.252800000000e-004,-4.02010e-002
-2.252400000000e-004,-4.02010e-002
-2.252000000000e-004,-4.02010e-002
-2.251600000000e-004,-4.02010e-002
-2.251200000000e-004,-4.02010e-002
-2.250800000000e-004,-4.02010e-002
-2.250400000000e-004,-4.02010e-002
-2.250000000000e-004,-4.02010e-002
-2.249600000000e-004,-4.02010e-002
-2.249200000000e-004,-4.02010e-002
-2.248800000000e-004,-4.02010e-002
-2.248400000000e-004,-4.02010e-002
-2.248000000000e-004,-4.02010e-002
-2.247600000000e-004,-4.02010e-002
-2.247200000000e-004,-4.02010e-002
-2.246800000000e-004,-4.02010e-002
-2.246400000000e-004,-4.02010e-002
-2.246000000000e-004,-4.02010e-002
-2.245600000000e-004,-4.02010e-002
-2.245200000000e-004,-4.02010e-002
-2.244800000000e-004,-4.02010e-002
-2.244400000000e-004,-4.02010e-002
-2.244000000000e-004,-4.02010e-002
-2.243600000000e-004,-4.02010e-002
-2.243200000000e-004,-4.02010e-002
-2.242800000000e-004,-4.02010e-002
-2.242400000000e-004,-4.02010e-002
-2.242000000000e-004,-4.02010e-002
-2.241600000000e-004,-4.02010e-002
-2.241200000000e-004,-4.02010e-002
-2.240800000000e-004,-4.02010e-002
-2.240400000000e-004,-4.02010e-002
-2.240000000000e-004,-4.02010e-002
-2.239600000000e-004,-4.02010e-002
-2.239200000000e-004,-4.02010e-002
-2.238800000000e-004,-4.02010e-002
-2.238400000000e-004,-4.02010e-002
-2.238000000000e-004,-4.02010e-002
-2.237600000000e-004,-4.02010e-002
-2.237200000000e-004,-4.02010e-002
-2.236800000000e-004,-4.02010e-002
-2.236400000000e-004,-4.02010e-002
-2.236000000000e-004,-4.02010e-002
-2.235600000000e-004,-4.02010e-002
-2.235200000000e-004,-8.04020e-002
-2.234800000000e-004,-4.02010e-002
-2.234400000000e-004,-4.02010e-002
-2.234000000000e-004,-4.02010e-002
-2.233600000000e-004,-4.02010e-002
-2.233200000000e-004,-4.02010e-002
-2.232800000000e-004,-4.02010e-002
-2.232400000000e-004,-4.02010e-002
-2.232000000000e-004,-4.02010e-002
-2.231600000000e-004,-4.02010e-002
-2.231200000000e-004,-4.02010e-002
-2.230800000000e-004,-4.02010e-002
-2.230400000000e-004,-4.02010e-002
-2.230000000000e-004,-4.02010e-002
-2.229600000000e-004,-4.02010e-002
-2.229200000000e-004,-4.02010e-002
-2.228800000000e-004,-4.02010e-002
-2.228400000000e-004,-4.02010e-002
-2.228000000000e-004, 0.00000e+000
-2.227600000000e-004,-4.02010e-002
-2.227200000000e-004,-4.02010e-002
-2.226800000000e-004,-4.02010e-002
-2.226400000000e-004,-4.02010e-002
-2.226000000000e-004,-4.02010e-002
-2.225600000000e-004,-4.02010e-002
-2.225200000000e-004,-4.02010e-002
-2.224800000000e-004,-4.02010e-002
-2.224400000000e-004,-4.02010e-002
-2.224000000000e-004,-4.02010e-002
-2.223600000000e-004,-4.02010e-002
-2.223200000000e-004,-4.02010e-002
-2.222800000000e-004,-4.02010e-002
-2.222400000000e-004,-4.02010e-002
-2.222000000000e-004,-4.02010e-002
-2.221600000000e-004,-4.02010e-002
-2.221200000000e-004,-4.02010e-002
-2.220800000000e-004,-4.02010e-002
-2.220400000000e-004,-4.02010e-002
-2.220000000000e-004,-4.02010e-002
-2.219600000000e-004,-4.02010e-002
-2.219200000000e-004,-4.02010e-002
-2.218800000000e-004,-4.02010e-002
-2.218400000000e-004,-4.02010e-002
-2.218000000000e-004,-4.02010e-002
-2.217600000000e-004,-4.02010e-002
-2.217200000000e-004,-4.02010e-002
-2.216800000000e-004,-4.02010e-002
-2.216400000000e-004,-4.02010e-002
-2.216000000000e-004,-4.02010e-002
-2.215600000000e-004,-4.02010e-002
-2.215200000000e-004,-4.02010e-002
-2.214800000000e-004,-4.02010e-002
-2.214400000000e-004,-4.02010e-002
-2.214000000000e-004,-4.02010e-002
-2.213600000000e-004,-4.02010e-002
-2.213200000000e-004,-4.02010e-002
-2.212800000000e-004,-4.02010e-002
-2.212400000000e-004,-4.02010e-002
-2.212000000000e-004,-4.02010e-002
-2.211600000000e-004,-4.02010e-002
-2.211200000000e-004,-4.02010e-002
-2.210800000000e-004, 0.00000e+000
-2.210400000000e-004,-4.02010e-002
-2.210000000000e-004,-4.02010e-002
-2.209600000000e-004,-4.02010e-002
-2.209200000000e-004,-4.02010e-002
-2.208800000000e-004,-4.02010e-002
-2.208400000000e-004,-4.02010e-002
-2.208000000000e-004,-4.02010e-002
-2.207600000000e-004, 0.00000e+000
-2.207200000000e-004,-4.02010e-002
-2.206800000000e-004,-4.02010e-002
-2.206400000000e-004,-4.02010e-002
-2.206000000000e-004,-4.02010e-002
-2.205600000000e-004,-4.02010e-002
-2.205200000000e-004,-4.02010e-002
-2.204800000000e-004,-4.02010e-002
-2.204400000000e-004,-4.02010e-002
-2.204000000000e-004,-4.02010e-002
-2.203600000000e-004,-4.02010e-002
-2.203200000000e-004,-8.04020e-002
-2.202800000000e-004,-4.02010e-002
-2.202400000000e-004,-4.02010e-002
-2.202000000000e-004,-4.02010e-002
-2.201600000000e-004,-4.02010e-002
-2.201200000000e-004,-4.02010e-002
-2.200800000000e-004,-4.02010e-002
-2.200400000000e-004,-4.02010e-002
-2.200000000000e-004,-4.02010e-002
-2.199600000000e-004,-4.02010e-002
-2.199200000000e-004,-4.02010e-002
-2.198800000000e-004,-4.02010e-002
-2.198400000000e-004,-4.02010e-002
-2.198000000000e-004,-4.02010e-002
-2.197600000000e-004,-4.02010e-002
-2.197200000000e-004,-4.02010e-002
-2.196800000000e-004,-4.02010e-002
-2.196400000000e-004,-4.02010e-002
-2.196000000000e-004,-4.02010e-002
-2.195600000000e-004,-4.02010e-002
-2.195200000000e-004,-4.02010e-002
-2.194800000000e-004,-4.02010e-002
-2.194400000000e-004,-4.02010e-002
-2.194000000000e-004,-4.02010e-002
-2.193600000000e-004,-4.02010e-002
-2.193200000000e-004,-4.02010e-002
-2.192800000000e-004,-4.02010e-002
-2.192400000000e-004,-4.02010e-002
-2.192000000000e-004,-4.02010e-002
-2.191600000000e-004,-4.02010e-002
-2.191200000000e-004,-4.02010e-002
-2.190800000000e-004,-4.02010e-002
-2.190400000000e-004,-4.02010e-002
-2.190000000000e-004,-4.02010e-002
-2.189600000000e-004,-4.02010e-002
-2.189200000000e-004,-4.02010e-002
-2.188800000000e-004,-4.02010e-002
-2.188400000000e-004,-8.04020e-002
-2.188000000000e-004,-4.02010e-002
-2.187600000000e-004,-4.02010e-002
-2.187200000000e-004,-4.02010e-002
-2.186800000000e-004,-4.02010e-002
-2.186400000000e-004,-4.02010e-002
-2.186000000000e-004,-4.02010e-002
-2.185600000000e-004,-4.02010e-002
-2.185200000000e-004,-4.02010e-002
-2.184800000000e-004,-4.02010e-002
-2.184400000000e-004,-4.02010e-002
-2.184000000000e-004,-4.02010e-002
-2.183600000000e-004,-4.02010e-002
-2.183200000000e-004,-4.02010e-002
-2.182800000000e-004,-4.02010e-002
-2.182400000000e-004,-4.02010e-002
-2.182000000000e-004,-4.02010e-002
-2.181600000000e-004,-4.02010e-002
-2.181200000000e-004,-4.02010e-002
-2.180800000000e-004,-4.02010e-002
-2.180400000000e-004,-4.02010e-002
-2.180000000000e-004,-4.02010e-002
-2.179600000000e-004,-4.02010e-002
-2.179200000000e-004,-4.02010e-002
-2.178800000000e-004,-8.04020e-002
-2.178400000000e-004,-4.02010e-002
-2.178000000000e-004,-4.02010e-002
-2.177600000000e-004,-4.02010e-002
-2.177200000000e-004,-4.02010e-002
-2.176800000000e-004,-4.02010e-002
-2.176400000000e-004,-4.02010e-002
-2.176000000000e-004,-4.02010e-002
-2.175600000000e-004,-4.02010e-002
-2.175200000000e-004,-4.02010e-002
-2.174800000000e-004,-4.02010e-002
-2.174400000000e-004,-4.02010e-002
-2.174000000000e-004,-4.02010e-002
-2.173600000000e-004,-4.02010e-002
-2.173200000000e-004,-4.02010e-002
-2.172800000000e-004, 0.00000e+000
-2.172400000000e-004,-8.04020e-002
-2.172000000000e-004,-4.02010e-002
-2.171600000000e-004,-4.02010e-002
-2.171200000000e-004,-4.02010e-002
-2.170800000000e-004,-8.04020e-002
-2.170400000000e-004,-4.02010e-002
-2.170000000000e-004,-8.04020e-002
-2.169600000000e-004,-4.02010e-002
-2.169200000000e-004,-4.02010e-002
-2.168800000000e-004,-4.02010e-002
-2.168400000000e-004,-4.02010e-002
-2.168000000000e-004,-4.02010e-002
-2.167600000000e-004,-4.02010e-002
-2.167200000000e-004,-4.02010e-002
-2.166800000000e-004,-4.02010e-002
-2.166400000000e-004,-4.02010e-002
-2.166000000000e-004,-4.02010e-002
-2.165600000000e-004,-4.02010e-002
-2.165200000000e-004,-4.02010e-002
-2.164800000000e-004,-4.02010e-002
-2.164400000000e-004,-4.02010e-002
-2.164000000000e-004,-4.02010e-002
-2.163600000000e-004,-4.02010e-002
-2.163200000000e-004,-4.02010e-002
-2.162800000000e-004,-4.02010e-002
-2.162400000000e-004,-4.02010e-002
-2.162000000000e-004,-4.02010e-002
-2.161600000000e-004,-4.02010e-002
-2.161200000000e-004,-4.02010e-002
-2.160800000000e-004,-4.02010e-002
-2.160400000000e-004,-4.02010e-002
-2.160000000000e-004,-4.02010e-002
-2.159600000000e-004,-4.02010e-002
-2.159200000000e-004,-4.02010e-002
-2.158800000000e-004,-4.02010e-002
-2.158400000000e-004,-4.02010e-002
-2.158000000000e-004,-4.02010e-002
-2.157600000000e-004,-4.02010e-002
-2.157200000000e-004,-4.02010e-002
-2.156800000000e-004,-4.02010e-002
-2.156400000000e-004,-4.02010e-002
-2.156000000000e-004,-4.02010e-002
-2.155600000000e-004,-4.02010e-002
-2.155200000000e-004,-4.02010e-002
-2.154800000000e-004,-4.02010e-002
-2.154400000000e-004,-4.02010e-002
-2.154000000000e-004,-4.02010e-002
-2.153600000000e-004,-4.02010e-002
-2.153200000000e-004,-4.02010e-002
-2.152800000000e-004,-8.04020e-002
-2.152400000000e-004,-4.02010e-002
-2.152000000000e-004,-4.02010e-002
-2.151600000000e-004,-4.02010e-002
-2.151200000000e-004,-4.02010e-002
-2.150800000000e-004,-4.02010e-002
-2.150400000000e-004,-4.02010e-002
-2.150000000000e-004,-4.02010e-002
-2.149600000000e-004,-8.04020e-002
-2.149200000000e-004,-4.02010e-002
-2.148800000000e-004,-4.02010e-002
-2.148400000000e-004,-4.02010e-002
-2.148000000000e-004,-4.02010e-002
-2.147600000000e-004,-4.02010e-002
-2.147200000000e-004,-4.02010e-002
-2.146800000000e-004, 0.00000e+000
-2.146400000000e-004,-4.02010e-002
-2.146000000000e-004,-4.02010e-002
-2.145600000000e-004,-4.02010e-002
-2.145200000000e-004,-4.02010e-002
-2.144800000000e-004,-4.02010e-002
-2.144400000000e-004,-4.02010e-002
-2.144000000000e-004,-4.02010e-002
-2.143600000000e-004,-4.02010e-002
-2.143200000000e-004,-4.02010e-002
-2.142800000000e-004,-4.02010e-002
-2.142400000000e-004,-4.02010e-002
-2.142000000000e-004,-4.02010e-002
-2.141600000000e-004,-4.02010e-002
-2.141200000000e-004,-4.02010e-002
-2.140800000000e-004,-4.02010e-002
-2.140400000000e-004,-4.02010e-002
-2.140000000000e-004,-4.02010e-002
-2.139600000000e-004,-4.02010e-002
-2.139200000000e-004,-4.02010e-002
-2.138800000000e-004,-8.04020e-002
-2.138400000000e-004,-4.02010e-002
-2.138000000000e-004,-4.02010e-002
-2.137600000000e-004,-4.02010e-002
-2.137200000000e-004,-4.02010e-002
-2.136800000000e-004,-4.02010e-002
-2.136400000000e-004,-4.02010e-002
-2.136000000000e-004,-4.02010e-002
-2.135600000000e-004, 0.00000e+000
-2.135200000000e-004,-4.02010e-002
-2.134800000000e-004,-4.02010e-002
-2.134400000000e-004,-4.02010e-002
-2.134000000000e-004,-4.02010e-002
-2.133600000000e-004,-4.02010e-002
-2.133200000000e-004,-4.02010e-002
-2.132800000000e-004,-4.02010e-002
-2.132400000000e-004,-4.02010e-002
-2.132000000000e-004,-4.02010e-002
-2.131600000000e-004,-4.02010e-002
-2.131200000000e-004,-4.02010e-002
-2.130800000000e-004,-4.02010e-002
-2.130400000000e-004,-4.02010e-002
-2.130000000000e-004,-4.02010e-002
-2.129600000000e-004,-4.02010e-002
-2.129200000000e-004,-4.02010e-002
-2.128800000000e-004,-4.02010e-002
-2.128400000000e-004,-4.02010e-002
-2.128000000000e-004,-4.02010e-002
-2.127600000000e-004,-4.02010e-002
-2.127200000000e-004,-4.02010e-002
-2.126800000000e-004,-4.02010e-002
-2.126400000000e-004,-4.02010e-002
-2.126000000000e-004,-4.02010e-002
-2.125600000000e-004,-4.02010e-002
-2.125200000000e-004,-4.02010e-002
-2.124800000000e-004,-4.02010e-002
-2.124400000000e-004,-4.02010e-002
-2.124000000000e-004,-4.02010e-002
-2.123600000000e-004,-4.02010e-002
-2.123200000000e-004,-4.02010e-002
-2.122800000000e-004,-4.02010e-002
-2.122400000000e-004,-4.02010e-002
-2.122000000000e-004,-4.02010e-002
-2.121600000000e-004,-4.02010e-002
-2.121200000000e-004,-4.02010e-002
-2.120800000000e-004,-4.02010e-002
-2.120400000000e-004,-4.02010e-002
-2.120000000000e-004,-4.02010e-002
-2.119600000000e-004,-4.02010e-002
-2.119200000000e-004,-4.02010e-002
-2.118800000000e-004,-4.02010e-002
-2.118400000000e-004,-4.02010e-002
-2.118000000000e-004,-4.02010e-002
-2.117600000000e-004,-4.02010e-002
-2.117200000000e-004,-4.02010e-002
-2.116800000000e-004,-4.02010e-002
-2.116400000000e-004,-4.02010e-002
-2.116000000000e-004,-4.02010e-002
-2.115600000000e-004,-4.02010e-002
-2.115200000000e-004, 0.00000e+000
-2.114800000000e-004,-4.02010e-002
-2.114400000000e-004,-4.02010e-002
-2.114000000000e-004,-4.02010e-002
-2.113600000000e-004,-4.02010e-002
-2.113200000000e-004,-4.02010e-002
-2.112800000000e-004,-8.04020e-002
-2.112400000000e-004,-4.02010e-002
-2.112000000000e-004,-4.02010e-002
-2.111600000000e-004,-4.02010e-002
-2.111200000000e-004,-4.02010e-002
-2.110800000000e-004,-4.02010e-002
-2.110400000000e-004,-4.02010e-002
-2.110000000000e-004,-4.02010e-002
-2.109600000000e-004,-4.02010e-002
-2.109200000000e-004,-4.02010e-002
-2.108800000000e-004,-4.02010e-002
-2.108400000000e-004,-4.02010e-002
-2.108000000000e-004,-4.02010e-002
-2.107600000000e-004,-4.02010e-002
-2.107200000000e-004,-4.02010e-002
-2.106800000000e-004,-4.02010e-002
-2.106400000000e-004,-4.02010e-002
-2.106000000000e-004,-4.02010e-002
-2.105600000000e-004,-4.02010e-002
-2.105200000000e-004,-4.02010e-002
-2.104800000000e-004,-4.02010e-002
-2.104400000000e-004,-4.02010e-002
-2.104000000000e-004,-4.02010e-002
-2.103600000000e-004,-8.04020e-002
-2.103200000000e-004,-4.02010e-002
-2.102800000000e-004,-4.02010e-002
-2.102400000000e-004,-4.02010e-002
-2.102000000000e-004,-4.02010e-002
-2.101600000000e-004,-4.02010e-002
-2.101200000000e-004,-4.02010e-002
-2.100800000000e-004,-4.02010e-002
-2.100400000000e-004,-4.02010e-002
-2.100000000000e-004,-4.02010e-002
-2.099600000000e-004,-4.02010e-002
-2.099200000000e-004,-4.02010e-002
-2.098800000000e-004,-4.02010e-002
-2.098400000000e-004,-4.02010e-002
-2.098000000000e-004,-4.02010e-002
-2.097600000000e-004,-4.02010e-002
-2.097200000000e-004,-4.02010e-002
-2.096800000000e-004,-4.02010e-002
-2.096400000000e-004,-4.02010e-002
-2.096000000000e-004,-4.02010e-002
-2.095600000000e-004,-4.02010e-002
-2.095200000000e-004,-4.02010e-002
-2.094800000000e-004,-4.02010e-002
-2.094400000000e-004,-4.02010e-002
-2.094000000000e-004,-4.02010e-002
-2.093600000000e-004,-4.02010e-002
-2.093200000000e-004,-4.02010e-002
-2.092800000000e-004,-4.02010e-002
-2.092400000000e-004,-4.02010e-002
-2.092000000000e-004,-4.02010e-002
-2.091600000000e-004,-4.02010e-002
-2.091200000000e-004,-4.02010e-002
-2.090800000000e-004,-4.02010e-002
-2.090400000000e-004,-4.02010e-002
-2.090000000000e-004, 0.00000e+000
-2.089600000000e-004,-4.02010e-002
-2.089200000000e-004,-4.02010e-002
-2.088800000000e-004,-4.02010e-002
-2.088400000000e-004,-4.02010e-002
-2.088000000000e-004,-4.02010e-002
-2.087600000000e-004, 0.00000e+000
-2.087200000000e-004,-4.02010e-002
-2.086800000000e-004,-4.02010e-002
-2.086400000000e-004,-4.02010e-002
-2.086000000000e-004,-4.02010e-002
-2.085600000000e-004,-4.02010e-002
-2.085200000000e-004,-4.02010e-002
-2.084800000000e-004,-4.02010e-002
-2.084400000000e-004,-4.02010e-002
-2.084000000000e-004,-4.02010e-002
-2.083600000000e-004,-4.02010e-002
-2.083200000000e-004,-4.02010e-002
-2.082800000000e-004,-4.02010e-002
-2.082400000000e-004,-4.02010e-002
-2.082000000000e-004,-4.02010e-002
-2.081600000000e-004,-4.02010e-002
-2.081200000000e-004,-4.02010e-002
-2.080800000000e-004,-4.02010e-002
-2.080400000000e-004,-4.02010e-002
-2.080000000000e-004,-4.02010e-002
-2.079600000000e-004,-4.02010e-002
-2.079200000000e-004,-4.02010e-002
-2.078800000000e-004,-4.02010e-002
-2.078400000000e-004,-4.02010e-002
-2.078000000000e-004,-4.02010e-002
-2.077600000000e-004,-4.02010e-002
-2.077200000000e-004,-4.02010e-002
-2.076800000000e-004,-4.02010e-002
-2.076400000000e-004,-4.02010e-002
-2.076000000000e-004,-4.02010e-002
-2.075600000000e-004,-4.02010e-002
-2.075200000000e-004,-4.02010e-002
-2.074800000000e-004,-4.02010e-002
-2.074400000000e-004,-4.02010e-002
-2.074000000000e-004,-4.02010e-002
-2.073600000000e-004,-4.02010e-002
-2.073200000000e-004,-4.02010e-002
-2.072800000000e-004,-4.02010e-002
-2.072400000000e-004,-4.02010e-002
-2.072000000000e-004,-4.02010e-002
-2.071600000000e-004,-4.02010e-002
-2.071200000000e-004,-4.02010e-002
-2.070800000000e-004,-4.02010e-002
-2.070400000000e-004,-4.02010e-002
-2.070000000000e-004,-4.02010e-002
-2.069600000000e-004,-4.02010e-002
-2.069200000000e-004,-4.02010e-002
-2.068800000000e-004,-4.02010e-002
-2.068400000000e-004, 0.00000e+000
-2.068000000000e-004,-4.02010e-002
-2.067600000000e-004,-4.02010e-002
-2.067200000000e-004,-4.02010e-002
-2.066800000000e-004,-4.02010e-002
-2.066400000000e-004,-4.02010e-002
-2.066000000000e-004,-4.02010e-002
-2.065600000000e-004,-4.02010e-002
-2.065200000000e-004,-4.02010e-002
-2.064800000000e-004,-4.02010e-002
-2.064400000000e-004,-4.02010e-002
-2.064000000000e-004,-4.02010e-002
-2.063600000000e-004,-4.02010e-002
-2.063200000000e-004,-4.02010e-002
-2.062800000000e-004,-4.02010e-002
-2.062400000000e-004,-4.02010e-002
-2.062000000000e-004,-4.02010e-002
-2.061600000000e-004,-4.02010e-002
-2.061200000000e-004,-4.02010e-002
-2.060800000000e-004,-4.02010e-002
-2.060400000000e-004,-4.02010e-002
-2.060000000000e-004,-4.02010e-002
-2.059600000000e-004,-4.02010e-002
-2.059200000000e-004,-4.02010e-002
-2.058800000000e-004,-4.02010e-002
-2.058400000000e-004,-4.02010e-002
-2.058000000000e-004,-4.02010e-002
-2.057600000000e-004,-4.02010e-002
-2.057200000000e-004,-4.02010e-002
-2.056800000000e-004,-4.02010e-002
-2.056400000000e-004,-4.02010e-002
-2.056000000000e-004,-4.02010e-002
-2.055600000000e-004,-4.02010e-002
-2.055200000000e-004,-4.02010e-002
-2.054800000000e-004,-4.02010e-002
-2.054400000000e-004,-4.02010e-002
-2.054000000000e-004,-4.02010e-002
-2.053600000000e-004,-4.02010e-002
-2.053200000000e-004,-4.02010e-002
-2.052800000000e-004,-4.02010e-002
-2.052400000000e-004,-4.02010e-002
-2.052000000000e-004,-4.02010e-002
-2.051600000000e-004,-4.02010e-002
-2.051200000000e-004,-4.02010e-002
-2.050800000000e-004,-4.02010e-002
-2.050400000000e-004,-4.02010e-002
-2.050000000000e-004,-4.02010e-002
-2.049600000000e-004,-4.02010e-002
-2.049200000000e-004,-4.02010e-002
-2.048800000000e-004,-4.02010e-002
-2.048400000000e-004,-4.02010e-002
-2.048000000000e-004,-4.02010e-002
-2.047600000000e-004,-4.02010e-002
-2.047200000000e-004, 0.00000e+000
-2.046800000000e-004,-8.04020e-002
-2.046400000000e-004,-4.02010e-002
-2.046000000000e-004,-4.02010e-002
-2.045600000000e-004,-4.02010e-002
-2.045200000000e-004,-4.02010e-002
-2.044800000000e-004,-4.02010e-002
-2.044400000000e-004, 0.00000e+000
-2.044000000000e-004,-4.02010e-002
-2.043600000000e-004,-4.02010e-002
-2.043200000000e-004,-4.02010e-002
-2.042800000000e-004,-4.02010e-002
-2.042400000000e-004,-4.02010e-002
-2.042000000000e-004,-4.02010e-002
-2.041600000000e-004,-4.02010e-002
-2.041200000000e-004,-4.02010e-002
-2.040800000000e-004,-4.02010e-002
-2.040400000000e-004,-4.02010e-002
-2.040000000000e-004,-4.02010e-002
-2.039600000000e-004,-4.02010e-002
-2.039200000000e-004,-4.02010e-002
-2.038800000000e-004,-4.02010e-002
-2.038400000000e-004,-4.02010e-002
-2.038000000000e-004,-4.02010e-002
-2.037600000000e-004,-4.02010e-002
-2.037200000000e-004,-4.02010e-002
-2.036800000000e-004,-4.02010e-002
-2.036400000000e-004,-4.02010e-002
-2.036000000000e-004,-4.02010e-002
-2.035600000000e-004,-4.02010e-002
-2.035200000000e-004,-4.02010e-002
-2.034800000000e-004,-4.02010e-002
-2.034400000000e-004,-4.02010e-002
-2.034000000000e-004,-4.02010e-002
-2.033600000000e-004,-4.02010e-002
-2.033200000000e-004,-4.02010e-002
-2.032800000000e-004,-4.02010e-002
-2.032400000000e-004,-4.02010e-002
-2.032000000000e-004,-4.02010e-002
-2.031600000000e-004,-4.02010e-002
-2.031200000000e-004,-4.02010e-002
-2.030800000000e-004,-4.02010e-002
-2.030400000000e-004,-4.02010e-002
-2.030000000000e-004,-4.02010e-002
-2.029600000000e-004,-4.02010e-002
-2.029200000000e-004,-4.02010e-002
-2.028800000000e-004,-4.02010e-002
-2.028400000000e-004,-4.02010e-002
-2.028000000000e-004,-4.02010e-002
-2.027600000000e-004,-4.02010e-002
-2.027200000000e-004,-8.04020e-002
-2.026800000000e-004,-4.02010e-002
-2.026400000000e-004,-4.02010e-002
-2.026000000000e-004,-4.02010e-002
-2.025600000000e-004,-4.02010e-002
-2.025200000000e-004,-4.02010e-002
-2.024800000000e-004,-4.02010e-002
-2.024400000000e-004,-4.02010e-002
-2.024000000000e-004,-4.02010e-002
-2.023600000000e-004,-4.02010e-002
-2.023200000000e-004,-4.02010e-002
-2.022800000000e-004,-4.02010e-002
-2.022400000000e-004,-4.02010e-002
-2.022000000000e-004,-4.02010e-002
-2.021600000000e-004, 0.00000e+000
-2.021200000000e-004,-4.02010e-002
-2.020800000000e-004,-4.02010e-002
-2.020400000000e-004,-4.02010e-002
-2.020000000000e-004,-4.02010e-002
-2.019600000000e-004,-4.02010e-002
-2.019200000000e-004,-4.02010e-002
-2.018800000000e-004,-4.02010e-002
-2.018400000000e-004,-4.02010e-002
-2.018000000000e-004,-4.02010e-002
-2.017600000000e-004,-4.02010e-002
-2.017200000000e-004, 0.00000e+000
-2.016800000000e-004,-4.02010e-002
-2.016400000000e-004,-4.02010e-002
-2.016000000000e-004,-4.02010e-002
-2.015600000000e-004,-4.02010e-002
-2.015200000000e-004,-4.02010e-002
-2.014800000000e-004,-4.02010e-002
-2.014400000000e-004,-4.02010e-002
-2.014000000000e-004,-4.02010e-002
-2.013600000000e-004, 0.00000e+000
-2.013200000000e-004,-4.02010e-002
-2.012800000000e-004,-4.02010e-002
-2.012400000000e-004,-4.02010e-002
-2.012000000000e-004,-4.02010e-002
-2.011600000000e-004,-4.02010e-002
-2.011200000000e-004,-8.04020e-002
-2.010800000000e-004,-4.02010e-002
-2.010400000000e-004,-4.02010e-002
-2.010000000000e-004,-4.02010e-002
-2.009600000000e-004,-4.02010e-002
-2.009200000000e-004,-4.02010e-002
-2.008800000000e-004,-4.02010e-002
-2.008400000000e-004,-4.02010e-002
-2.008000000000e-004,-4.02010e-002
-2.007600000000e-004,-4.02010e-002
-2.007200000000e-004,-4.02010e-002
-2.006800000000e-004,-4.02010e-002
-2.006400000000e-004,-4.02010e-002
-2.006000000000e-004,-4.02010e-002
-2.005600000000e-004,-4.02010e-002
-2.005200000000e-004,-4.02010e-002
-2.004800000000e-004,-4.02010e-002
-2.004400000000e-004,-4.02010e-002
-2.004000000000e-004,-4.02010e-002
-2.003600000000e-004,-4.02010e-002
-2.003200000000e-004,-4.02010e-002
-2.002800000000e-004,-8.04020e-002
-2.002400000000e-004,-4.02010e-002
-2.002000000000e-004,-4.02010e-002
-2.001600000000e-004,-4.02010e-002
-2.001200000000e-004,-4.02010e-002
-2.000800000000e-004,-4.02010e-002
-2.000400000000e-004,-4.02010e-002
-2.000000000000e-004,-4.02010e-002
-1.999600000000e-004,-4.02010e-002
-1.999200000000e-004,-4.02010e-002
-1.998800000000e-004,-4.02010e-002
-1.998400000000e-004,-4.02010e-002
-1.998000000000e-004,-4.02010e-002
-1.997600000000e-004,-4.02010e-002
-1.997200000000e-004,-4.02010e-002
-1.996800000000e-004, 0.00000e+000
-1.996400000000e-004,-4.02010e-002
-1.996000000000e-004,-4.02010e-002
-1.995600000000e-004,-4.02010e-002
-1.995200000000e-004,-4.02010e-002
-1.994800000000e-004,-4.02010e-002
-1.994400000000e-004,-4.02010e-002
-1.994000000000e-004,-4.02010e-002
-1.993600000000e-004,-4.02010e-002
-1.993200000000e-004,-4.02010e-002
-1.992800000000e-004,-4.02010e-002
-1.992400000000e-004,-4.02010e-002
-1.992000000000e-004,-4.02010e-002
-1.991600000000e-004,-4.02010e-002
-1.991200000000e-004,-4.02010e-002
-1.990800000000e-004,-4.02010e-002
-1.990400000000e-004,-4.02010e-002
-1.990000000000e-004,-4.02010e-002
-1.989600000000e-004,-4.02010e-002
-1.989200000000e-004,-4.02010e-002
-1.988800000000e-004,-4.02010e-002
-1.988400000000e-004,-4.02010e-002
-1.988000000000e-004,-4.02010e-002
-1.987600000000e-004,-4.02010e-002
-1.987200000000e-004,-4.02010e-002
-1.986800000000e-004,-4.02010e-002
-1.986400000000e-004,-4.02010e-002
-1.986000000000e-004,-4.02010e-002
-1.985600000000e-004,-4.02010e-002
-1.985200000000e-004,-4.02010e-002
-1.984800000000e-004,-4.02010e-002
-1.984400000000e-004,-4.02010e-002
-1.984000000000e-004,-4.02010e-002
-1.983600000000e-004,-4.02010e-002
-1.983200000000e-004,-8.04020e-002
-1.982800000000e-004,-4.02010e-002
-1.982400000000e-004,-4.02010e-002
-1.982000000000e-004,-4.02010e-002
-1.981600000000e-004,-4.02010e-002
-1.981200000000e-004,-4.02010e-002
-1.980800000000e-004,-4.02010e-002
-1.980400000000e-004,-4.02010e-002
-1.980000000000e-004,-4.02010e-002
-1.979600000000e-004,-4.02010e-002
-1.979200000000e-004,-4.02010e-002
-1.978800000000e-004,-4.02010e-002
-1.978400000000e-004,-4.02010e-002
-1.978000000000e-004,-4.02010e-002
-1.977600000000e-004,-4.02010e-002
-1.977200000000e-004,-4.02010e-002
-1.976800000000e-004,-4.02010e-002
-1.976400000000e-004,-4.02010e-002
-1.976000000000e-004,-4.02010e-002
-1.975600000000e-004,-4.02010e-002
-1.975200000000e-004,-4.02010e-002
-1.974800000000e-004,-4.02010e-002
-1.974400000000e-004,-4.02010e-002
-1.974000000000e-004,-4.02010e-002
-1.973600000000e-004,-4.02010e-002
-1.973200000000e-004,-4.02010e-002
-1.972800000000e-004,-4.02010e-002
-1.972400000000e-004,-4.02010e-002
-1.972000000000e-004,-4.02010e-002
-1.971600000000e-004,-4.02010e-002
-1.971200000000e-004,-4.02010e-002
-1.970800000000e-004,-4.02010e-002
-1.970400000000e-004,-4.02010e-002
-1.970000000000e-004,-4.02010e-002
-1.969600000000e-004,-4.02010e-002
-1.969200000000e-004,-4.02010e-002
-1.968800000000e-004,-4.02010e-002
-1.968400000000e-004,-4.02010e-002
-1.968000000000e-004,-4.02010e-002
-1.967600000000e-004,-4.02010e-002
-1.967200000000e-004,-4.02010e-002
-1.966800000000e-004,-4.02010e-002
-1.966400000000e-004,-4.02010e-002
-1.966000000000e-004,-4.02010e-002
-1.965600000000e-004,-4.02010e-002
-1.965200000000e-004,-4.02010e-002
-1.964800000000e-004,-4.02010e-002
-1.964400000000e-004,-4.02010e-002
-1.964000000000e-004,-4.02010e-002
-1.963600000000e-004,-4.02010e-002
-1.963200000000e-004,-4.02010e-002
-1.962800000000e-004,-4.02010e-002
-1.962400000000e-004,-4.02010e-002
-1.962000000000e-004,-4.02010e-002
-1.961600000000e-004,-4.02010e-002
-1.961200000000e-004,-4.02010e-002
-1.960800000000e-004,-4.02010e-002
-1.960400000000e-004,-4.02010e-002
-1.960000000000e-004,-4.02010e-002
-1.959600000000e-004,-4.02010e-002
-1.959200000000e-004,-4.02010e-002
-1.958800000000e-004,-4.02010e-002
-1.958400000000e-004,-4.02010e-002
-1.958000000000e-004,-4.02010e-002
-1.957600000000e-004,-4.02010e-002
-1.957200000000e-004,-4.02010e-002
-1.956800000000e-004,-4.02010e-002
-1.956400000000e-004,-4.02010e-002
-1.956000000000e-004,-4.02010e-002
-1.955600000000e-004,-4.02010e-002
-1.955200000000e-004,-4.02010e-002
-1.954800000000e-004,-4.02010e-002
-1.954400000000e-004,-4.02010e-002
-1.954000000000e-004,-8.04020e-002
-1.953600000000e-004,-4.02010e-002
-1.953200000000e-004,-4.02010e-002
-1.952800000000e-004,-4.02010e-002
-1.952400000000e-004,-4.02010e-002
-1.952000000000e-004,-4.02010e-002
-1.951600000000e-004,-8.04020e-002
-1.951200000000e-004,-4.02010e-002
-1.950800000000e-004,-4.02010e-002
-1.950400000000e-004,-4.02010e-002
-1.950000000000e-004,-4.02010e-002
-1.949600000000e-004,-4.02010e-002
-1.949200000000e-004,-4.02010e-002
-1.948800000000e-004,-4.02010e-002
-1.948400000000e-004,-4.02010e-002
-1.948000000000e-004,-4.02010e-002
-1.947600000000e-004,-4.02010e-002
-1.947200000000e-004,-4.02010e-002
-1.946800000000e-004,-4.02010e-002
-1.946400000000e-004,-4.02010e-002
-1.946000000000e-004,-4.02010e-002
-1.945600000000e-004,-4.02010e-002
-1.945200000000e-004,-4.02010e-002
-1.944800000000e-004,-4.02010e-002
-1.944400000000e-004,-4.02010e-002
-1.944000000000e-004,-4.02010e-002
-1.943600000000e-004,-4.02010e-002
-1.943200000000e-004,-4.02010e-002
-1.942800000000e-004,-4.02010e-002
-1.942400000000e-004,-4.02010e-002
-1.942000000000e-004,-4.02010e-002
-1.941600000000e-004,-4.02010e-002
-1.941200000000e-004,-4.02010e-002
-1.940800000000e-004,-4.02010e-002
-1.940400000000e-004,-4.02010e-002
-1.940000000000e-004,-4.02010e-002
-1.939600000000e-004, 0.00000e+000
-1.939200000000e-004,-4.02010e-002
-1.938800000000e-004,-4.02010e-002
-1.938400000000e-004,-4.02010e-002
-1.938000000000e-004,-4.02010e-002
-1.937600000000e-004,-4.02010e-002
-1.937200000000e-004,-4.02010e-002
-1.936800000000e-004,-4.02010e-002
-1.936400000000e-004,-4.02010e-002
-1.936000000000e-004,-4.02010e-002
-1.935600000000e-004,-4.02010e-002
-1.935200000000e-004,-4.02010e-002
-1.934800000000e-004,-4.02010e-002
-1.934400000000e-004,-4.02010e-002
-1.934000000000e-004, 0.00000e+000
-1.933600000000e-004,-4.02010e-002
-1.933200000000e-004,-4.02010e-002
-1.932800000000e-004,-4.02010e-002
-1.932400000000e-004,-4.02010e-002
-1.932000000000e-004,-4.02010e-002
-1.931600000000e-004,-4.02010e-002
-1.931200000000e-004,-4.02010e-002
-1.930800000000e-004,-4.02010e-002
-1.930400000000e-004,-4.02010e-002
-1.930000000000e-004,-4.02010e-002
-1.929600000000e-004,-4.02010e-002
-1.929200000000e-004,-4.02010e-002
-1.928800000000e-004,-4.02010e-002
-1.928400000000e-004,-4.02010e-002
-1.928000000000e-004,-4.02010e-002
-1.927600000000e-004,-4.02010e-002
-1.927200000000e-004,-4.02010e-002
-1.926800000000e-004,-4.02010e-002
-1.926400000000e-004,-4.02010e-002
-1.926000000000e-004,-4.02010e-002
-1.925600000000e-004,-4.02010e-002
-1.925200000000e-004,-4.02010e-002
-1.924800000000e-004,-4.02010e-002
-1.924400000000e-004,-4.02010e-002
-1.924000000000e-004,-4.02010e-002
-1.923600000000e-004,-4.02010e-002
-1.923200000000e-004,-4.02010e-002
-1.922800000000e-004,-4.02010e-002
-1.922400000000e-004,-4.02010e-002
-1.922000000000e-004,-4.02010e-002
-1.921600000000e-004,-4.02010e-002
-1.921200000000e-004,-4.02010e-002
-1.920800000000e-004,-4.02010e-002
-1.920400000000e-004,-4.02010e-002
-1.920000000000e-004,-4.02010e-002
-1.919600000000e-004,-4.02010e-002
-1.919200000000e-004,-4.02010e-002
-1.918800000000e-004,-4.02010e-002
-1.918400000000e-004,-4.02010e-002
-1.918000000000e-004,-4.02010e-002
-1.917600000000e-004,-4.02010e-002
-1.917200000000e-004,-4.02010e-002
-1.916800000000e-004,-4.02010e-002
-1.916400000000e-004,-4.02010e-002
-1.916000000000e-004,-4.02010e-002
-1.915600000000e-004,-4.02010e-002
-1.915200000000e-004,-4.02010e-002
-1.914800000000e-004,-4.02010e-002
-1.914400000000e-004,-4.02010e-002
-1.914000000000e-004,-4.02010e-002
-1.913600000000e-004,-4.02010e-002
-1.913200000000e-004,-4.02010e-002
-1.912800000000e-004,-4.02010e-002
-1.912400000000e-004,-4.02010e-002
-1.912000000000e-004,-4.02010e-002
-1.911600000000e-004,-4.02010e-002
-1.911200000000e-004,-4.02010e-002
-1.910800000000e-004,-4.02010e-002
-1.910400000000e-004,-4.02010e-002
-1.910000000000e-004,-4.02010e-002
-1.909600000000e-004,-4.02010e-002
-1.909200000000e-004,-4.02010e-002
-1.908800000000e-004,-4.02010e-002
-1.908400000000e-004,-4.02010e-002
-1.908000000000e-004,-4.02010e-002
-1.907600000000e-004,-4.02010e-002
-1.907200000000e-004,-4.02010e-002
-1.906800000000e-004,-4.02010e-002
-1.906400000000e-004,-4.02010e-002
-1.906000000000e-004,-4.02010e-002
-1.905600000000e-004,-4.02010e-002
-1.905200000000e-004,-4.02010e-002
-1.904800000000e-004,-4.02010e-002
-1.904400000000e-004,-4.02010e-002
-1.904000000000e-004,-4.02010e-002
-1.903600000000e-004,-4.02010e-002
-1.903200000000e-004,-4.02010e-002
-1.902800000000e-004,-4.02010e-002
-1.902400000000e-004,-4.02010e-002
-1.902000000000e-004,-4.02010e-002
-1.901600000000e-004,-4.02010e-002
-1.901200000000e-004,-4.02010e-002
-1.900800000000e-004,-4.02010e-002
-1.900400000000e-004,-4.02010e-002
-1.900000000000e-004,-4.02010e-002
-1.899600000000e-004,-4.02010e-002
-1.899200000000e-004,-4.02010e-002
-1.898800000000e-004,-4.02010e-002
-1.898400000000e-004,-4.02010e-002
-1.898000000000e-004,-4.02010e-002
-1.897600000000e-004,-4.02010e-002
-1.897200000000e-004,-4.02010e-002
-1.896800000000e-004,-4.02010e-002
-1.896400000000e-004,-4.02010e-002
-1.896000000000e-004,-8.04020e-002
-1.895600000000e-004,-4.02010e-002
-1.895200000000e-004,-4.02010e-002
-1.894800000000e-004,-4.02010e-002
-1.894400000000e-004,-4.02010e-002
-1.894000000000e-004,-4.02010e-002
-1.893600000000e-004,-4.02010e-002
-1.893200000000e-004,-4.02010e-002
-1.892800000000e-004,-4.02010e-002
-1.892400000000e-004,-8.04020e-002
-1.892000000000e-004,-4.02010e-002
-1.891600000000e-004,-4.02010e-002
-1.891200000000e-004,-4.02010e-002
-1.890800000000e-004,-4.02010e-002
-1.890400000000e-004,-4.02010e-002
-1.890000000000e-004,-4.02010e-002
-1.889600000000e-004,-4.02010e-002
-1.889200000000e-004,-4.02010e-002
-1.888800000000e-004,-4.02010e-002
-1.888400000000e-004,-4.02010e-002
-1.888000000000e-004,-4.02010e-002
-1.887600000000e-004,-4.02010e-002
-1.887200000000e-004,-4.02010e-002
-1.886800000000e-004,-4.02010e-002
-1.886400000000e-004,-4.02010e-002
-1.886000000000e-004,-4.02010e-002
-1.885600000000e-004,-4.02010e-002
-1.885200000000e-004,-4.02010e-002
-1.884800000000e-004,-4.02010e-002
-1.884400000000e-004,-4.02010e-002
-1.884000000000e-004,-4.02010e-002
-1.883600000000e-004,-4.02010e-002
-1.883200000000e-004,-4.02010e-002
-1.882800000000e-004,-4.02010e-002
-1.882400000000e-004,-4.02010e-002
-1.882000000000e-004, 0.00000e+000
-1.881600000000e-004,-4.02010e-002
-1.881200000000e-004,-4.02010e-002
-1.880800000000e-004,-4.02010e-002
-1.880400000000e-004,-4.02010e-002
-1.880000000000e-004,-4.02010e-002
-1.879600000000e-004,-4.02010e-002
-1.879200000000e-004,-4.02010e-002
-1.878800000000e-004,-4.02010e-002
-1.878400000000e-004,-4.02010e-002
-1.878000000000e-004,-4.02010e-002
-1.877600000000e-004,-4.02010e-002
-1.877200000000e-004,-4.02010e-002
-1.876800000000e-004,-4.02010e-002
-1.876400000000e-004,-4.02010e-002
-1.876000000000e-004,-4.02010e-002
-1.875600000000e-004,-8.04020e-002
-1.875200000000e-004,-4.02010e-002
-1.874800000000e-004,-4.02010e-002
-1.874400000000e-004,-4.02010e-002
-1.874000000000e-004,-4.02010e-002
-1.873600000000e-004,-4.02010e-002
-1.873200000000e-004,-4.02010e-002
-1.872800000000e-004,-8.04020e-002
-1.872400000000e-004,-4.02010e-002
-1.872000000000e-004,-4.02010e-002
-1.871600000000e-004,-4.02010e-002
-1.871200000000e-004,-4.02010e-002
-1.870800000000e-004,-4.02010e-002
-1.870400000000e-004,-4.02010e-002
-1.870000000000e-004,-4.02010e-002
-1.869600000000e-004,-4.02010e-002
-1.869200000000e-004,-4.02010e-002
-1.868800000000e-004,-4.02010e-002
-1.868400000000e-004,-4.02010e-002
-1.868000000000e-004,-8.04020e-002
-1.867600000000e-004,-4.02010e-002
-1.867200000000e-004,-4.02010e-002
-1.866800000000e-004,-4.02010e-002
-1.866400000000e-004,-8.04020e-002
-1.866000000000e-004,-4.02010e-002
-1.865600000000e-004,-4.02010e-002
-1.865200000000e-004,-4.02010e-002
-1.864800000000e-004,-4.02010e-002
-1.864400000000e-004,-4.02010e-002
-1.864000000000e-004,-4.02010e-002
-1.863600000000e-004, 0.00000e+000
-1.863200000000e-004,-4.02010e-002
-1.862800000000e-004,-4.02010e-002
-1.862400000000e-004,-4.02010e-002
-1.862000000000e-004,-4.02010e-002
-1.861600000000e-004,-4.02010e-002
-1.861200000000e-004,-8.04020e-002
-1.860800000000e-004,-4.02010e-002
-1.860400000000e-004,-4.02010e-002
-1.860000000000e-004,-4.02010e-002
-1.859600000000e-004,-4.02010e-002
-1.859200000000e-004,-4.02010e-002
-1.858800000000e-004,-4.02010e-002
-1.858400000000e-004,-4.02010e-002
-1.858000000000e-004,-4.02010e-002
-1.857600000000e-004,-4.02010e-002
-1.857200000000e-004,-4.02010e-002
-1.856800000000e-004,-4.02010e-002
-1.856400000000e-004,-4.02010e-002
-1.856000000000e-004,-4.02010e-002
-1.855600000000e-004,-4.02010e-002
-1.855200000000e-004, 0.00000e+000
-1.854800000000e-004,-4.02010e-002
-1.854400000000e-004,-4.02010e-002
-1.854000000000e-004,-4.02010e-002
-1.853600000000e-004,-4.02010e-002
-1.853200000000e-004,-4.02010e-002
-1.852800000000e-004,-4.02010e-002
-1.852400000000e-004,-4.02010e-002
-1.852000000000e-004,-8.04020e-002
-1.851600000000e-004,-4.02010e-002
-1.851200000000e-004,-4.02010e-002
-1.850800000000e-004,-4.02010e-002
-1.850400000000e-004,-4.02010e-002
-1.850000000000e-004,-4.02010e-002
-1.849600000000e-004,-4.02010e-002
-1.849200000000e-004,-4.02010e-002
-1.848800000000e-004,-4.02010e-002
-1.848400000000e-004,-4.02010e-002
-1.848000000000e-004,-4.02010e-002
-1.847600000000e-004,-4.02010e-002
-1.847200000000e-004,-8.04020e-002
-1.846800000000e-004,-4.02010e-002
-1.846400000000e-004,-4.02010e-002
-1.846000000000e-004,-4.02010e-002
-1.845600000000e-004,-4.02010e-002
-1.845200000000e-004,-4.02010e-002
-1.844800000000e-004,-4.02010e-002
-1.844400000000e-004,-4.02010e-002
-1.844000000000e-004,-4.02010e-002
-1.843600000000e-004,-8.04020e-002
-1.843200000000e-004,-4.02010e-002
-1.842800000000e-004,-4.02010e-002
-1.842400000000e-004,-4.02010e-002
-1.842000000000e-004,-4.02010e-002
-1.841600000000e-004,-4.02010e-002
-1.841200000000e-004,-4.02010e-002
-1.840800000000e-004,-4.02010e-002
-1.840400000000e-004,-4.02010e-002
-1.840000000000e-004, 0.00000e+000
-1.839600000000e-004,-4.02010e-002
-1.839200000000e-004,-4.02010e-002
-1.838800000000e-004,-4.02010e-002
-1.838400000000e-004,-4.02010e-002
-1.838000000000e-004,-4.02010e-002
-1.837600000000e-004,-4.02010e-002
-1.837200000000e-004,-4.02010e-002
-1.836800000000e-004,-4.02010e-002
-1.836400000000e-004,-4.02010e-002
-1.836000000000e-004,-4.02010e-002
-1.835600000000e-004,-4.02010e-002
-1.835200000000e-004,-4.02010e-002
-1.834800000000e-004,-4.02010e-002
-1.834400000000e-004,-4.02010e-002
-1.834000000000e-004,-4.02010e-002
-1.833600000000e-004,-4.02010e-002
-1.833200000000e-004,-4.02010e-002
-1.832800000000e-004,-4.02010e-002
-1.832400000000e-004,-4.02010e-002
-1.832000000000e-004,-4.02010e-002
-1.831600000000e-004,-4.02010e-002
-1.831200000000e-004,-4.02010e-002
-1.830800000000e-004,-4.02010e-002
-1.830400000000e-004,-8.04020e-002
-1.830000000000e-004,-4.02010e-002
-1.829600000000e-004,-4.02010e-002
-1.829200000000e-004,-4.02010e-002
-1.828800000000e-004,-4.02010e-002
-1.828400000000e-004,-4.02010e-002
-1.828000000000e-004,-4.02010e-002
-1.827600000000e-004,-4.02010e-002
-1.827200000000e-004,-4.02010e-002
-1.826800000000e-004,-4.02010e-002
-1.826400000000e-004,-4.02010e-002
-1.826000000000e-004,-4.02010e-002
-1.825600000000e-004,-4.02010e-002
-1.825200000000e-004,-4.02010e-002
-1.824800000000e-004,-4.02010e-002
-1.824400000000e-004,-4.02010e-002
-1.824000000000e-004,-4.02010e-002
-1.823600000000e-004,-4.02010e-002
-1.823200000000e-004,-4.02010e-002
-1.822800000000e-004,-4.02010e-002
-1.822400000000e-004,-4.02010e-002
-1.822000000000e-004,-4.02010e-002
-1.821600000000e-004,-4.02010e-002
-1.821200000000e-004, 0.00000e+000
-1.820800000000e-004,-4.02010e-002
-1.820400000000e-004,-4.02010e-002
-1.820000000000e-004,-4.02010e-002
-1.819600000000e-004,-4.02010e-002
-1.819200000000e-004,-4.02010e-002
-1.818800000000e-004,-4.02010e-002
-1.818400000000e-004,-4.02010e-002
-1.818000000000e-004,-4.02010e-002
-1.817600000000e-004,-4.02010e-002
-1.817200000000e-004,-4.02010e-002
-1.816800000000e-004,-4.02010e-002
-1.816400000000e-004,-8.04020e-002
-1.816000000000e-004,-4.02010e-002
-1.815600000000e-004,-4.02010e-002
-1.815200000000e-004,-4.02010e-002
-1.814800000000e-004,-4.02010e-002
-1.814400000000e-004,-4.02010e-002
-1.814000000000e-004,-4.02010e-002
-1.813600000000e-004,-4.02010e-002
-1.813200000000e-004,-4.02010e-002
-1.812800000000e-004,-4.02010e-002
-1.812400000000e-004,-4.02010e-002
-1.812000000000e-004,-4.02010e-002
-1.811600000000e-004,-4.02010e-002
-1.811200000000e-004,-4.02010e-002
-1.810800000000e-004,-4.02010e-002
-1.810400000000e-004,-4.02010e-002
-1.810000000000e-004,-4.02010e-002
-1.809600000000e-004,-4.02010e-002
-1.809200000000e-004,-4.02010e-002
-1.808800000000e-004,-4.02010e-002
-1.808400000000e-004,-4.02010e-002
-1.808000000000e-004,-4.02010e-002
-1.807600000000e-004,-4.02010e-002
-1.807200000000e-004,-4.02010e-002
-1.806800000000e-004,-4.02010e-002
-1.806400000000e-004,-4.02010e-002
-1.806000000000e-004,-4.02010e-002
-1.805600000000e-004,-4.02010e-002
-1.805200000000e-004,-4.02010e-002
-1.804800000000e-004,-4.02010e-002
-1.804400000000e-004,-4.02010e-002
-1.804000000000e-004,-4.02010e-002
-1.803600000000e-004,-4.02010e-002
-1.803200000000e-004,-4.02010e-002
-1.802800000000e-004,-4.02010e-002
-1.802400000000e-004,-4.02010e-002
-1.802000000000e-004,-4.02010e-002
-1.801600000000e-004,-4.02010e-002
-1.801200000000e-004,-4.02010e-002
-1.800800000000e-004,-4.02010e-002
-1.800400000000e-004,-4.02010e-002
-1.800000000000e-004,-4.02010e-002
-1.799600000000e-004,-4.02010e-002
-1.799200000000e-004,-4.02010e-002
-1.798800000000e-004,-4.02010e-002
-1.798400000000e-004, 0.00000e+000
-1.798000000000e-004,-4.02010e-002
-1.797600000000e-004,-4.02010e-002
-1.797200000000e-004,-4.02010e-002
-1.796800000000e-004,-4.02010e-002
-1.796400000000e-004,-4.02010e-002
-1.796000000000e-004,-4.02010e-002
-1.795600000000e-004,-4.02010e-002
-1.795200000000e-004,-4.02010e-002
-1.794800000000e-004,-4.02010e-002
-1.794400000000e-004,-4.02010e-002
-1.794000000000e-004,-4.02010e-002
-1.793600000000e-004,-4.02010e-002
-1.793200000000e-004,-4.02010e-002
-1.792800000000e-004,-4.02010e-002
-1.792400000000e-004,-4.02010e-002
-1.792000000000e-004,-4.02010e-002
-1.791600000000e-004,-4.02010e-002
-1.791200000000e-004,-4.02010e-002
-1.790800000000e-004,-4.02010e-002
-1.790400000000e-004,-4.02010e-002
-1.790000000000e-004,-4.02010e-002
-1.789600000000e-004,-4.02010e-002
-1.789200000000e-004,-4.02010e-002
-1.788800000000e-004,-4.02010e-002
-1.788400000000e-004,-4.02010e-002
-1.788000000000e-004,-4.02010e-002
-1.787600000000e-004,-4.02010e-002
-1.787200000000e-004,-4.02010e-002
-1.786800000000e-004,-4.02010e-002
-1.786400000000e-004,-4.02010e-002
-1.786000000000e-004,-4.02010e-002
-1.785600000000e-004,-4.02010e-002
-1.785200000000e-004,-8.04020e-002
-1.784800000000e-004,-4.02010e-002
-1.784400000000e-004,-8.04020e-002
-1.784000000000e-004,-4.02010e-002
-1.783600000000e-004,-4.02010e-002
-1.783200000000e-004,-4.02010e-002
-1.782800000000e-004,-4.02010e-002
-1.782400000000e-004,-4.02010e-002
-1.782000000000e-004,-4.02010e-002
-1.781600000000e-004,-4.02010e-002
-1.781200000000e-004,-4.02010e-002
-1.780800000000e-004, 0.00000e+000
-1.780400000000e-004,-4.02010e-002
-1.780000000000e-004,-4.02010e-002
-1.779600000000e-004,-4.02010e-002
-1.779200000000e-004,-4.02010e-002
-1.778800000000e-004,-4.02010e-002
-1.778400000000e-004,-4.02010e-002
-1.778000000000e-004,-4.02010e-002
-1.777600000000e-004,-4.02010e-002
-1.777200000000e-004,-4.02010e-002
-1.776800000000e-004,-4.02010e-002
-1.776400000000e-004,-4.02010e-002
-1.776000000000e-004,-8.04020e-002
-1.775600000000e-004,-4.02010e-002
-1.775200000000e-004,-4.02010e-002
-1.774800000000e-004,-4.02010e-002
-1.774400000000e-004,-4.02010e-002
-1.774000000000e-004,-4.02010e-002
-1.773600000000e-004,-4.02010e-002
-1.773200000000e-004,-4.02010e-002
-1.772800000000e-004,-4.02010e-002
-1.772400000000e-004, 0.00000e+000
-1.772000000000e-004,-4.02010e-002
-1.771600000000e-004,-4.02010e-002
-1.771200000000e-004,-4.02010e-002
-1.770800000000e-004,-4.02010e-002
-1.770400000000e-004,-4.02010e-002
-1.770000000000e-004,-4.02010e-002
-1.769600000000e-004,-4.02010e-002
-1.769200000000e-004,-4.02010e-002
-1.768800000000e-004,-4.02010e-002
-1.768400000000e-004,-4.02010e-002
-1.768000000000e-004,-4.02010e-002
-1.767600000000e-004,-4.02010e-002
-1.767200000000e-004,-4.02010e-002
-1.766800000000e-004,-4.02010e-002
-1.766400000000e-004,-4.02010e-002
-1.766000000000e-004,-4.02010e-002
-1.765600000000e-004,-4.02010e-002
-1.765200000000e-004,-4.02010e-002
-1.764800000000e-004,-4.02010e-002
-1.764400000000e-004,-4.02010e-002
-1.764000000000e-004,-4.02010e-002
-1.763600000000e-004,-4.02010e-002
-1.763200000000e-004,-4.02010e-002
-1.762800000000e-004,-4.02010e-002
-1.762400000000e-004,-4.02010e-002
-1.762000000000e-004,-4.02010e-002
-1.761600000000e-004,-4.02010e-002
-1.761200000000e-004,-4.02010e-002
-1.760800000000e-004,-4.02010e-002
-1.760400000000e-004,-4.02010e-002
-1.760000000000e-004,-4.02010e-002
-1.759600000000e-004,-4.02010e-002
-1.759200000000e-004,-4.02010e-002
-1.758800000000e-004,-4.02010e-002
-1.758400000000e-004, 0.00000e+000
-1.758000000000e-004,-4.02010e-002
-1.757600000000e-004,-4.02010e-002
-1.757200000000e-004,-4.02010e-002
-1.756800000000e-004,-4.02010e-002
-1.756400000000e-004,-4.02010e-002
-1.756000000000e-004,-4.02010e-002
-1.755600000000e-004,-4.02010e-002
-1.755200000000e-004,-4.02010e-002
-1.754800000000e-004,-4.02010e-002
-1.754400000000e-004,-4.02010e-002
-1.754000000000e-004,-4.02010e-002
-1.753600000000e-004,-4.02010e-002
-1.753200000000e-004,-4.02010e-002
-1.752800000000e-004,-8.04020e-002
-1.752400000000e-004,-8.04020e-002
-1.752000000000e-004,-4.02010e-002
-1.751600000000e-004,-4.02010e-002
-1.751200000000e-004,-4.02010e-002
-1.750800000000e-004,-4.02010e-002
-1.750400000000e-004,-4.02010e-002
-1.750000000000e-004,-4.02010e-002
-1.749600000000e-004,-4.02010e-002
-1.749200000000e-004,-4.02010e-002
-1.748800000000e-004,-4.02010e-002
-1.748400000000e-004,-4.02010e-002
-1.748000000000e-004,-4.02010e-002
-1.747600000000e-004,-4.02010e-002
-1.747200000000e-004,-4.02010e-002
-1.746800000000e-004,-4.02010e-002
-1.746400000000e-004,-4.02010e-002
-1.746000000000e-004,-4.02010e-002
-1.745600000000e-004,-4.02010e-002
-1.745200000000e-004,-4.02010e-002
-1.744800000000e-004,-4.02010e-002
-1.744400000000e-004,-4.02010e-002
-1.744000000000e-004,-4.02010e-002
-1.743600000000e-004,-4.02010e-002
-1.743200000000e-004,-4.02010e-002
-1.742800000000e-004,-4.02010e-002
-1.742400000000e-004,-4.02010e-002
-1.742000000000e-004,-4.02010e-002
-1.741600000000e-004,-4.02010e-002
-1.741200000000e-004,-4.02010e-002
-1.740800000000e-004,-4.02010e-002
-1.740400000000e-004,-4.02010e-002
-1.740000000000e-004,-4.02010e-002
-1.739600000000e-004, 0.00000e+000
-1.739200000000e-004,-4.02010e-002
-1.738800000000e-004,-4.02010e-002
-1.738400000000e-004,-4.02010e-002
-1.738000000000e-004,-8.04020e-002
-1.737600000000e-004,-4.02010e-002
-1.737200000000e-004,-4.02010e-002
-1.736800000000e-004,-4.02010e-002
-1.736400000000e-004,-8.04020e-002
-1.736000000000e-004,-8.04020e-002
-1.735600000000e-004,-4.02010e-002
-1.735200000000e-004,-4.02010e-002
-1.734800000000e-004,-4.02010e-002
-1.734400000000e-004,-4.02010e-002
-1.734000000000e-004,-4.02010e-002
-1.733600000000e-004,-4.02010e-002
-1.733200000000e-004,-4.02010e-002
-1.732800000000e-004,-4.02010e-002
-1.732400000000e-004,-4.02010e-002
-1.732000000000e-004,-4.02010e-002
-1.731600000000e-004,-4.02010e-002
-1.731200000000e-004,-4.02010e-002
-1.730800000000e-004, 0.00000e+000
-1.730400000000e-004,-4.02010e-002
-1.730000000000e-004,-4.02010e-002
-1.729600000000e-004,-4.02010e-002
-1.729200000000e-004,-4.02010e-002
-1.728800000000e-004,-4.02010e-002
-1.728400000000e-004,-4.02010e-002
-1.728000000000e-004,-4.02010e-002
-1.727600000000e-004,-4.02010e-002
-1.727200000000e-004,-4.02010e-002
-1.726800000000e-004,-4.02010e-002
-1.726400000000e-004,-4.02010e-002
-1.726000000000e-004,-4.02010e-002
-1.725600000000e-004,-4.02010e-002
-1.725200000000e-004,-4.02010e-002
-1.724800000000e-004,-4.02010e-002
-1.724400000000e-004,-4.02010e-002
-1.724000000000e-004,-4.02010e-002
-1.723600000000e-004,-8.04020e-002
-1.723200000000e-004,-4.02010e-002
-1.722800000000e-004, 0.00000e+000
-1.722400000000e-004,-4.02010e-002
-1.722000000000e-004,-4.02010e-002
-1.721600000000e-004,-4.02010e-002
-1.721200000000e-004,-4.02010e-002
-1.720800000000e-004,-4.02010e-002
-1.720400000000e-004,-4.02010e-002
-1.720000000000e-004,-4.02010e-002
-1.719600000000e-004,-4.02010e-002
-1.719200000000e-004, 0.00000e+000
-1.718800000000e-004,-4.02010e-002
-1.718400000000e-004,-4.02010e-002
-1.718000000000e-004,-4.02010e-002
-1.717600000000e-004,-4.02010e-002
-1.717200000000e-004,-4.02010e-002
-1.716800000000e-004,-4.02010e-002
-1.716400000000e-004,-4.02010e-002
-1.716000000000e-004,-4.02010e-002
-1.715600000000e-004,-4.02010e-002
-1.715200000000e-004,-4.02010e-002
-1.714800000000e-004,-4.02010e-002
-1.714400000000e-004,-4.02010e-002
-1.714000000000e-004,-4.02010e-002
-1.713600000000e-004,-4.02010e-002
-1.713200000000e-004,-4.02010e-002
-1.712800000000e-004,-4.02010e-002
-1.712400000000e-004,-4.02010e-002
-1.712000000000e-004,-4.02010e-002
-1.711600000000e-004,-4.02010e-002
-1.711200000000e-004,-4.02010e-002
-1.710800000000e-004,-4.02010e-002
-1.710400000000e-004,-4.02010e-002
-1.710000000000e-004,-4.02010e-002
-1.709600000000e-004,-4.02010e-002
-1.709200000000e-004,-4.02010e-002
-1.708800000000e-004,-4.02010e-002
-1.708400000000e-004,-4.02010e-002
-1.708000000000e-004, 0.00000e+000
-1.707600000000e-004,-4.02010e-002
-1.707200000000e-004,-4.02010e-002
-1.706800000000e-004,-4.02010e-002
-1.706400000000e-004,-4.02010e-002
-1.706000000000e-004,-4.02010e-002
-1.705600000000e-004,-4.02010e-002
-1.705200000000e-004,-4.02010e-002
-1.704800000000e-004,-4.02010e-002
-1.704400000000e-004,-4.02010e-002
-1.704000000000e-004, 0.00000e+000
-1.703600000000e-004,-4.02010e-002
-1.703200000000e-004,-8.04020e-002
-1.702800000000e-004,-4.02010e-002
-1.702400000000e-004,-4.02010e-002
-1.702000000000e-004,-4.02010e-002
-1.701600000000e-004,-4.02010e-002
-1.701200000000e-004,-4.02010e-002
-1.700800000000e-004,-4.02010e-002
-1.700400000000e-004,-4.02010e-002
-1.700000000000e-004,-4.02010e-002
-1.699600000000e-004,-4.02010e-002
-1.699200000000e-004,-4.02010e-002
-1.698800000000e-004,-4.02010e-002
-1.698400000000e-004,-4.02010e-002
-1.698000000000e-004,-4.02010e-002
-1.697600000000e-004,-4.02010e-002
-1.697200000000e-004,-4.02010e-002
-1.696800000000e-004,-4.02010e-002
-1.696400000000e-004,-4.02010e-002
-1.696000000000e-004,-4.02010e-002
-1.695600000000e-004,-4.02010e-002
-1.695200000000e-004,-4.02010e-002
-1.694800000000e-004,-4.02010e-002
-1.694400000000e-004,-4.02010e-002
-1.694000000000e-004,-4.02010e-002
-1.693600000000e-004,-4.02010e-002
-1.693200000000e-004,-4.02010e-002
-1.692800000000e-004,-4.02010e-002
-1.692400000000e-004,-4.02010e-002
-1.692000000000e-004,-4.02010e-002
-1.691600000000e-004,-4.02010e-002
-1.691200000000e-004,-4.02010e-002
-1.690800000000e-004,-4.02010e-002
-1.690400000000e-004,-4.02010e-002
-1.690000000000e-004,-4.02010e-002
-1.689600000000e-004,-4.02010e-002
-1.689200000000e-004,-4.02010e-002
-1.688800000000e-004,-4.02010e-002
-1.688400000000e-004,-4.02010e-002
-1.688000000000e-004,-4.02010e-002
-1.687600000000e-004,-4.02010e-002
-1.687200000000e-004,-4.02010e-002
-1.686800000000e-004,-4.02010e-002
-1.686400000000e-004,-4.02010e-002
-1.686000000000e-004,-4.02010e-002
-1.685600000000e-004,-4.02010e-002
-1.685200000000e-004,-4.02010e-002
-1.684800000000e-004,-4.02010e-002
-1.684400000000e-004,-4.02010e-002
-1.684000000000e-004,-4.02010e-002
-1.683600000000e-004,-4.02010e-002
-1.683200000000e-004,-4.02010e-002
-1.682800000000e-004,-4.02010e-002
-1.682400000000e-004,-4.02010e-002
-1.682000000000e-004, 0.00000e+000
-1.681600000000e-004,-4.02010e-002
-1.681200000000e-004,-4.02010e-002
-1.680800000000e-004,-4.02010e-002
-1.680400000000e-004,-4.02010e-002
-1.680000000000e-004,-4.02010e-002
-1.679600000000e-004,-4.02010e-002
-1.679200000000e-004, 0.00000e+000
-1.678800000000e-004,-4.02010e-002
-1.678400000000e-004,-4.02010e-002
-1.678000000000e-004,-4.02010e-002
-1.677600000000e-004,-4.02010e-002
-1.677200000000e-004,-4.02010e-002
-1.676800000000e-004,-4.02010e-002
-1.676400000000e-004, 0.00000e+000
-1.676000000000e-004,-4.02010e-002
-1.675600000000e-004,-4.02010e-002
-1.675200000000e-004,-4.02010e-002
-1.674800000000e-004,-4.02010e-002
-1.674400000000e-004,-4.02010e-002
-1.674000000000e-004,-4.02010e-002
-1.673600000000e-004,-4.02010e-002
-1.673200000000e-004,-4.02010e-002
-1.672800000000e-004,-4.02010e-002
-1.672400000000e-004,-8.04020e-002
-1.672000000000e-004,-4.02010e-002
-1.671600000000e-004,-4.02010e-002
-1.671200000000e-004,-4.02010e-002
-1.670800000000e-004,-4.02010e-002
-1.670400000000e-004,-8.04020e-002
-1.670000000000e-004,-4.02010e-002
-1.669600000000e-004,-4.02010e-002
-1.669200000000e-004,-4.02010e-002
-1.668800000000e-004,-4.02010e-002
-1.668400000000e-004,-4.02010e-002
-1.668000000000e-004,-4.02010e-002
-1.667600000000e-004,-4.02010e-002
-1.667200000000e-004,-4.02010e-002
-1.666800000000e-004,-4.02010e-002
-1.666400000000e-004,-4.02010e-002
-1.666000000000e-004,-4.02010e-002
-1.665600000000e-004,-4.02010e-002
-1.665200000000e-004,-4.02010e-002
-1.664800000000e-004,-4.02010e-002
-1.664400000000e-004,-8.04020e-002
-1.664000000000e-004,-4.02010e-002
-1.663600000000e-004,-4.02010e-002
-1.663200000000e-004,-4.02010e-002
-1.662800000000e-004,-4.02010e-002
-1.662400000000e-004,-4.02010e-002
-1.662000000000e-004,-4.02010e-002
-1.661600000000e-004,-4.02010e-002
-1.661200000000e-004,-4.02010e-002
-1.660800000000e-004,-4.02010e-002
-1.660400000000e-004,-4.02010e-002
-1.660000000000e-004,-4.02010e-002
-1.659600000000e-004,-4.02010e-002
-1.659200000000e-004,-4.02010e-002
-1.658800000000e-004,-4.02010e-002
-1.658400000000e-004,-4.02010e-002
-1.658000000000e-004,-4.02010e-002
-1.657600000000e-004,-4.02010e-002
-1.657200000000e-004,-4.02010e-002
-1.656800000000e-004,-4.02010e-002
-1.656400000000e-004,-4.02010e-002
-1.656000000000e-004,-4.02010e-002
-1.655600000000e-004,-4.02010e-002
-1.655200000000e-004,-4.02010e-002
-1.654800000000e-004,-4.02010e-002
-1.654400000000e-004,-4.02010e-002
-1.654000000000e-004,-4.02010e-002
-1.653600000000e-004,-4.02010e-002
-1.653200000000e-004,-4.02010e-002
-1.652800000000e-004,-4.02010e-002
-1.652400000000e-004,-4.02010e-002
-1.652000000000e-004,-4.02010e-002
-1.651600000000e-004,-4.02010e-002
-1.651200000000e-004,-4.02010e-002
-1.650800000000e-004,-4.02010e-002
-1.650400000000e-004,-4.02010e-002
-1.650000000000e-004,-4.02010e-002
-1.649600000000e-004,-4.02010e-002
-1.649200000000e-004,-4.02010e-002
-1.648800000000e-004,-4.02010e-002
-1.648400000000e-004,-4.02010e-002
-1.648000000000e-004,-4.02010e-002
-1.647600000000e-004,-4.02010e-002
-1.647200000000e-004,-4.02010e-002
-1.646800000000e-004,-4.02010e-002
-1.646400000000e-004,-4.02010e-002
-1.646000000000e-004,-4.02010e-002
-1.645600000000e-004,-4.02010e-002
-1.645200000000e-004,-4.02010e-002
-1.644800000000e-004,-4.02010e-002
-1.644400000000e-004,-4.02010e-002
-1.644000000000e-004,-4.02010e-002
-1.643600000000e-004,-4.02010e-002
-1.643200000000e-004,-4.02010e-002
-1.642800000000e-004,-4.02010e-002
-1.642400000000e-004,-4.02010e-002
-1.642000000000e-004,-4.02010e-002
-1.641600000000e-004,-4.02010e-002
-1.641200000000e-004,-4.02010e-002
-1.640800000000e-004,-8.04020e-002
-1.640400000000e-004,-4.02010e-002
-1.640000000000e-004,-4.02010e-002
-1.639600000000e-004,-4.02010e-002
-1.639200000000e-004,-8.04020e-002
-1.638800000000e-004,-4.02010e-002
-1.638400000000e-004,-4.02010e-002
-1.638000000000e-004,-4.02010e-002
-1.637600000000e-004,-4.02010e-002
-1.637200000000e-004,-4.02010e-002
-1.636800000000e-004,-4.02010e-002
-1.636400000000e-004,-4.02010e-002
-1.636000000000e-004,-4.02010e-002
-1.635600000000e-004,-4.02010e-002
-1.635200000000e-004, 0.00000e+000
-1.634800000000e-004,-4.02010e-002
-1.634400000000e-004,-4.02010e-002
-1.634000000000e-004,-4.02010e-002
-1.633600000000e-004,-4.02010e-002
-1.633200000000e-004,-4.02010e-002
-1.632800000000e-004,-4.02010e-002
-1.632400000000e-004, 0.00000e+000
-1.632000000000e-004,-4.02010e-002
-1.631600000000e-004,-4.02010e-002
-1.631200000000e-004,-4.02010e-002
-1.630800000000e-004,-4.02010e-002
-1.630400000000e-004, 0.00000e+000
-1.630000000000e-004,-4.02010e-002
-1.629600000000e-004,-4.02010e-002
-1.629200000000e-004,-4.02010e-002
-1.628800000000e-004,-4.02010e-002
-1.628400000000e-004,-4.02010e-002
-1.628000000000e-004,-4.02010e-002
-1.627600000000e-004,-4.02010e-002
-1.627200000000e-004,-4.02010e-002
-1.626800000000e-004,-4.02010e-002
-1.626400000000e-004,-4.02010e-002
-1.626000000000e-004,-4.02010e-002
-1.625600000000e-004,-4.02010e-002
-1.625200000000e-004,-4.02010e-002
-1.624800000000e-004,-4.02010e-002
-1.624400000000e-004,-4.02010e-002
-1.624000000000e-004,-4.02010e-002
-1.623600000000e-004,-4.02010e-002
-1.623200000000e-004,-4.02010e-002
-1.622800000000e-004,-4.02010e-002
-1.622400000000e-004,-4.02010e-002
-1.622000000000e-004,-4.02010e-002
-1.621600000000e-004,-8.04020e-002
-1.621200000000e-004,-4.02010e-002
-1.620800000000e-004,-4.02010e-002
-1.620400000000e-004,-4.02010e-002
-1.620000000000e-004,-4.02010e-002
-1.619600000000e-004,-4.02010e-002
-1.619200000000e-004,-4.02010e-002
-1.618800000000e-004,-4.02010e-002
-1.618400000000e-004,-4.02010e-002
-1.618000000000e-004,-4.02010e-002
-1.617600000000e-004,-4.02010e-002
-1.617200000000e-004,-4.02010e-002
-1.616800000000e-004,-4.02010e-002
-1.616400000000e-004,-4.02010e-002
-1.616000000000e-004,-4.02010e-002
-1.615600000000e-004,-4.02010e-002
-1.615200000000e-004,-4.02010e-002
-1.614800000000e-004,-4.02010e-002
-1.614400000000e-004,-4.02010e-002
-1.614000000000e-004,-4.02010e-002
-1.613600000000e-004,-4.02010e-002
-1.613200000000e-004,-8.04020e-002
-1.612800000000e-004,-4.02010e-002
-1.612400000000e-004,-4.02010e-002
-1.612000000000e-004,-8.04020e-002
-1.611600000000e-004,-4.02010e-002
-1.611200000000e-004,-4.02010e-002
-1.610800000000e-004,-4.02010e-002
-1.610400000000e-004,-4.02010e-002
-1.610000000000e-004,-4.02010e-002
-1.609600000000e-004,-4.02010e-002
-1.609200000000e-004,-4.02010e-002
-1.608800000000e-004,-4.02010e-002
-1.608400000000e-004,-4.02010e-002
-1.608000000000e-004,-4.02010e-002
-1.607600000000e-004,-4.02010e-002
-1.607200000000e-004,-4.02010e-002
-1.606800000000e-004,-4.02010e-002
-1.606400000000e-004,-4.02010e-002
-1.606000000000e-004,-4.02010e-002
-1.605600000000e-004,-4.02010e-002
-1.605200000000e-004,-4.02010e-002
-1.604800000000e-004,-4.02010e-002
-1.604400000000e-004,-4.02010e-002
-1.604000000000e-004,-4.02010e-002
-1.603600000000e-004,-4.02010e-002
-1.603200000000e-004,-4.02010e-002
-1.602800000000e-004,-4.02010e-002
-1.602400000000e-004,-4.02010e-002
-1.602000000000e-004,-4.02010e-002
-1.601600000000e-004,-4.02010e-002
-1.601200000000e-004,-4.02010e-002
-1.600800000000e-004,-4.02010e-002
-1.600400000000e-004,-4.02010e-002
-1.600000000000e-004,-4.02010e-002
-1.599600000000e-004,-4.02010e-002
-1.599200000000e-004,-4.02010e-002
-1.598800000000e-004,-4.02010e-002
-1.598400000000e-004,-4.02010e-002
-1.598000000000e-004,-4.02010e-002
-1.597600000000e-004,-4.02010e-002
-1.597200000000e-004,-4.02010e-002
-1.596800000000e-004,-4.02010e-002
-1.596400000000e-004,-4.02010e-002
-1.596000000000e-004,-4.02010e-002
-1.595600000000e-004,-4.02010e-002
-1.595200000000e-004,-4.02010e-002
-1.594800000000e-004,-4.02010e-002
-1.594400000000e-004,-4.02010e-002
-1.594000000000e-004,-4.02010e-002
-1.593600000000e-004,-4.02010e-002
-1.593200000000e-004,-4.02010e-002
-1.592800000000e-004,-4.02010e-002
-1.592400000000e-004,-4.02010e-002
-1.592000000000e-004,-4.02010e-002
-1.591600000000e-004,-4.02010e-002
-1.591200000000e-004,-4.02010e-002
-1.590800000000e-004,-4.02010e-002
-1.590400000000e-004,-4.02010e-002
-1.590000000000e-004,-4.02010e-002
-1.589600000000e-004,-4.02010e-002
-1.589200000000e-004,-4.02010e-002
-1.588800000000e-004,-4.02010e-002
-1.588400000000e-004,-4.02010e-002
-1.588000000000e-004,-4.02010e-002
-1.587600000000e-004,-4.02010e-002
-1.587200000000e-004,-4.02010e-002
-1.586800000000e-004,-4.02010e-002
-1.586400000000e-004,-4.02010e-002
-1.586000000000e-004,-4.02010e-002
-1.585600000000e-004,-4.02010e-002
-1.585200000000e-004,-4.02010e-002
-1.584800000000e-004,-4.02010e-002
-1.584400000000e-004,-4.02010e-002
-1.584000000000e-004,-4.02010e-002
-1.583600000000e-004,-4.02010e-002
-1.583200000000e-004,-4.02010e-002
-1.582800000000e-004,-4.02010e-002
-1.582400000000e-004,-4.02010e-002
-1.582000000000e-004,-4.02010e-002
-1.581600000000e-004,-4.02010e-002
-1.581200000000e-004,-4.02010e-002
-1.580800000000e-004,-4.02010e-002
-1.580400000000e-004,-4.02010e-002
-1.580000000000e-004,-4.02010e-002
-1.579600000000e-004,-4.02010e-002
-1.579200000000e-004,-4.02010e-002
-1.578800000000e-004,-4.02010e-002
-1.578400000000e-004,-4.02010e-002
-1.578000000000e-004,-4.02010e-002
-1.577600000000e-004,-8.04020e-002
-1.577200000000e-004,-4.02010e-002
-1.576800000000e-004,-4.02010e-002
-1.576400000000e-004,-4.02010e-002
-1.576000000000e-004,-4.02010e-002
-1.575600000000e-004,-4.02010e-002
-1.575200000000e-004,-4.02010e-002
-1.574800000000e-004,-4.02010e-002
-1.574400000000e-004,-4.02010e-002
-1.574000000000e-004,-4.02010e-002
-1.573600000000e-004,-4.02010e-002
-1.573200000000e-004,-4.02010e-002
-1.572800000000e-004,-4.02010e-002
-1.572400000000e-004,-4.02010e-002
-1.572000000000e-004,-4.02010e-002
-1.571600000000e-004,-8.04020e-002
-1.571200000000e-004,-4.02010e-002
-1.570800000000e-004,-4.02010e-002
-1.570400000000e-004,-4.02010e-002
-1.570000000000e-004,-4.02010e-002
-1.569600000000e-004,-4.02010e-002
-1.569200000000e-004,-4.02010e-002
-1.568800000000e-004,-4.02010e-002
-1.568400000000e-004,-4.02010e-002
-1.568000000000e-004,-4.02010e-002
-1.567600000000e-004,-4.02010e-002
-1.567200000000e-004,-4.02010e-002
-1.566800000000e-004,-4.02010e-002
-1.566400000000e-004,-4.02010e-002
-1.566000000000e-004,-4.02010e-002
-1.565600000000e-004,-4.02010e-002
-1.565200000000e-004,-4.02010e-002
-1.564800000000e-004,-4.02010e-002
-1.564400000000e-004,-4.02010e-002
-1.564000000000e-004,-4.02010e-002
-1.563600000000e-004,-4.02010e-002
-1.563200000000e-004,-4.02010e-002
-1.562800000000e-004,-4.02010e-002
-1.562400000000e-004,-4.02010e-002
-1.562000000000e-004,-4.02010e-002
-1.561600000000e-004,-4.02010e-002
-1.561200000000e-004,-4.02010e-002
-1.560800000000e-004,-4.02010e-002
-1.560400000000e-004,-4.02010e-002
-1.560000000000e-004,-4.02010e-002
-1.559600000000e-004,-4.02010e-002
-1.559200000000e-004,-4.02010e-002
-1.558800000000e-004,-4.02010e-002
-1.558400000000e-004,-4.02010e-002
-1.558000000000e-004, 0.00000e+000
-1.557600000000e-004,-4.02010e-002
-1.557200000000e-004, 0.00000e+000
-1.556800000000e-004,-4.02010e-002
-1.556400000000e-004,-4.02010e-002
-1.556000000000e-004,-4.02010e-002
-1.555600000000e-004,-8.04020e-002
-1.555200000000e-004,-8.04020e-002
-1.554800000000e-004,-4.02010e-002
-1.554400000000e-004,-4.02010e-002
-1.554000000000e-004,-4.02010e-002
-1.553600000000e-004,-4.02010e-002
-1.553200000000e-004,-4.02010e-002
-1.552800000000e-004,-4.02010e-002
-1.552400000000e-004,-4.02010e-002
-1.552000000000e-004,-4.02010e-002
-1.551600000000e-004,-4.02010e-002
-1.551200000000e-004,-4.02010e-002
-1.550800000000e-004,-4.02010e-002
-1.550400000000e-004,-4.02010e-002
-1.550000000000e-004,-4.02010e-002
-1.549600000000e-004,-4.02010e-002
-1.549200000000e-004,-4.02010e-002
-1.548800000000e-004,-4.02010e-002
-1.548400000000e-004,-4.02010e-002
-1.548000000000e-004,-4.02010e-002
-1.547600000000e-004,-4.02010e-002
-1.547200000000e-004, 0.00000e+000
-1.546800000000e-004,-4.02010e-002
-1.546400000000e-004,-4.02010e-002
-1.546000000000e-004,-4.02010e-002
-1.545600000000e-004,-4.02010e-002
-1.545200000000e-004,-4.02010e-002
-1.544800000000e-004,-4.02010e-002
-1.544400000000e-004,-4.02010e-002
-1.544000000000e-004,-4.02010e-002
-1.543600000000e-004,-4.02010e-002
-1.543200000000e-004,-4.02010e-002
-1.542800000000e-004,-4.02010e-002
-1.542400000000e-004,-4.02010e-002
-1.542000000000e-004,-4.02010e-002
-1.541600000000e-004,-4.02010e-002
-1.541200000000e-004,-4.02010e-002
-1.540800000000e-004,-4.02010e-002
-1.540400000000e-004,-4.02010e-002
-1.540000000000e-004,-4.02010e-002
-1.539600000000e-004,-4.02010e-002
-1.539200000000e-004,-4.02010e-002
-1.538800000000e-004,-4.02010e-002
-1.538400000000e-004,-4.02010e-002
-1.538000000000e-004,-4.02010e-002
-1.537600000000e-004, 0.00000e+000
-1.537200000000e-004,-4.02010e-002
-1.536800000000e-004,-4.02010e-002
-1.536400000000e-004,-4.02010e-002
-1.536000000000e-004,-4.02010e-002
-1.535600000000e-004,-4.02010e-002
-1.535200000000e-004,-4.02010e-002
-1.534800000000e-004,-4.02010e-002
-1.534400000000e-004,-4.02010e-002
-1.534000000000e-004,-4.02010e-002
-1.533600000000e-004,-4.02010e-002
-1.533200000000e-004,-4.02010e-002
-1.532800000000e-004,-4.02010e-002
-1.532400000000e-004,-4.02010e-002
-1.532000000000e-004,-4.02010e-002
-1.531600000000e-004,-4.02010e-002
-1.531200000000e-004,-4.02010e-002
-1.530800000000e-004,-4.02010e-002
-1.530400000000e-004,-4.02010e-002
-1.530000000000e-004,-4.02010e-002
-1.529600000000e-004,-4.02010e-002
-1.529200000000e-004,-4.02010e-002
-1.528800000000e-004,-4.02010e-002
-1.528400000000e-004,-4.02010e-002
-1.528000000000e-004,-4.02010e-002
-1.527600000000e-004,-4.02010e-002
-1.527200000000e-004,-4.02010e-002
-1.526800000000e-004,-4.02010e-002
-1.526400000000e-004,-4.02010e-002
-1.526000000000e-004,-4.02010e-002
-1.525600000000e-004,-4.02010e-002
-1.525200000000e-004, 0.00000e+000
-1.524800000000e-004,-4.02010e-002
-1.524400000000e-004,-4.02010e-002
-1.524000000000e-004,-4.02010e-002
-1.523600000000e-004,-4.02010e-002
-1.523200000000e-004, 0.00000e+000
-1.522800000000e-004, 0.00000e+000
-1.522400000000e-004,-4.02010e-002
-1.522000000000e-004,-4.02010e-002
-1.521600000000e-004,-4.02010e-002
-1.521200000000e-004,-4.02010e-002
-1.520800000000e-004,-4.02010e-002
-1.520400000000e-004,-4.02010e-002
-1.520000000000e-004,-4.02010e-002
-1.519600000000e-004,-4.02010e-002
-1.519200000000e-004,-8.04020e-002
-1.518800000000e-004,-4.02010e-002
-1.518400000000e-004,-4.02010e-002
-1.518000000000e-004,-4.02010e-002
-1.517600000000e-004,-4.02010e-002
-1.517200000000e-004,-4.02010e-002
-1.516800000000e-004,-4.02010e-002
-1.516400000000e-004,-4.02010e-002
-1.516000000000e-004,-4.02010e-002
-1.515600000000e-004,-4.02010e-002
-1.515200000000e-004,-4.02010e-002
-1.514800000000e-004,-4.02010e-002
-1.514400000000e-004,-4.02010e-002
-1.514000000000e-004,-4.02010e-002
-1.513600000000e-004,-4.02010e-002
-1.513200000000e-004,-4.02010e-002
-1.512800000000e-004,-4.02010e-002
-1.512400000000e-004,-4.02010e-002
-1.512000000000e-004,-4.02010e-002
-1.511600000000e-004,-4.02010e-002
-1.511200000000e-004,-4.02010e-002
-1.510800000000e-004,-4.02010e-002
-1.510400000000e-004,-4.02010e-002
-1.510000000000e-004,-8.04020e-002
-1.509600000000e-004,-4.02010e-002
-1.509200000000e-004, 0.00000e+000
-1.508800000000e-004,-4.02010e-002
-1.508400000000e-004,-4.02010e-002
-1.508000000000e-004,-4.02010e-002
-1.507600000000e-004,-4.02010e-002
-1.507200000000e-004,-4.02010e-002
-1.506800000000e-004,-4.02010e-002
-1.506400000000e-004,-4.02010e-002
-1.506000000000e-004,-4.02010e-002
-1.505600000000e-004,-4.02010e-002
-1.505200000000e-004,-4.02010e-002
-1.504800000000e-004, 0.00000e+000
-1.504400000000e-004,-4.02010e-002
-1.504000000000e-004,-4.02010e-002
-1.503600000000e-004, 0.00000e+000
-1.503200000000e-004,-4.02010e-002
-1.502800000000e-004,-4.02010e-002
-1.502400000000e-004, 0.00000e+000
-1.502000000000e-004,-4.02010e-002
-1.501600000000e-004,-4.02010e-002
-1.501200000000e-004,-4.02010e-002
-1.500800000000e-004,-4.02010e-002
-1.500400000000e-004,-4.02010e-002
-1.500000000000e-004,-4.02010e-002
-1.499600000000e-004,-4.02010e-002
-1.499200000000e-004,-4.02010e-002
-1.498800000000e-004,-4.02010e-002
-1.498400000000e-004,-4.02010e-002
-1.498000000000e-004,-4.02010e-002
-1.497600000000e-004,-4.02010e-002
-1.497200000000e-004,-4.02010e-002
-1.496800000000e-004,-4.02010e-002
-1.496400000000e-004,-4.02010e-002
-1.496000000000e-004,-4.02010e-002
-1.495600000000e-004,-4.02010e-002
-1.495200000000e-004,-4.02010e-002
-1.494800000000e-004, 0.00000e+000
-1.494400000000e-004,-4.02010e-002
-1.494000000000e-004,-4.02010e-002
-1.493600000000e-004,-4.02010e-002
-1.493200000000e-004,-4.02010e-002
-1.492800000000e-004,-4.02010e-002
-1.492400000000e-004,-4.02010e-002
-1.492000000000e-004,-4.02010e-002
-1.491600000000e-004,-4.02010e-002
-1.491200000000e-004,-4.02010e-002
-1.490800000000e-004,-4.02010e-002
-1.490400000000e-004,-4.02010e-002
-1.490000000000e-004,-4.02010e-002
-1.489600000000e-004,-4.02010e-002
-1.489200000000e-004,-4.02010e-002
-1.488800000000e-004,-4.02010e-002
-1.488400000000e-004,-4.02010e-002
-1.488000000000e-004,-4.02010e-002
-1.487600000000e-004,-4.02010e-002
-1.487200000000e-004,-4.02010e-002
-1.486800000000e-004,-4.02010e-002
-1.486400000000e-004,-4.02010e-002
-1.486000000000e-004,-4.02010e-002
-1.485600000000e-004,-4.02010e-002
-1.485200000000e-004,-4.02010e-002
-1.484800000000e-004,-4.02010e-002
-1.484400000000e-004,-4.02010e-002
-1.484000000000e-004,-8.04020e-002
-1.483600000000e-004,-4.02010e-002
-1.483200000000e-004,-4.02010e-002
-1.482800000000e-004,-4.02010e-002
-1.482400000000e-004,-4.02010e-002
-1.482000000000e-004,-4.02010e-002
-1.481600000000e-004,-4.02010e-002
-1.481200000000e-004,-4.02010e-002
-1.480800000000e-004,-4.02010e-002
-1.480400000000e-004,-4.02010e-002
-1.480000000000e-004,-4.02010e-002
-1.479600000000e-004,-4.02010e-002
-1.479200000000e-004,-4.02010e-002
-1.478800000000e-004,-4.02010e-002
-1.478400000000e-004,-4.02010e-002
-1.478000000000e-004,-4.02010e-002
-1.477600000000e-004,-4.02010e-002
-1.477200000000e-004,-4.02010e-002
-1.476800000000e-004,-4.02010e-002
-1.476400000000e-004,-4.02010e-002
-1.476000000000e-004,-4.02010e-002
-1.475600000000e-004,-4.02010e-002
-1.475200000000e-004,-4.02010e-002
-1.474800000000e-004,-4.02010e-002
-1.474400000000e-004,-4.02010e-002
-1.474000000000e-004,-4.02010e-002
-1.473600000000e-004,-4.02010e-002
-1.473200000000e-004,-4.02010e-002
-1.472800000000e-004,-4.02010e-002
-1.472400000000e-004,-4.02010e-002
-1.472000000000e-004,-4.02010e-002
-1.471600000000e-004,-4.02010e-002
-1.471200000000e-004,-4.02010e-002
-1.470800000000e-004,-4.02010e-002
-1.470400000000e-004,-4.02010e-002
-1.470000000000e-004,-4.02010e-002
-1.469600000000e-004,-4.02010e-002
-1.469200000000e-004,-4.02010e-002
-1.468800000000e-004,-4.02010e-002
-1.468400000000e-004,-4.02010e-002
-1.468000000000e-004,-4.02010e-002
-1.467600000000e-004,-4.02010e-002
-1.467200000000e-004,-4.02010e-002
-1.466800000000e-004,-4.02010e-002
-1.466400000000e-004,-4.02010e-002
-1.466000000000e-004,-4.02010e-002
-1.465600000000e-004,-4.02010e-002
-1.465200000000e-004,-4.02010e-002
-1.464800000000e-004,-4.02010e-002
-1.464400000000e-004,-4.02010e-002
-1.464000000000e-004,-4.02010e-002
-1.463600000000e-004,-4.02010e-002
-1.463200000000e-004,-4.02010e-002
-1.462800000000e-004,-4.02010e-002
-1.462400000000e-004,-4.02010e-002
-1.462000000000e-004,-4.02010e-002
-1.461600000000e-004,-4.02010e-002
-1.461200000000e-004,-4.02010e-002
-1.460800000000e-004,-4.02010e-002
-1.460400000000e-004,-4.02010e-002
-1.460000000000e-004,-4.02010e-002
-1.459600000000e-004,-4.02010e-002
-1.459200000000e-004,-4.02010e-002
-1.458800000000e-004,-4.02010e-002
-1.458400000000e-004,-4.02010e-002
-1.458000000000e-004,-4.02010e-002
-1.457600000000e-004,-4.02010e-002
-1.457200000000e-004,-4.02010e-002
-1.456800000000e-004,-4.02010e-002
-1.456400000000e-004,-4.02010e-002
-1.456000000000e-004,-8.04020e-002
-1.455600000000e-004,-4.02010e-002
-1.455200000000e-004,-4.02010e-002
-1.454800000000e-004,-4.02010e-002
-1.454400000000e-004,-4.02010e-002
-1.454000000000e-004,-4.02010e-002
-1.453600000000e-004,-4.02010e-002
-1.453200000000e-004,-4.02010e-002
-1.452800000000e-004,-4.02010e-002
-1.452400000000e-004, 0.00000e+000
-1.452000000000e-004,-4.02010e-002
-1.451600000000e-004,-4.02010e-002
-1.451200000000e-004,-4.02010e-002
-1.450800000000e-004,-4.02010e-002
-1.450400000000e-004,-4.02010e-002
-1.450000000000e-004,-4.02010e-002
-1.449600000000e-004,-4.02010e-002
-1.449200000000e-004,-4.02010e-002
-1.448800000000e-004,-4.02010e-002
-1.448400000000e-004,-4.02010e-002
-1.448000000000e-004,-4.02010e-002
-1.447600000000e-004,-4.02010e-002
-1.447200000000e-004,-4.02010e-002
-1.446800000000e-004,-4.02010e-002
-1.446400000000e-004,-4.02010e-002
-1.446000000000e-004,-4.02010e-002
-1.445600000000e-004,-4.02010e-002
-1.445200000000e-004,-4.02010e-002
-1.444800000000e-004,-4.02010e-002
-1.444400000000e-004,-4.02010e-002
-1.444000000000e-004,-4.02010e-002
-1.443600000000e-004,-4.02010e-002
-1.443200000000e-004,-4.02010e-002
-1.442800000000e-004,-4.02010e-002
-1.442400000000e-004,-4.02010e-002
-1.442000000000e-004,-4.02010e-002
-1.441600000000e-004,-4.02010e-002
-1.441200000000e-004, 0.00000e+000
-1.440800000000e-004,-4.02010e-002
-1.440400000000e-004,-4.02010e-002
-1.440000000000e-004,-4.02010e-002
-1.439600000000e-004,-4.02010e-002
-1.439200000000e-004,-4.02010e-002
-1.438800000000e-004,-4.02010e-002
-1.438400000000e-004,-4.02010e-002
-1.438000000000e-004,-4.02010e-002
-1.437600000000e-004,-4.02010e-002
-1.437200000000e-004,-4.02010e-002
-1.436800000000e-004,-4.02010e-002
-1.436400000000e-004,-4.02010e-002
-1.436000000000e-004,-4.02010e-002
-1.435600000000e-004,-4.02010e-002
-1.435200000000e-004,-4.02010e-002
-1.434800000000e-004,-4.02010e-002
-1.434400000000e-004,-4.02010e-002
-1.434000000000e-004,-4.02010e-002
-1.433600000000e-004,-4.02010e-002
-1.433200000000e-004,-4.02010e-002
-1.432800000000e-004,-4.02010e-002
-1.432400000000e-004,-4.02010e-002
-1.432000000000e-004,-4.02010e-002
-1.431600000000e-004,-4.02010e-002
-1.431200000000e-004,-4.02010e-002
-1.430800000000e-004,-4.02010e-002
-1.430400000000e-004,-4.02010e-002
-1.430000000000e-004,-4.02010e-002
-1.429600000000e-004,-4.02010e-002
-1.429200000000e-004,-4.02010e-002
-1.428800000000e-004,-4.02010e-002
-1.428400000000e-004,-4.02010e-002
-1.428000000000e-004,-4.02010e-002
-1.427600000000e-004,-4.02010e-002
-1.427200000000e-004,-4.02010e-002
-1.426800000000e-004,-4.02010e-002
-1.426400000000e-004,-4.02010e-002
-1.426000000000e-004,-4.02010e-002
-1.425600000000e-004,-4.02010e-002
-1.425200000000e-004,-4.02010e-002
-1.424800000000e-004,-4.02010e-002
-1.424400000000e-004,-4.02010e-002
-1.424000000000e-004,-4.02010e-002
-1.423600000000e-004,-4.02010e-002
-1.423200000000e-004,-4.02010e-002
-1.422800000000e-004,-4.02010e-002
-1.422400000000e-004,-4.02010e-002
-1.422000000000e-004,-4.02010e-002
-1.421600000000e-004,-8.04020e-002
-1.421200000000e-004,-4.02010e-002
-1.420800000000e-004,-4.02010e-002
-1.420400000000e-004,-4.02010e-002
-1.420000000000e-004,-4.02010e-002
-1.419600000000e-004,-4.02010e-002
-1.419200000000e-004,-4.02010e-002
-1.418800000000e-004,-4.02010e-002
-1.418400000000e-004,-4.02010e-002
-1.418000000000e-004,-4.02010e-002
-1.417600000000e-004,-4.02010e-002
-1.417200000000e-004,-4.02010e-002
-1.416800000000e-004,-4.02010e-002
-1.416400000000e-004,-4.02010e-002
-1.416000000000e-004,-4.02010e-002
-1.415600000000e-004, 0.00000e+000
-1.415200000000e-004,-4.02010e-002
-1.414800000000e-004,-4.02010e-002
-1.414400000000e-004,-4.02010e-002
-1.414000000000e-004,-4.02010e-002
-1.413600000000e-004,-4.02010e-002
-1.413200000000e-004,-4.02010e-002
-1.412800000000e-004,-4.02010e-002
-1.412400000000e-004,-4.02010e-002
-1.412000000000e-004,-4.02010e-002
-1.411600000000e-004,-4.02010e-002
-1.411200000000e-004,-4.02010e-002
-1.410800000000e-004,-4.02010e-002
-1.410400000000e-004,-8.04020e-002
-1.410000000000e-004, 0.00000e+000
-1.409600000000e-004,-4.02010e-002
-1.409200000000e-004,-4.02010e-002
-1.408800000000e-004,-8.04020e-002
-1.408400000000e-004,-4.02010e-002
-1.408000000000e-004,-4.02010e-002
-1.407600000000e-004,-4.02010e-002
-1.407200000000e-004,-4.02010e-002
-1.406800000000e-004,-4.02010e-002
-1.406400000000e-004,-4.02010e-002
-1.406000000000e-004,-8.04020e-002
-1.405600000000e-004,-4.02010e-002
-1.405200000000e-004,-8.04020e-002
-1.404800000000e-004, 0.00000e+000
-1.404400000000e-004,-4.02010e-002
-1.404000000000e-004,-4.02010e-002
-1.403600000000e-004,-4.02010e-002
-1.403200000000e-004,-4.02010e-002
-1.402800000000e-004,-4.02010e-002
-1.402400000000e-004,-8.04020e-002
-1.402000000000e-004,-4.02010e-002
-1.401600000000e-004,-4.02010e-002
-1.401200000000e-004,-4.02010e-002
-1.400800000000e-004,-4.02010e-002
-1.400400000000e-004,-4.02010e-002
-1.400000000000e-004,-4.02010e-002
-1.399600000000e-004,-4.02010e-002
-1.399200000000e-004,-4.02010e-002
-1.398800000000e-004,-4.02010e-002
-1.398400000000e-004,-4.02010e-002
-1.398000000000e-004, 0.00000e+000
-1.397600000000e-004,-4.02010e-002
-1.397200000000e-004,-4.02010e-002
-1.396800000000e-004,-4.02010e-002
-1.396400000000e-004,-4.02010e-002
-1.396000000000e-004,-4.02010e-002
-1.395600000000e-004,-4.02010e-002
-1.395200000000e-004,-4.02010e-002
-1.394800000000e-004,-4.02010e-002
-1.394400000000e-004,-4.02010e-002
-1.394000000000e-004,-4.02010e-002
-1.393600000000e-004,-4.02010e-002
-1.393200000000e-004,-4.02010e-002
-1.392800000000e-004,-4.02010e-002
-1.392400000000e-004,-4.02010e-002
-1.392000000000e-004,-4.02010e-002
-1.391600000000e-004,-4.02010e-002
-1.391200000000e-004,-4.02010e-002
-1.390800000000e-004,-4.02010e-002
-1.390400000000e-004,-8.04020e-002
-1.390000000000e-004,-4.02010e-002
-1.389600000000e-004,-4.02010e-002
-1.389200000000e-004,-8.04020e-002
-1.388800000000e-004,-4.02010e-002
-1.388400000000e-004,-4.02010e-002
-1.388000000000e-004,-4.02010e-002
-1.387600000000e-004,-4.02010e-002
-1.387200000000e-004,-4.02010e-002
-1.386800000000e-004,-4.02010e-002
-1.386400000000e-004,-4.02010e-002
-1.386000000000e-004,-4.02010e-002
-1.385600000000e-004,-4.02010e-002
-1.385200000000e-004,-4.02010e-002
-1.384800000000e-004,-4.02010e-002
-1.384400000000e-004,-4.02010e-002
-1.384000000000e-004,-4.02010e-002
-1.383600000000e-004,-4.02010e-002
-1.383200000000e-004,-4.02010e-002
-1.382800000000e-004,-4.02010e-002
-1.382400000000e-004,-4.02010e-002
-1.382000000000e-004,-4.02010e-002
-1.381600000000e-004,-4.02010e-002
-1.381200000000e-004,-4.02010e-002
-1.380800000000e-004,-4.02010e-002
-1.380400000000e-004,-4.02010e-002
-1.380000000000e-004,-4.02010e-002
-1.379600000000e-004,-4.02010e-002
-1.379200000000e-004,-4.02010e-002
-1.378800000000e-004,-4.02010e-002
-1.378400000000e-004,-4.02010e-002
-1.378000000000e-004,-4.02010e-002
-1.377600000000e-004,-4.02010e-002
-1.377200000000e-004,-4.02010e-002
-1.376800000000e-004,-4.02010e-002
-1.376400000000e-004,-4.02010e-002
-1.376000000000e-004,-8.04020e-002
-1.375600000000e-004,-4.02010e-002
-1.375200000000e-004,-4.02010e-002
-1.374800000000e-004,-4.02010e-002
-1.374400000000e-004,-4.02010e-002
-1.374000000000e-004,-8.04020e-002
-1.373600000000e-004,-4.02010e-002
-1.373200000000e-004,-4.02010e-002
-1.372800000000e-004,-4.02010e-002
-1.372400000000e-004,-4.02010e-002
-1.372000000000e-004,-4.02010e-002
-1.371600000000e-004,-4.02010e-002
-1.371200000000e-004,-4.02010e-002
-1.370800000000e-004,-4.02010e-002
-1.370400000000e-004,-4.02010e-002
-1.370000000000e-004,-4.02010e-002
-1.369600000000e-004,-4.02010e-002
-1.369200000000e-004,-4.02010e-002
-1.368800000000e-004,-4.02010e-002
-1.368400000000e-004,-4.02010e-002
-1.368000000000e-004,-4.02010e-002
-1.367600000000e-004,-4.02010e-002
-1.367200000000e-004,-4.02010e-002
-1.366800000000e-004,-4.02010e-002
-1.366400000000e-004,-4.02010e-002
-1.366000000000e-004,-4.02010e-002
-1.365600000000e-004,-4.02010e-002
-1.365200000000e-004,-4.02010e-002
-1.364800000000e-004,-4.02010e-002
-1.364400000000e-004,-4.02010e-002
-1.364000000000e-004,-4.02010e-002
-1.363600000000e-004,-4.02010e-002
-1.363200000000e-004,-4.02010e-002
-1.362800000000e-004,-4.02010e-002
-1.362400000000e-004,-4.02010e-002
-1.362000000000e-004,-4.02010e-002
-1.361600000000e-004,-4.02010e-002
-1.361200000000e-004,-4.02010e-002
-1.360800000000e-004,-4.02010e-002
-1.360400000000e-004,-4.02010e-002
-1.360000000000e-004,-4.02010e-002
-1.359600000000e-004, 0.00000e+000
-1.359200000000e-004,-4.02010e-002
-1.358800000000e-004,-4.02010e-002
-1.358400000000e-004,-4.02010e-002
-1.358000000000e-004,-4.02010e-002
-1.357600000000e-004,-4.02010e-002
-1.357200000000e-004,-4.02010e-002
-1.356800000000e-004,-4.02010e-002
-1.356400000000e-004,-4.02010e-002
-1.356000000000e-004,-4.02010e-002
-1.355600000000e-004,-4.02010e-002
-1.355200000000e-004,-4.02010e-002
-1.354800000000e-004,-4.02010e-002
-1.354400000000e-004,-4.02010e-002
-1.354000000000e-004,-4.02010e-002
-1.353600000000e-004,-4.02010e-002
-1.353200000000e-004,-4.02010e-002
-1.352800000000e-004,-4.02010e-002
-1.352400000000e-004,-4.02010e-002
-1.352000000000e-004,-4.02010e-002
-1.351600000000e-004,-4.02010e-002
-1.351200000000e-004,-4.02010e-002
-1.350800000000e-004,-4.02010e-002
-1.350400000000e-004,-4.02010e-002
-1.350000000000e-004,-4.02010e-002
-1.349600000000e-004,-4.02010e-002
-1.349200000000e-004,-4.02010e-002
-1.348800000000e-004,-4.02010e-002
-1.348400000000e-004,-4.02010e-002
-1.348000000000e-004, 0.00000e+000
-1.347600000000e-004,-4.02010e-002
-1.347200000000e-004,-4.02010e-002
-1.346800000000e-004,-4.02010e-002
-1.346400000000e-004,-4.02010e-002
-1.346000000000e-004,-4.02010e-002
-1.345600000000e-004,-4.02010e-002
-1.345200000000e-004,-4.02010e-002
-1.344800000000e-004,-4.02010e-002
-1.344400000000e-004,-4.02010e-002
-1.344000000000e-004,-4.02010e-002
-1.343600000000e-004,-4.02010e-002
-1.343200000000e-004,-4.02010e-002
-1.342800000000e-004,-4.02010e-002
-1.342400000000e-004,-4.02010e-002
-1.342000000000e-004,-4.02010e-002
-1.341600000000e-004,-4.02010e-002
-1.341200000000e-004,-4.02010e-002
-1.340800000000e-004,-4.02010e-002
-1.340400000000e-004,-4.02010e-002
-1.340000000000e-004,-4.02010e-002
-1.339600000000e-004,-4.02010e-002
-1.339200000000e-004,-4.02010e-002
-1.338800000000e-004,-4.02010e-002
-1.338400000000e-004,-4.02010e-002
-1.338000000000e-004,-4.02010e-002
-1.337600000000e-004,-4.02010e-002
-1.337200000000e-004,-4.02010e-002
-1.336800000000e-004,-4.02010e-002
-1.336400000000e-004,-4.02010e-002
-1.336000000000e-004,-4.02010e-002
-1.335600000000e-004, 0.00000e+000
-1.335200000000e-004,-4.02010e-002
-1.334800000000e-004,-4.02010e-002
-1.334400000000e-004,-4.02010e-002
-1.334000000000e-004,-4.02010e-002
-1.333600000000e-004,-4.02010e-002
-1.333200000000e-004,-4.02010e-002
-1.332800000000e-004,-4.02010e-002
-1.332400000000e-004,-4.02010e-002
-1.332000000000e-004,-4.02010e-002
-1.331600000000e-004,-4.02010e-002
-1.331200000000e-004,-4.02010e-002
-1.330800000000e-004,-4.02010e-002
-1.330400000000e-004,-4.02010e-002
-1.330000000000e-004,-4.02010e-002
-1.329600000000e-004,-4.02010e-002
-1.329200000000e-004,-4.02010e-002
-1.328800000000e-004,-4.02010e-002
-1.328400000000e-004,-4.02010e-002
-1.328000000000e-004,-4.02010e-002
-1.327600000000e-004,-4.02010e-002
-1.327200000000e-004,-4.02010e-002
-1.326800000000e-004,-4.02010e-002
-1.326400000000e-004,-4.02010e-002
-1.326000000000e-004,-4.02010e-002
-1.325600000000e-004,-4.02010e-002
-1.325200000000e-004,-4.02010e-002
-1.324800000000e-004,-4.02010e-002
-1.324400000000e-004,-4.02010e-002
-1.324000000000e-004,-4.02010e-002
-1.323600000000e-004,-4.02010e-002
-1.323200000000e-004,-4.02010e-002
-1.322800000000e-004,-4.02010e-002
-1.322400000000e-004,-4.02010e-002
-1.322000000000e-004,-4.02010e-002
-1.321600000000e-004,-4.02010e-002
-1.321200000000e-004,-8.04020e-002
-1.320800000000e-004,-4.02010e-002
-1.320400000000e-004,-4.02010e-002
-1.320000000000e-004,-4.02010e-002
-1.319600000000e-004,-4.02010e-002
-1.319200000000e-004,-4.02010e-002
-1.318800000000e-004,-8.04020e-002
-1.318400000000e-004,-4.02010e-002
-1.318000000000e-004,-8.04020e-002
-1.317600000000e-004,-4.02010e-002
-1.317200000000e-004,-4.02010e-002
-1.316800000000e-004,-4.02010e-002
-1.316400000000e-004,-4.02010e-002
-1.316000000000e-004,-4.02010e-002
-1.315600000000e-004,-4.02010e-002
-1.315200000000e-004,-4.02010e-002
-1.314800000000e-004,-4.02010e-002
-1.314400000000e-004,-4.02010e-002
-1.314000000000e-004,-4.02010e-002
-1.313600000000e-004,-4.02010e-002
-1.313200000000e-004,-4.02010e-002
-1.312800000000e-004,-4.02010e-002
-1.312400000000e-004,-4.02010e-002
-1.312000000000e-004,-4.02010e-002
-1.311600000000e-004,-4.02010e-002
-1.311200000000e-004,-4.02010e-002
-1.310800000000e-004,-4.02010e-002
-1.310400000000e-004,-4.02010e-002
-1.310000000000e-004,-4.02010e-002
-1.309600000000e-004,-4.02010e-002
-1.309200000000e-004,-4.02010e-002
-1.308800000000e-004,-4.02010e-002
-1.308400000000e-004,-4.02010e-002
-1.308000000000e-004,-4.02010e-002
-1.307600000000e-004,-4.02010e-002
-1.307200000000e-004,-4.02010e-002
-1.306800000000e-004,-4.02010e-002
-1.306400000000e-004,-4.02010e-002
-1.306000000000e-004,-4.02010e-002
-1.305600000000e-004,-4.02010e-002
-1.305200000000e-004,-4.02010e-002
-1.304800000000e-004,-4.02010e-002
-1.304400000000e-004,-4.02010e-002
-1.304000000000e-004,-4.02010e-002
-1.303600000000e-004,-4.02010e-002
-1.303200000000e-004,-4.02010e-002
-1.302800000000e-004,-4.02010e-002
-1.302400000000e-004,-4.02010e-002
-1.302000000000e-004,-4.02010e-002
-1.301600000000e-004,-4.02010e-002
-1.301200000000e-004,-4.02010e-002
-1.300800000000e-004,-4.02010e-002
-1.300400000000e-004,-4.02010e-002
-1.300000000000e-004,-4.02010e-002
-1.299600000000e-004,-4.02010e-002
-1.299200000000e-004,-8.04020e-002
-1.298800000000e-004,-4.02010e-002
-1.298400000000e-004,-4.02010e-002
-1.298000000000e-004,-4.02010e-002
-1.297600000000e-004,-4.02010e-002
-1.297200000000e-004,-4.02010e-002
-1.296800000000e-004,-4.02010e-002
-1.296400000000e-004,-4.02010e-002
-1.296000000000e-004,-4.02010e-002
-1.295600000000e-004,-4.02010e-002
-1.295200000000e-004,-4.02010e-002
-1.294800000000e-004,-4.02010e-002
-1.294400000000e-004,-4.02010e-002
-1.294000000000e-004,-4.02010e-002
-1.293600000000e-004,-4.02010e-002
-1.293200000000e-004,-4.02010e-002
-1.292800000000e-004,-4.02010e-002
-1.292400000000e-004,-4.02010e-002
-1.292000000000e-004,-4.02010e-002
-1.291600000000e-004,-4.02010e-002
-1.291200000000e-004,-4.02010e-002
-1.290800000000e-004,-4.02010e-002
-1.290400000000e-004,-4.02010e-002
-1.290000000000e-004,-4.02010e-002
-1.289600000000e-004,-4.02010e-002
-1.289200000000e-004,-4.02010e-002
-1.288800000000e-004,-4.02010e-002
-1.288400000000e-004,-4.02010e-002
-1.288000000000e-004,-4.02010e-002
-1.287600000000e-004,-4.02010e-002
-1.287200000000e-004,-4.02010e-002
-1.286800000000e-004,-4.02010e-002
-1.286400000000e-004,-4.02010e-002
-1.286000000000e-004,-4.02010e-002
-1.285600000000e-004,-4.02010e-002
-1.285200000000e-004,-4.02010e-002
-1.284800000000e-004,-4.02010e-002
-1.284400000000e-004,-8.04020e-002
-1.284000000000e-004,-4.02010e-002
-1.283600000000e-004,-4.02010e-002
-1.283200000000e-004,-4.02010e-002
-1.282800000000e-004,-4.02010e-002
-1.282400000000e-004,-4.02010e-002
-1.282000000000e-004,-4.02010e-002
-1.281600000000e-004,-4.02010e-002
-1.281200000000e-004,-4.02010e-002
-1.280800000000e-004,-4.02010e-002
-1.280400000000e-004,-4.02010e-002
-1.280000000000e-004,-4.02010e-002
-1.279600000000e-004,-4.02010e-002
-1.279200000000e-004,-4.02010e-002
-1.278800000000e-004,-4.02010e-002
-1.278400000000e-004,-4.02010e-002
-1.278000000000e-004,-4.02010e-002
-1.277600000000e-004,-4.02010e-002
-1.277200000000e-004,-4.02010e-002
-1.276800000000e-004,-4.02010e-002
-1.276400000000e-004,-4.02010e-002
-1.276000000000e-004,-4.02010e-002
-1.275600000000e-004,-4.02010e-002
-1.275200000000e-004,-4.02010e-002
-1.274800000000e-004,-4.02010e-002
-1.274400000000e-004,-4.02010e-002
-1.274000000000e-004,-4.02010e-002
-1.273600000000e-004,-4.02010e-002
-1.273200000000e-004,-4.02010e-002
-1.272800000000e-004,-4.02010e-002
-1.272400000000e-004,-4.02010e-002
-1.272000000000e-004,-4.02010e-002
-1.271600000000e-004,-4.02010e-002
-1.271200000000e-004,-4.02010e-002
-1.270800000000e-004,-4.02010e-002
-1.270400000000e-004,-4.02010e-002
-1.270000000000e-004,-4.02010e-002
-1.269600000000e-004,-4.02010e-002
-1.269200000000e-004,-4.02010e-002
-1.268800000000e-004,-4.02010e-002
-1.268400000000e-004,-4.02010e-002
-1.268000000000e-004,-4.02010e-002
-1.267600000000e-004,-4.02010e-002
-1.267200000000e-004,-4.02010e-002
-1.266800000000e-004,-4.02010e-002
-1.266400000000e-004,-4.02010e-002
-1.266000000000e-004,-4.02010e-002
-1.265600000000e-004,-4.02010e-002
-1.265200000000e-004,-4.02010e-002
-1.264800000000e-004,-4.02010e-002
-1.264400000000e-004,-4.02010e-002
-1.264000000000e-004,-4.02010e-002
-1.263600000000e-004,-4.02010e-002
-1.263200000000e-004,-4.02010e-002
-1.262800000000e-004,-4.02010e-002
-1.262400000000e-004,-4.02010e-002
-1.262000000000e-004,-4.02010e-002
-1.261600000000e-004,-4.02010e-002
-1.261200000000e-004,-4.02010e-002
-1.260800000000e-004,-4.02010e-002
-1.260400000000e-004,-4.02010e-002
-1.260000000000e-004,-4.02010e-002
-1.259600000000e-004,-4.02010e-002
-1.259200000000e-004,-4.02010e-002
-1.258800000000e-004,-4.02010e-002
-1.258400000000e-004,-4.02010e-002
-1.258000000000e-004,-4.02010e-002
-1.257600000000e-004,-4.02010e-002
-1.257200000000e-004,-4.02010e-002
-1.256800000000e-004,-4.02010e-002
-1.256400000000e-004,-4.02010e-002
-1.256000000000e-004,-4.02010e-002
-1.255600000000e-004,-4.02010e-002
-1.255200000000e-004,-4.02010e-002
-1.254800000000e-004,-4.02010e-002
-1.254400000000e-004,-4.02010e-002
-1.254000000000e-004,-4.02010e-002
-1.253600000000e-004,-4.02010e-002
-1.253200000000e-004,-4.02010e-002
-1.252800000000e-004,-4.02010e-002
-1.252400000000e-004,-4.02010e-002
-1.252000000000e-004,-4.02010e-002
-1.251600000000e-004,-4.02010e-002
-1.251200000000e-004,-4.02010e-002
-1.250800000000e-004,-4.02010e-002
-1.250400000000e-004,-4.02010e-002
-1.250000000000e-004,-4.02010e-002
-1.249600000000e-004,-4.02010e-002
-1.249200000000e-004,-4.02010e-002
-1.248800000000e-004,-4.02010e-002
-1.248400000000e-004,-4.02010e-002
-1.248000000000e-004,-4.02010e-002
-1.247600000000e-004,-4.02010e-002
-1.247200000000e-004,-4.02010e-002
-1.246800000000e-004,-4.02010e-002
-1.246400000000e-004,-4.02010e-002
-1.246000000000e-004,-4.02010e-002
-1.245600000000e-004,-4.02010e-002
-1.245200000000e-004,-4.02010e-002
-1.244800000000e-004,-4.02010e-002
-1.244400000000e-004,-4.02010e-002
-1.244000000000e-004,-4.02010e-002
-1.243600000000e-004,-4.02010e-002
-1.243200000000e-004,-4.02010e-002
-1.242800000000e-004,-4.02010e-002
-1.242400000000e-004,-4.02010e-002
-1.242000000000e-004,-4.02010e-002
-1.241600000000e-004,-4.02010e-002
-1.241200000000e-004,-4.02010e-002
-1.240800000000e-004,-4.02010e-002
-1.240400000000e-004,-4.02010e-002
-1.240000000000e-004,-4.02010e-002
-1.239600000000e-004,-4.02010e-002
-1.239200000000e-004,-4.02010e-002
-1.238800000000e-004,-4.02010e-002
-1.238400000000e-004,-4.02010e-002
-1.238000000000e-004,-4.02010e-002
-1.237600000000e-004,-4.02010e-002
-1.237200000000e-004,-4.02010e-002
-1.236800000000e-004,-4.02010e-002
-1.236400000000e-004,-4.02010e-002
-1.236000000000e-004,-4.02010e-002
-1.235600000000e-004,-4.02010e-002
-1.235200000000e-004,-4.02010e-002
-1.234800000000e-004,-4.02010e-002
-1.234400000000e-004,-4.02010e-002
-1.234000000000e-004,-4.02010e-002
-1.233600000000e-004,-4.02010e-002
-1.233200000000e-004,-4.02010e-002
-1.232800000000e-004,-4.02010e-002
-1.232400000000e-004,-4.02010e-002
-1.232000000000e-004,-4.02010e-002
-1.231600000000e-004,-4.02010e-002
-1.231200000000e-004,-4.02010e-002
-1.230800000000e-004,-4.02010e-002
-1.230400000000e-004,-4.02010e-002
-1.230000000000e-004,-4.02010e-002
-1.229600000000e-004,-4.02010e-002
-1.229200000000e-004,-4.02010e-002
-1.228800000000e-004,-4.02010e-002
-1.228400000000e-004,-4.02010e-002
-1.228000000000e-004,-4.02010e-002
-1.227600000000e-004,-4.02010e-002
-1.227200000000e-004,-4.02010e-002
-1.226800000000e-004,-4.02010e-002
-1.226400000000e-004,-4.02010e-002
-1.226000000000e-004,-4.02010e-002
-1.225600000000e-004,-4.02010e-002
-1.225200000000e-004,-4.02010e-002
-1.224800000000e-004,-4.02010e-002
-1.224400000000e-004,-4.02010e-002
-1.224000000000e-004,-4.02010e-002
-1.223600000000e-004,-4.02010e-002
-1.223200000000e-004,-4.02010e-002
-1.222800000000e-004,-4.02010e-002
-1.222400000000e-004, 0.00000e+000
-1.222000000000e-004,-4.02010e-002
-1.221600000000e-004,-4.02010e-002
-1.221200000000e-004,-4.02010e-002
-1.220800000000e-004,-4.02010e-002
-1.220400000000e-004,-4.02010e-002
-1.220000000000e-004,-4.02010e-002
-1.219600000000e-004,-4.02010e-002
-1.219200000000e-004,-4.02010e-002
-1.218800000000e-004,-4.02010e-002
-1.218400000000e-004,-4.02010e-002
-1.218000000000e-004,-4.02010e-002
-1.217600000000e-004,-4.02010e-002
-1.217200000000e-004,-4.02010e-002
-1.216800000000e-004,-4.02010e-002
-1.216400000000e-004,-4.02010e-002
-1.216000000000e-004,-4.02010e-002
-1.215600000000e-004,-4.02010e-002
-1.215200000000e-004,-4.02010e-002
-1.214800000000e-004,-4.02010e-002
-1.214400000000e-004,-4.02010e-002
-1.214000000000e-004,-4.02010e-002
-1.213600000000e-004,-4.02010e-002
-1.213200000000e-004,-4.02010e-002
-1.212800000000e-004,-4.02010e-002
-1.212400000000e-004,-4.02010e-002
-1.212000000000e-004,-4.02010e-002
-1.211600000000e-004,-4.02010e-002
-1.211200000000e-004,-4.02010e-002
-1.210800000000e-004,-4.02010e-002
-1.210400000000e-004,-4.02010e-002
-1.210000000000e-004,-4.02010e-002
-1.209600000000e-004,-4.02010e-002
-1.209200000000e-004,-4.02010e-002
-1.208800000000e-004,-4.02010e-002
-1.208400000000e-004, 0.00000e+000
-1.208000000000e-004,-4.02010e-002
-1.207600000000e-004,-4.02010e-002
-1.207200000000e-004,-8.04020e-002
-1.206800000000e-004,-4.02010e-002
-1.206400000000e-004,-4.02010e-002
-1.206000000000e-004,-4.02010e-002
-1.205600000000e-004,-4.02010e-002
-1.205200000000e-004,-4.02010e-002
-1.204800000000e-004,-4.02010e-002
-1.204400000000e-004,-4.02010e-002
-1.204000000000e-004,-4.02010e-002
-1.203600000000e-004,-4.02010e-002
-1.203200000000e-004,-4.02010e-002
-1.202800000000e-004,-4.02010e-002
-1.202400000000e-004,-4.02010e-002
-1.202000000000e-004,-4.02010e-002
-1.201600000000e-004,-4.02010e-002
-1.201200000000e-004,-4.02010e-002
-1.200800000000e-004,-4.02010e-002
-1.200400000000e-004,-4.02010e-002
-1.200000000000e-004,-4.02010e-002
-1.199600000000e-004,-4.02010e-002
-1.199200000000e-004,-4.02010e-002
-1.198800000000e-004,-4.02010e-002
-1.198400000000e-004,-4.02010e-002
-1.198000000000e-004,-4.02010e-002
-1.197600000000e-004,-4.02010e-002
-1.197200000000e-004,-4.02010e-002
-1.196800000000e-004,-4.02010e-002
-1.196400000000e-004,-4.02010e-002
-1.196000000000e-004,-4.02010e-002
-1.195600000000e-004,-4.02010e-002
-1.195200000000e-004,-4.02010e-002
-1.194800000000e-004,-4.02010e-002
-1.194400000000e-004,-4.02010e-002
-1.194000000000e-004,-4.02010e-002
-1.193600000000e-004,-4.02010e-002
-1.193200000000e-004,-4.02010e-002
-1.192800000000e-004,-4.02010e-002
-1.192400000000e-004,-4.02010e-002
-1.192000000000e-004,-4.02010e-002
-1.191600000000e-004,-4.02010e-002
-1.191200000000e-004,-4.02010e-002
-1.190800000000e-004,-4.02010e-002
-1.190400000000e-004,-4.02010e-002
-1.190000000000e-004,-4.02010e-002
-1.189600000000e-004,-4.02010e-002
-1.189200000000e-004,-4.02010e-002
-1.188800000000e-004,-4.02010e-002
-1.188400000000e-004,-4.02010e-002
-1.188000000000e-004,-4.02010e-002
-1.187600000000e-004,-4.02010e-002
-1.187200000000e-004, 0.00000e+000
-1.186800000000e-004,-4.02010e-002
-1.186400000000e-004,-4.02010e-002
-1.186000000000e-004,-4.02010e-002
-1.185600000000e-004,-4.02010e-002
-1.185200000000e-004,-4.02010e-002
-1.184800000000e-004,-4.02010e-002
-1.184400000000e-004,-4.02010e-002
-1.184000000000e-004,-8.04020e-002
-1.183600000000e-004,-4.02010e-002
-1.183200000000e-004,-4.02010e-002
-1.182800000000e-004,-4.02010e-002
-1.182400000000e-004,-4.02010e-002
-1.182000000000e-004, 0.00000e+000
-1.181600000000e-004,-4.02010e-002
-1.181200000000e-004,-4.02010e-002
-1.180800000000e-004,-4.02010e-002
-1.180400000000e-004,-4.02010e-002
-1.180000000000e-004,-4.02010e-002
-1.179600000000e-004,-4.02010e-002
-1.179200000000e-004,-4.02010e-002
-1.178800000000e-004,-4.02010e-002
-1.178400000000e-004,-8.04020e-002
-1.178000000000e-004, 0.00000e+000
-1.177600000000e-004,-4.02010e-002
-1.177200000000e-004,-4.02010e-002
-1.176800000000e-004,-4.02010e-002
-1.176400000000e-004,-4.02010e-002
-1.176000000000e-004,-4.02010e-002
-1.175600000000e-004,-4.02010e-002
-1.175200000000e-004,-4.02010e-002
-1.174800000000e-004,-4.02010e-002
-1.174400000000e-004,-4.02010e-002
-1.174000000000e-004,-4.02010e-002
-1.173600000000e-004,-4.02010e-002
-1.173200000000e-004,-4.02010e-002
-1.172800000000e-004,-4.02010e-002
-1.172400000000e-004,-8.04020e-002
-1.172000000000e-004,-4.02010e-002
-1.171600000000e-004,-4.02010e-002
-1.171200000000e-004,-4.02010e-002
-1.170800000000e-004,-4.02010e-002
-1.170400000000e-004,-4.02010e-002
-1.170000000000e-004,-4.02010e-002
-1.169600000000e-004,-4.02010e-002
-1.169200000000e-004,-4.02010e-002
-1.168800000000e-004,-4.02010e-002
-1.168400000000e-004,-4.02010e-002
-1.168000000000e-004,-4.02010e-002
-1.167600000000e-004,-4.02010e-002
-1.167200000000e-004,-4.02010e-002
-1.166800000000e-004,-4.02010e-002
-1.166400000000e-004,-4.02010e-002
-1.166000000000e-004,-4.02010e-002
-1.165600000000e-004,-4.02010e-002
-1.165200000000e-004,-4.02010e-002
-1.164800000000e-004,-4.02010e-002
-1.164400000000e-004,-8.04020e-002
-1.164000000000e-004,-4.02010e-002
-1.163600000000e-004,-4.02010e-002
-1.163200000000e-004,-4.02010e-002
-1.162800000000e-004,-4.02010e-002
-1.162400000000e-004,-4.02010e-002
-1.162000000000e-004,-4.02010e-002
-1.161600000000e-004,-4.02010e-002
-1.161200000000e-004,-4.02010e-002
-1.160800000000e-004,-4.02010e-002
-1.160400000000e-004,-4.02010e-002
-1.160000000000e-004,-4.02010e-002
-1.159600000000e-004,-4.02010e-002
-1.159200000000e-004, 0.00000e+000
-1.158800000000e-004,-4.02010e-002
-1.158400000000e-004,-4.02010e-002
-1.158000000000e-004,-4.02010e-002
-1.157600000000e-004,-4.02010e-002
-1.157200000000e-004,-4.02010e-002
-1.156800000000e-004,-4.02010e-002
-1.156400000000e-004,-4.02010e-002
-1.156000000000e-004,-4.02010e-002
-1.155600000000e-004,-4.02010e-002
-1.155200000000e-004,-4.02010e-002
-1.154800000000e-004,-4.02010e-002
-1.154400000000e-004,-4.02010e-002
-1.154000000000e-004,-4.02010e-002
-1.153600000000e-004,-4.02010e-002
-1.153200000000e-004,-4.02010e-002
-1.152800000000e-004,-4.02010e-002
-1.152400000000e-004,-4.02010e-002
-1.152000000000e-004,-4.02010e-002
-1.151600000000e-004,-4.02010e-002
-1.151200000000e-004,-4.02010e-002
-1.150800000000e-004,-4.02010e-002
-1.150400000000e-004,-4.02010e-002
-1.150000000000e-004,-4.02010e-002
-1.149600000000e-004,-4.02010e-002
-1.149200000000e-004,-4.02010e-002
-1.148800000000e-004,-4.02010e-002
-1.148400000000e-004,-4.02010e-002
-1.148000000000e-004,-4.02010e-002
-1.147600000000e-004,-4.02010e-002
-1.147200000000e-004,-4.02010e-002
-1.146800000000e-004,-4.02010e-002
-1.146400000000e-004,-4.02010e-002
-1.146000000000e-004,-4.02010e-002
-1.145600000000e-004,-4.02010e-002
-1.145200000000e-004,-4.02010e-002
-1.144800000000e-004,-4.02010e-002
-1.144400000000e-004,-4.02010e-002
-1.144000000000e-004,-4.02010e-002
-1.143600000000e-004,-4.02010e-002
-1.143200000000e-004,-4.02010e-002
-1.142800000000e-004,-4.02010e-002
-1.142400000000e-004,-4.02010e-002
-1.142000000000e-004,-4.02010e-002
-1.141600000000e-004,-4.02010e-002
-1.141200000000e-004,-4.02010e-002
-1.140800000000e-004,-4.02010e-002
-1.140400000000e-004,-4.02010e-002
-1.140000000000e-004,-4.02010e-002
-1.139600000000e-004,-4.02010e-002
-1.139200000000e-004,-4.02010e-002
-1.138800000000e-004,-4.02010e-002
-1.138400000000e-004,-4.02010e-002
-1.138000000000e-004,-4.02010e-002
-1.137600000000e-004,-4.02010e-002
-1.137200000000e-004,-4.02010e-002
-1.136800000000e-004,-4.02010e-002
-1.136400000000e-004,-4.02010e-002
-1.136000000000e-004,-4.02010e-002
-1.135600000000e-004,-4.02010e-002
-1.135200000000e-004,-4.02010e-002
-1.134800000000e-004,-4.02010e-002
-1.134400000000e-004,-4.02010e-002
-1.134000000000e-004, 0.00000e+000
-1.133600000000e-004,-4.02010e-002
-1.133200000000e-004,-4.02010e-002
-1.132800000000e-004,-4.02010e-002
-1.132400000000e-004,-4.02010e-002
-1.132000000000e-004,-4.02010e-002
-1.131600000000e-004,-4.02010e-002
-1.131200000000e-004,-4.02010e-002
-1.130800000000e-004,-4.02010e-002
-1.130400000000e-004,-4.02010e-002
-1.130000000000e-004,-4.02010e-002
-1.129600000000e-004,-4.02010e-002
-1.129200000000e-004,-4.02010e-002
-1.128800000000e-004,-4.02010e-002
-1.128400000000e-004,-4.02010e-002
-1.128000000000e-004,-4.02010e-002
-1.127600000000e-004,-4.02010e-002
-1.127200000000e-004,-4.02010e-002
-1.126800000000e-004,-4.02010e-002
-1.126400000000e-004,-4.02010e-002
-1.126000000000e-004,-4.02010e-002
-1.125600000000e-004,-4.02010e-002
-1.125200000000e-004,-4.02010e-002
-1.124800000000e-004,-4.02010e-002
-1.124400000000e-004,-4.02010e-002
-1.124000000000e-004,-4.02010e-002
-1.123600000000e-004,-4.02010e-002
-1.123200000000e-004,-4.02010e-002
-1.122800000000e-004,-4.02010e-002
-1.122400000000e-004,-4.02010e-002
-1.122000000000e-004,-4.02010e-002
-1.121600000000e-004,-4.02010e-002
-1.121200000000e-004,-4.02010e-002
-1.120800000000e-004,-4.02010e-002
-1.120400000000e-004, 0.00000e+000
-1.120000000000e-004,-4.02010e-002
-1.119600000000e-004,-4.02010e-002
-1.119200000000e-004,-4.02010e-002
-1.118800000000e-004,-4.02010e-002
-1.118400000000e-004,-4.02010e-002
-1.118000000000e-004,-8.04020e-002
-1.117600000000e-004,-4.02010e-002
-1.117200000000e-004,-4.02010e-002
-1.116800000000e-004,-4.02010e-002
-1.116400000000e-004,-4.02010e-002
-1.116000000000e-004,-4.02010e-002
-1.115600000000e-004,-4.02010e-002
-1.115200000000e-004,-4.02010e-002
-1.114800000000e-004,-4.02010e-002
-1.114400000000e-004,-8.04020e-002
-1.114000000000e-004,-4.02010e-002
-1.113600000000e-004,-4.02010e-002
-1.113200000000e-004,-4.02010e-002
-1.112800000000e-004,-4.02010e-002
-1.112400000000e-004,-4.02010e-002
-1.112000000000e-004,-8.04020e-002
-1.111600000000e-004,-4.02010e-002
-1.111200000000e-004,-4.02010e-002
-1.110800000000e-004,-4.02010e-002
-1.110400000000e-004,-4.02010e-002
-1.110000000000e-004,-4.02010e-002
-1.109600000000e-004,-4.02010e-002
-1.109200000000e-004,-4.02010e-002
-1.108800000000e-004,-4.02010e-002
-1.108400000000e-004,-4.02010e-002
-1.108000000000e-004,-4.02010e-002
-1.107600000000e-004,-4.02010e-002
-1.107200000000e-004,-4.02010e-002
-1.106800000000e-004,-4.02010e-002
-1.106400000000e-004,-4.02010e-002
-1.106000000000e-004,-4.02010e-002
-1.105600000000e-004,-4.02010e-002
-1.105200000000e-004,-4.02010e-002
-1.104800000000e-004,-4.02010e-002
-1.104400000000e-004,-4.02010e-002
-1.104000000000e-004,-4.02010e-002
-1.103600000000e-004,-4.02010e-002
-1.103200000000e-004,-4.02010e-002
-1.102800000000e-004,-4.02010e-002
-1.102400000000e-004,-4.02010e-002
-1.102000000000e-004,-8.04020e-002
-1.101600000000e-004,-4.02010e-002
-1.101200000000e-004,-4.02010e-002
-1.100800000000e-004,-4.02010e-002
-1.100400000000e-004,-4.02010e-002
-1.100000000000e-004,-4.02010e-002
-1.099600000000e-004,-4.02010e-002
-1.099200000000e-004,-4.02010e-002
-1.098800000000e-004,-4.02010e-002
-1.098400000000e-004,-4.02010e-002
-1.098000000000e-004,-4.02010e-002
-1.097600000000e-004,-4.02010e-002
-1.097200000000e-004,-4.02010e-002
-1.096800000000e-004,-4.02010e-002
-1.096400000000e-004,-4.02010e-002
-1.096000000000e-004,-4.02010e-002
-1.095600000000e-004,-4.02010e-002
-1.095200000000e-004,-4.02010e-002
-1.094800000000e-004,-4.02010e-002
-1.094400000000e-004,-4.02010e-002
-1.094000000000e-004,-4.02010e-002
-1.093600000000e-004,-4.02010e-002
-1.093200000000e-004,-4.02010e-002
-1.092800000000e-004,-4.02010e-002
-1.092400000000e-004,-4.02010e-002
-1.092000000000e-004,-4.02010e-002
-1.091600000000e-004,-4.02010e-002
-1.091200000000e-004,-4.02010e-002
-1.090800000000e-004,-4.02010e-002
-1.090400000000e-004,-4.02010e-002
-1.090000000000e-004,-4.02010e-002
-1.089600000000e-004,-4.02010e-002
-1.089200000000e-004,-4.02010e-002
-1.088800000000e-004,-4.02010e-002
-1.088400000000e-004,-4.02010e-002
-1.088000000000e-004,-4.02010e-002
-1.087600000000e-004,-4.02010e-002
-1.087200000000e-004,-4.02010e-002
-1.086800000000e-004,-4.02010e-002
-1.086400000000e-004,-4.02010e-002
-1.086000000000e-004,-4.02010e-002
-1.085600000000e-004,-4.02010e-002
-1.085200000000e-004,-4.02010e-002
-1.084800000000e-004,-4.02010e-002
-1.084400000000e-004,-4.02010e-002
-1.084000000000e-004,-4.02010e-002
-1.083600000000e-004,-4.02010e-002
-1.083200000000e-004,-4.02010e-002
-1.082800000000e-004,-4.02010e-002
-1.082400000000e-004,-4.02010e-002
-1.082000000000e-004,-8.04020e-002
-1.081600000000e-004,-8.04020e-002
-1.081200000000e-004,-4.02010e-002
-1.080800000000e-004,-4.02010e-002
-1.080400000000e-004,-4.02010e-002
-1.080000000000e-004,-4.02010e-002
-1.079600000000e-004,-4.02010e-002
-1.079200000000e-004,-4.02010e-002
-1.078800000000e-004,-4.02010e-002
-1.078400000000e-004,-4.02010e-002
-1.078000000000e-004,-4.02010e-002
-1.077600000000e-004,-4.02010e-002
-1.077200000000e-004,-4.02010e-002
-1.076800000000e-004,-4.02010e-002
-1.076400000000e-004,-4.02010e-002
-1.076000000000e-004,-4.02010e-002
-1.075600000000e-004,-4.02010e-002
-1.075200000000e-004,-4.02010e-002
-1.074800000000e-004,-4.02010e-002
-1.074400000000e-004,-4.02010e-002
-1.074000000000e-004,-4.02010e-002
-1.073600000000e-004,-4.02010e-002
-1.073200000000e-004,-4.02010e-002
-1.072800000000e-004,-4.02010e-002
-1.072400000000e-004,-4.02010e-002
-1.072000000000e-004,-4.02010e-002
-1.071600000000e-004,-4.02010e-002
-1.071200000000e-004,-8.04020e-002
-1.070800000000e-004,-4.02010e-002
-1.070400000000e-004,-4.02010e-002
-1.070000000000e-004,-4.02010e-002
-1.069600000000e-004,-4.02010e-002
-1.069200000000e-004,-4.02010e-002
-1.068800000000e-004,-4.02010e-002
-1.068400000000e-004,-4.02010e-002
-1.068000000000e-004,-4.02010e-002
-1.067600000000e-004,-4.02010e-002
-1.067200000000e-004,-4.02010e-002
-1.066800000000e-004,-4.02010e-002
-1.066400000000e-004,-4.02010e-002
-1.066000000000e-004,-4.02010e-002
-1.065600000000e-004,-4.02010e-002
-1.065200000000e-004,-4.02010e-002
-1.064800000000e-004,-4.02010e-002
-1.064400000000e-004,-4.02010e-002
-1.064000000000e-004,-4.02010e-002
-1.063600000000e-004,-4.02010e-002
-1.063200000000e-004,-4.02010e-002
-1.062800000000e-004,-4.02010e-002
-1.062400000000e-004,-4.02010e-002
-1.062000000000e-004,-4.02010e-002
-1.061600000000e-004,-4.02010e-002
-1.061200000000e-004,-4.02010e-002
-1.060800000000e-004,-4.02010e-002
-1.060400000000e-004,-4.02010e-002
-1.060000000000e-004,-4.02010e-002
-1.059600000000e-004,-4.02010e-002
-1.059200000000e-004,-8.04020e-002
-1.058800000000e-004,-4.02010e-002
-1.058400000000e-004,-4.02010e-002
-1.058000000000e-004,-4.02010e-002
-1.057600000000e-004,-4.02010e-002
-1.057200000000e-004,-4.02010e-002
-1.056800000000e-004,-4.02010e-002
-1.056400000000e-004,-4.02010e-002
-1.056000000000e-004,-4.02010e-002
-1.055600000000e-004,-4.02010e-002
-1.055200000000e-004,-4.02010e-002
-1.054800000000e-004, 0.00000e+000
-1.054400000000e-004, 0.00000e+000
-1.054000000000e-004,-4.02010e-002
-1.053600000000e-004,-4.02010e-002
-1.053200000000e-004,-4.02010e-002
-1.052800000000e-004,-4.02010e-002
-1.052400000000e-004,-4.02010e-002
-1.052000000000e-004,-4.02010e-002
-1.051600000000e-004,-4.02010e-002
-1.051200000000e-004,-4.02010e-002
-1.050800000000e-004,-4.02010e-002
-1.050400000000e-004,-4.02010e-002
-1.050000000000e-004, 0.00000e+000
-1.049600000000e-004,-4.02010e-002
-1.049200000000e-004,-4.02010e-002
-1.048800000000e-004,-4.02010e-002
-1.048400000000e-004,-8.04020e-002
-1.048000000000e-004,-4.02010e-002
-1.047600000000e-004,-4.02010e-002
-1.047200000000e-004,-4.02010e-002
-1.046800000000e-004,-8.04020e-002
-1.046400000000e-004,-4.02010e-002
-1.046000000000e-004,-4.02010e-002
-1.045600000000e-004,-4.02010e-002
-1.045200000000e-004,-4.02010e-002
-1.044800000000e-004,-4.02010e-002
-1.044400000000e-004,-4.02010e-002
-1.044000000000e-004,-4.02010e-002
-1.043600000000e-004, 0.00000e+000
-1.043200000000e-004,-4.02010e-002
-1.042800000000e-004,-4.02010e-002
-1.042400000000e-004,-4.02010e-002
-1.042000000000e-004,-4.02010e-002
-1.041600000000e-004,-4.02010e-002
-1.041200000000e-004,-4.02010e-002
-1.040800000000e-004,-4.02010e-002
-1.040400000000e-004,-4.02010e-002
-1.040000000000e-004,-4.02010e-002
-1.039600000000e-004,-4.02010e-002
-1.039200000000e-004,-4.02010e-002
-1.038800000000e-004,-4.02010e-002
-1.038400000000e-004,-4.02010e-002
-1.038000000000e-004,-4.02010e-002
-1.037600000000e-004,-4.02010e-002
-1.037200000000e-004,-4.02010e-002
-1.036800000000e-004,-4.02010e-002
-1.036400000000e-004,-4.02010e-002
-1.036000000000e-004,-4.02010e-002
-1.035600000000e-004,-4.02010e-002
-1.035200000000e-004,-4.02010e-002
-1.034800000000e-004,-4.02010e-002
-1.034400000000e-004,-4.02010e-002
-1.034000000000e-004,-4.02010e-002
-1.033600000000e-004,-4.02010e-002
-1.033200000000e-004,-4.02010e-002
-1.032800000000e-004,-4.02010e-002
-1.032400000000e-004,-4.02010e-002
-1.032000000000e-004,-4.02010e-002
-1.031600000000e-004,-4.02010e-002
-1.031200000000e-004,-4.02010e-002
-1.030800000000e-004,-4.02010e-002
-1.030400000000e-004,-4.02010e-002
-1.030000000000e-004,-4.02010e-002
-1.029600000000e-004,-4.02010e-002
-1.029200000000e-004,-4.02010e-002
-1.028800000000e-004,-4.02010e-002
-1.028400000000e-004,-4.02010e-002
-1.028000000000e-004,-4.02010e-002
-1.027600000000e-004,-4.02010e-002
-1.027200000000e-004,-4.02010e-002
-1.026800000000e-004,-4.02010e-002
-1.026400000000e-004,-4.02010e-002
-1.026000000000e-004,-4.02010e-002
-1.025600000000e-004,-4.02010e-002
-1.025200000000e-004,-4.02010e-002
-1.024800000000e-004,-4.02010e-002
-1.024400000000e-004,-4.02010e-002
-1.024000000000e-004,-4.02010e-002
-1.023600000000e-004,-4.02010e-002
-1.023200000000e-004,-4.02010e-002
-1.022800000000e-004,-4.02010e-002
-1.022400000000e-004,-4.02010e-002
-1.022000000000e-004,-4.02010e-002
-1.021600000000e-004,-4.02010e-002
-1.021200000000e-004,-4.02010e-002
-1.020800000000e-004,-4.02010e-002
-1.020400000000e-004,-4.02010e-002
-1.020000000000e-004,-4.02010e-002
-1.019600000000e-004,-4.02010e-002
-1.019200000000e-004,-4.02010e-002
-1.018800000000e-004,-4.02010e-002
-1.018400000000e-004,-4.02010e-002
-1.018000000000e-004,-4.02010e-002
-1.017600000000e-004,-4.02010e-002
-1.017200000000e-004,-4.02010e-002
-1.016800000000e-004,-4.02010e-002
-1.016400000000e-004,-4.02010e-002
-1.016000000000e-004,-4.02010e-002
-1.015600000000e-004,-4.02010e-002
-1.015200000000e-004,-4.02010e-002
-1.014800000000e-004,-4.02010e-002
-1.014400000000e-004,-4.02010e-002
-1.014000000000e-004,-4.02010e-002
-1.013600000000e-004,-4.02010e-002
-1.013200000000e-004,-4.02010e-002
-1.012800000000e-004,-4.02010e-002
-1.012400000000e-004,-4.02010e-002
-1.012000000000e-004,-4.02010e-002
-1.011600000000e-004,-4.02010e-002
-1.011200000000e-004,-4.02010e-002
-1.010800000000e-004,-4.02010e-002
-1.010400000000e-004,-4.02010e-002
-1.010000000000e-004,-4.02010e-002
-1.009600000000e-004,-4.02010e-002
-1.009200000000e-004,-4.02010e-002
-1.008800000000e-004,-4.02010e-002
-1.008400000000e-004,-4.02010e-002
-1.008000000000e-004,-4.02010e-002
-1.007600000000e-004,-4.02010e-002
-1.007200000000e-004,-4.02010e-002
-1.006800000000e-004,-4.02010e-002
-1.006400000000e-004,-4.02010e-002
-1.006000000000e-004,-4.02010e-002
-1.005600000000e-004,-4.02010e-002
-1.005200000000e-004,-4.02010e-002
-1.004800000000e-004,-4.02010e-002
-1.004400000000e-004,-4.02010e-002
-1.004000000000e-004,-4.02010e-002
-1.003600000000e-004,-4.02010e-002
-1.003200000000e-004,-4.02010e-002
-1.002800000000e-004, 0.00000e+000
-1.002400000000e-004,-4.02010e-002
-1.002000000000e-004,-4.02010e-002
-1.001600000000e-004,-4.02010e-002
-1.001200000000e-004,-4.02010e-002
-1.000800000000e-004,-4.02010e-002
-1.000400000000e-004,-4.02010e-002
-1.000000000000e-004,-4.02010e-002
-9.996000000000e-005,-4.02010e-002
-9.992000000000e-005,-4.02010e-002
-9.988000000000e-005,-4.02010e-002
-9.984000000000e-005,-4.02010e-002
-9.980000000000e-005,-4.02010e-002
-9.976000000000e-005,-4.02010e-002
-9.972000000000e-005,-4.02010e-002
-9.968000000000e-005,-4.02010e-002
-9.964000000000e-005,-4.02010e-002
-9.960000000000e-005,-4.02010e-002
-9.956000000000e-005,-4.02010e-002
-9.952000000000e-005,-4.02010e-002
-9.948000000000e-005, 0.00000e+000
-9.944000000000e-005,-4.02010e-002
-9.940000000000e-005,-4.02010e-002
-9.936000000000e-005,-4.02010e-002
-9.932000000000e-005,-4.02010e-002
-9.928000000000e-005,-4.02010e-002
-9.924000000000e-005,-4.02010e-002
-9.920000000000e-005,-4.02010e-002
-9.916000000000e-005,-4.02010e-002
-9.912000000000e-005,-4.02010e-002
-9.908000000000e-005,-4.02010e-002
-9.904000000000e-005,-4.02010e-002
-9.900000000000e-005,-4.02010e-002
-9.896000000000e-005,-4.02010e-002
-9.892000000000e-005,-4.02010e-002
-9.888000000000e-005,-4.02010e-002
-9.884000000000e-005,-4.02010e-002
-9.880000000000e-005,-4.02010e-002
-9.876000000000e-005,-4.02010e-002
-9.872000000000e-005,-4.02010e-002
-9.868000000000e-005,-4.02010e-002
-9.864000000000e-005,-4.02010e-002
-9.860000000000e-005,-4.02010e-002
-9.856000000000e-005,-4.02010e-002
-9.852000000000e-005,-4.02010e-002
-9.848000000000e-005,-4.02010e-002
-9.844000000000e-005,-4.02010e-002
-9.840000000000e-005,-4.02010e-002
-9.836000000000e-005,-8.04020e-002
-9.832000000000e-005,-4.02010e-002
-9.828000000000e-005,-4.02010e-002
-9.824000000000e-005,-4.02010e-002
-9.820000000000e-005,-4.02010e-002
-9.816000000000e-005,-4.02010e-002
-9.812000000000e-005,-4.02010e-002
-9.808000000000e-005,-4.02010e-002
-9.804000000000e-005,-4.02010e-002
-9.800000000000e-005,-4.02010e-002
-9.796000000000e-005,-4.02010e-002
-9.792000000000e-005,-8.04020e-002
-9.788000000000e-005,-4.02010e-002
-9.784000000000e-005,-4.02010e-002
-9.780000000000e-005,-4.02010e-002
-9.776000000000e-005,-8.04020e-002
-9.772000000000e-005,-4.02010e-002
-9.768000000000e-005,-4.02010e-002
-9.764000000000e-005,-4.02010e-002
-9.760000000000e-005, 0.00000e+000
-9.756000000000e-005,-4.02010e-002
-9.752000000000e-005,-4.02010e-002
-9.748000000000e-005,-4.02010e-002
-9.744000000000e-005,-4.02010e-002
-9.740000000000e-005,-4.02010e-002
-9.736000000000e-005,-4.02010e-002
-9.732000000000e-005,-4.02010e-002
-9.728000000000e-005,-4.02010e-002
-9.724000000000e-005,-4.02010e-002
-9.720000000000e-005,-4.02010e-002
-9.716000000000e-005,-4.02010e-002
-9.712000000000e-005,-4.02010e-002
-9.708000000000e-005,-4.02010e-002
-9.704000000000e-005,-4.02010e-002
-9.700000000000e-005,-4.02010e-002
-9.696000000000e-005,-4.02010e-002
-9.692000000000e-005,-4.02010e-002
-9.688000000000e-005,-4.02010e-002
-9.684000000000e-005,-4.02010e-002
-9.680000000000e-005,-4.02010e-002
-9.676000000000e-005,-8.04020e-002
-9.672000000000e-005,-4.02010e-002
-9.668000000000e-005,-4.02010e-002
-9.664000000000e-005,-4.02010e-002
-9.660000000000e-005,-4.02010e-002
-9.656000000000e-005,-4.02010e-002
-9.652000000000e-005,-4.02010e-002
-9.648000000000e-005,-4.02010e-002
-9.644000000000e-005,-4.02010e-002
-9.640000000000e-005,-4.02010e-002
-9.636000000000e-005,-4.02010e-002
-9.632000000000e-005,-4.02010e-002
-9.628000000000e-005,-4.02010e-002
-9.624000000000e-005,-4.02010e-002
-9.620000000000e-005,-8.04020e-002
-9.616000000000e-005,-4.02010e-002
-9.612000000000e-005,-4.02010e-002
-9.608000000000e-005,-4.02010e-002
-9.604000000000e-005,-4.02010e-002
-9.600000000000e-005,-4.02010e-002
-9.596000000000e-005,-4.02010e-002
-9.592000000000e-005,-4.02010e-002
-9.588000000000e-005,-4.02010e-002
-9.584000000000e-005,-4.02010e-002
-9.580000000000e-005,-4.02010e-002
-9.576000000000e-005,-4.02010e-002
-9.572000000000e-005,-4.02010e-002
-9.568000000000e-005,-4.02010e-002
-9.564000000000e-005,-4.02010e-002
-9.560000000000e-005,-4.02010e-002
-9.556000000000e-005,-4.02010e-002
-9.552000000000e-005,-4.02010e-002
-9.548000000000e-005,-4.02010e-002
-9.544000000000e-005,-4.02010e-002
-9.540000000000e-005,-4.02010e-002
-9.536000000000e-005,-4.02010e-002
-9.532000000000e-005,-4.02010e-002
-9.528000000000e-005,-4.02010e-002
-9.524000000000e-005,-4.02010e-002
-9.520000000000e-005,-4.02010e-002
-9.516000000000e-005,-4.02010e-002
-9.512000000000e-005,-4.02010e-002
-9.508000000000e-005,-4.02010e-002
-9.504000000000e-005,-4.02010e-002
-9.500000000000e-005,-4.02010e-002
-9.496000000000e-005,-4.02010e-002
-9.492000000000e-005,-4.02010e-002
-9.488000000000e-005,-4.02010e-002
-9.484000000000e-005,-4.02010e-002
-9.480000000000e-005,-4.02010e-002
-9.476000000000e-005,-4.02010e-002
-9.472000000000e-005,-4.02010e-002
-9.468000000000e-005,-4.02010e-002
-9.464000000000e-005,-4.02010e-002
-9.460000000000e-005,-4.02010e-002
-9.456000000000e-005,-4.02010e-002
-9.452000000000e-005,-4.02010e-002
-9.448000000000e-005,-4.02010e-002
-9.444000000000e-005,-4.02010e-002
-9.440000000000e-005,-4.02010e-002
-9.436000000000e-005,-4.02010e-002
-9.432000000000e-005,-4.02010e-002
-9.428000000000e-005,-4.02010e-002
-9.424000000000e-005,-4.02010e-002
-9.420000000000e-005,-4.02010e-002
-9.416000000000e-005,-4.02010e-002
-9.412000000000e-005,-4.02010e-002
-9.408000000000e-005,-4.02010e-002
-9.404000000000e-005,-4.02010e-002
-9.400000000000e-005,-4.02010e-002
-9.396000000000e-005,-4.02010e-002
-9.392000000000e-005,-4.02010e-002
-9.388000000000e-005,-4.02010e-002
-9.384000000000e-005,-4.02010e-002
-9.380000000000e-005,-4.02010e-002
-9.376000000000e-005,-4.02010e-002
-9.372000000000e-005,-4.02010e-002
-9.368000000000e-005,-4.02010e-002
-9.364000000000e-005,-4.02010e-002
-9.360000000000e-005,-4.02010e-002
-9.356000000000e-005,-4.02010e-002
-9.352000000000e-005,-4.02010e-002
-9.348000000000e-005,-4.02010e-002
-9.344000000000e-005,-4.02010e-002
-9.340000000000e-005,-4.02010e-002
-9.336000000000e-005,-4.02010e-002
-9.332000000000e-005,-4.02010e-002
-9.328000000000e-005,-4.02010e-002
-9.324000000000e-005,-4.02010e-002
-9.320000000000e-005,-4.02010e-002
-9.316000000000e-005,-4.02010e-002
-9.312000000000e-005,-4.02010e-002
-9.308000000000e-005,-4.02010e-002
-9.304000000000e-005,-4.02010e-002
-9.300000000000e-005,-4.02010e-002
-9.296000000000e-005,-4.02010e-002
-9.292000000000e-005,-4.02010e-002
-9.288000000000e-005,-4.02010e-002
-9.284000000000e-005,-4.02010e-002
-9.280000000000e-005,-4.02010e-002
-9.276000000000e-005,-4.02010e-002
-9.272000000000e-005,-4.02010e-002
-9.268000000000e-005,-4.02010e-002
-9.264000000000e-005,-4.02010e-002
-9.260000000000e-005,-4.02010e-002
-9.256000000000e-005,-4.02010e-002
-9.252000000000e-005,-4.02010e-002
-9.248000000000e-005,-4.02010e-002
-9.244000000000e-005,-4.02010e-002
-9.240000000000e-005,-4.02010e-002
-9.236000000000e-005,-4.02010e-002
-9.232000000000e-005,-4.02010e-002
-9.228000000000e-005,-4.02010e-002
-9.224000000000e-005,-4.02010e-002
-9.220000000000e-005,-4.02010e-002
-9.216000000000e-005,-4.02010e-002
-9.212000000000e-005,-4.02010e-002
-9.208000000000e-005,-4.02010e-002
-9.204000000000e-005,-4.02010e-002
-9.200000000000e-005,-4.02010e-002
-9.196000000000e-005,-4.02010e-002
-9.192000000000e-005,-4.02010e-002
-9.188000000000e-005,-4.02010e-002
-9.184000000000e-005,-4.02010e-002
-9.180000000000e-005,-4.02010e-002
-9.176000000000e-005,-4.02010e-002
-9.172000000000e-005,-4.02010e-002
-9.168000000000e-005,-4.02010e-002
-9.164000000000e-005,-4.02010e-002
-9.160000000000e-005,-4.02010e-002
-9.156000000000e-005,-4.02010e-002
-9.152000000000e-005,-4.02010e-002
-9.148000000000e-005,-4.02010e-002
-9.144000000000e-005,-4.02010e-002
-9.140000000000e-005,-4.02010e-002
-9.136000000000e-005,-4.02010e-002
-9.132000000000e-005,-4.02010e-002
-9.128000000000e-005,-4.02010e-002
-9.124000000000e-005,-4.02010e-002
-9.120000000000e-005,-4.02010e-002
-9.116000000000e-005,-4.02010e-002
-9.112000000000e-005,-4.02010e-002
-9.108000000000e-005,-4.02010e-002
-9.104000000000e-005,-4.02010e-002
-9.100000000000e-005,-4.02010e-002
-9.096000000000e-005,-4.02010e-002
-9.092000000000e-005,-4.02010e-002
-9.088000000000e-005,-4.02010e-002
-9.084000000000e-005,-4.02010e-002
-9.080000000000e-005,-4.02010e-002
-9.076000000000e-005,-4.02010e-002
-9.072000000000e-005,-4.02010e-002
-9.068000000000e-005,-4.02010e-002
-9.064000000000e-005,-4.02010e-002
-9.060000000000e-005,-4.02010e-002
-9.056000000000e-005,-4.02010e-002
-9.052000000000e-005,-4.02010e-002
-9.048000000000e-005,-4.02010e-002
-9.044000000000e-005,-4.02010e-002
-9.040000000000e-005,-4.02010e-002
-9.036000000000e-005,-4.02010e-002
-9.032000000000e-005,-4.02010e-002
-9.028000000000e-005,-4.02010e-002
-9.024000000000e-005,-4.02010e-002
-9.020000000000e-005,-4.02010e-002
-9.016000000000e-005,-4.02010e-002
-9.012000000000e-005,-4.02010e-002
-9.008000000000e-005,-8.04020e-002
-9.004000000000e-005,-4.02010e-002
-9.000000000000e-005,-4.02010e-002
-8.996000000000e-005,-4.02010e-002
-8.992000000000e-005,-4.02010e-002
-8.988000000000e-005,-4.02010e-002
-8.984000000000e-005,-4.02010e-002
-8.980000000000e-005,-4.02010e-002
-8.976000000000e-005,-4.02010e-002
-8.972000000000e-005,-4.02010e-002
-8.968000000000e-005,-4.02010e-002
-8.964000000000e-005,-4.02010e-002
-8.960000000000e-005,-4.02010e-002
-8.956000000000e-005,-4.02010e-002
-8.952000000000e-005,-4.02010e-002
-8.948000000000e-005,-4.02010e-002
-8.944000000000e-005,-4.02010e-002
-8.940000000000e-005,-4.02010e-002
-8.936000000000e-005,-4.02010e-002
-8.932000000000e-005,-4.02010e-002
-8.928000000000e-005,-4.02010e-002
-8.924000000000e-005,-4.02010e-002
-8.920000000000e-005,-4.02010e-002
-8.916000000000e-005,-4.02010e-002
-8.912000000000e-005,-4.02010e-002
-8.908000000000e-005,-4.02010e-002
-8.904000000000e-005, 0.00000e+000
-8.900000000000e-005,-4.02010e-002
-8.896000000000e-005,-4.02010e-002
-8.892000000000e-005,-4.02010e-002
-8.888000000000e-005,-4.02010e-002
-8.884000000000e-005,-4.02010e-002
-8.880000000000e-005,-4.02010e-002
-8.876000000000e-005,-4.02010e-002
-8.872000000000e-005,-4.02010e-002
-8.868000000000e-005,-4.02010e-002
-8.864000000000e-005,-4.02010e-002
-8.860000000000e-005,-4.02010e-002
-8.856000000000e-005,-4.02010e-002
-8.852000000000e-005,-4.02010e-002
-8.848000000000e-005,-4.02010e-002
-8.844000000000e-005,-4.02010e-002
-8.840000000000e-005,-4.02010e-002
-8.836000000000e-005,-4.02010e-002
-8.832000000000e-005,-4.02010e-002
-8.828000000000e-005,-4.02010e-002
-8.824000000000e-005,-4.02010e-002
-8.820000000000e-005,-4.02010e-002
-8.816000000000e-005,-4.02010e-002
-8.812000000000e-005,-4.02010e-002
-8.808000000000e-005,-4.02010e-002
-8.804000000000e-005,-4.02010e-002
-8.800000000000e-005,-4.02010e-002
-8.796000000000e-005,-4.02010e-002
-8.792000000000e-005,-4.02010e-002
-8.788000000000e-005,-4.02010e-002
-8.784000000000e-005,-4.02010e-002
-8.780000000000e-005,-4.02010e-002
-8.776000000000e-005,-4.02010e-002
-8.772000000000e-005,-4.02010e-002
-8.768000000000e-005,-4.02010e-002
-8.764000000000e-005,-4.02010e-002
-8.760000000000e-005,-4.02010e-002
-8.756000000000e-005,-4.02010e-002
-8.752000000000e-005,-4.02010e-002
-8.748000000000e-005,-4.02010e-002
-8.744000000000e-005,-4.02010e-002
-8.740000000000e-005,-4.02010e-002
-8.736000000000e-005,-4.02010e-002
-8.732000000000e-005,-4.02010e-002
-8.728000000000e-005,-4.02010e-002
-8.724000000000e-005,-4.02010e-002
-8.720000000000e-005,-4.02010e-002
-8.716000000000e-005,-4.02010e-002
-8.712000000000e-005,-4.02010e-002
-8.708000000000e-005,-4.02010e-002
-8.704000000000e-005,-4.02010e-002
-8.700000000000e-005,-8.04020e-002
-8.696000000000e-005,-4.02010e-002
-8.692000000000e-005,-4.02010e-002
-8.688000000000e-005,-4.02010e-002
-8.684000000000e-005,-4.02010e-002
-8.680000000000e-005,-4.02010e-002
-8.676000000000e-005,-4.02010e-002
-8.672000000000e-005,-4.02010e-002
-8.668000000000e-005,-4.02010e-002
-8.664000000000e-005,-4.02010e-002
-8.660000000000e-005,-4.02010e-002
-8.656000000000e-005,-4.02010e-002
-8.652000000000e-005,-4.02010e-002
-8.648000000000e-005,-4.02010e-002
-8.644000000000e-005,-4.02010e-002
-8.640000000000e-005,-4.02010e-002
-8.636000000000e-005,-4.02010e-002
-8.632000000000e-005,-4.02010e-002
-8.628000000000e-005, 0.00000e+000
-8.624000000000e-005,-4.02010e-002
-8.620000000000e-005,-4.02010e-002
-8.616000000000e-005,-4.02010e-002
-8.612000000000e-005,-4.02010e-002
-8.608000000000e-005,-4.02010e-002
-8.604000000000e-005,-4.02010e-002
-8.600000000000e-005,-4.02010e-002
-8.596000000000e-005,-4.02010e-002
-8.592000000000e-005,-4.02010e-002
-8.588000000000e-005,-4.02010e-002
-8.584000000000e-005,-4.02010e-002
-8.580000000000e-005,-4.02010e-002
-8.576000000000e-005,-4.02010e-002
-8.572000000000e-005,-4.02010e-002
-8.568000000000e-005,-4.02010e-002
-8.564000000000e-005,-4.02010e-002
-8.560000000000e-005,-4.02010e-002
-8.556000000000e-005,-4.02010e-002
-8.552000000000e-005,-4.02010e-002
-8.548000000000e-005,-4.02010e-002
-8.544000000000e-005,-4.02010e-002
-8.540000000000e-005,-4.02010e-002
-8.536000000000e-005,-4.02010e-002
-8.532000000000e-005,-4.02010e-002
-8.528000000000e-005,-4.02010e-002
-8.524000000000e-005,-4.02010e-002
-8.520000000000e-005,-4.02010e-002
-8.516000000000e-005,-4.02010e-002
-8.512000000000e-005,-4.02010e-002
-8.508000000000e-005,-4.02010e-002
-8.504000000000e-005,-4.02010e-002
-8.500000000000e-005,-4.02010e-002
-8.496000000000e-005,-4.02010e-002
-8.492000000000e-005,-4.02010e-002
-8.488000000000e-005,-4.02010e-002
-8.484000000000e-005,-4.02010e-002
-8.480000000000e-005,-4.02010e-002
-8.476000000000e-005,-4.02010e-002
-8.472000000000e-005,-4.02010e-002
-8.468000000000e-005,-4.02010e-002
-8.464000000000e-005,-4.02010e-002
-8.460000000000e-005,-4.02010e-002
-8.456000000000e-005,-4.02010e-002
-8.452000000000e-005,-4.02010e-002
-8.448000000000e-005,-4.02010e-002
-8.444000000000e-005,-4.02010e-002
-8.440000000000e-005,-4.02010e-002
-8.436000000000e-005,-4.02010e-002
-8.432000000000e-005,-4.02010e-002
-8.428000000000e-005,-4.02010e-002
-8.424000000000e-005,-4.02010e-002
-8.420000000000e-005,-4.02010e-002
-8.416000000000e-005,-4.02010e-002
-8.412000000000e-005,-4.02010e-002
-8.408000000000e-005,-4.02010e-002
-8.404000000000e-005,-4.02010e-002
-8.400000000000e-005,-4.02010e-002
-8.396000000000e-005,-4.02010e-002
-8.392000000000e-005,-4.02010e-002
-8.388000000000e-005,-4.02010e-002
-8.384000000000e-005,-4.02010e-002
-8.380000000000e-005,-4.02010e-002
-8.376000000000e-005,-4.02010e-002
-8.372000000000e-005,-4.02010e-002
-8.368000000000e-005,-4.02010e-002
-8.364000000000e-005,-4.02010e-002
-8.360000000000e-005,-8.04020e-002
-8.356000000000e-005,-4.02010e-002
-8.352000000000e-005,-4.02010e-002
-8.348000000000e-005,-4.02010e-002
-8.344000000000e-005,-4.02010e-002
-8.340000000000e-005,-4.02010e-002
-8.336000000000e-005,-4.02010e-002
-8.332000000000e-005,-4.02010e-002
-8.328000000000e-005,-4.02010e-002
-8.324000000000e-005,-4.02010e-002
-8.320000000000e-005,-4.02010e-002
-8.316000000000e-005,-4.02010e-002
-8.312000000000e-005,-4.02010e-002
-8.308000000000e-005,-4.02010e-002
-8.304000000000e-005,-4.02010e-002
-8.300000000000e-005,-4.02010e-002
-8.296000000000e-005,-4.02010e-002
-8.292000000000e-005,-4.02010e-002
-8.288000000000e-005,-4.02010e-002
-8.284000000000e-005,-4.02010e-002
-8.280000000000e-005,-4.02010e-002
-8.276000000000e-005,-4.02010e-002
-8.272000000000e-005,-4.02010e-002
-8.268000000000e-005,-4.02010e-002
-8.264000000000e-005,-4.02010e-002
-8.260000000000e-005,-4.02010e-002
-8.256000000000e-005,-4.02010e-002
-8.252000000000e-005, 0.00000e+000
-8.248000000000e-005,-4.02010e-002
-8.244000000000e-005,-4.02010e-002
-8.240000000000e-005,-4.02010e-002
-8.236000000000e-005,-4.02010e-002
-8.232000000000e-005,-4.02010e-002
-8.228000000000e-005,-4.02010e-002
-8.224000000000e-005,-4.02010e-002
-8.220000000000e-005,-4.02010e-002
-8.216000000000e-005,-4.02010e-002
-8.212000000000e-005,-4.02010e-002
-8.208000000000e-005,-4.02010e-002
-8.204000000000e-005,-4.02010e-002
-8.200000000000e-005,-4.02010e-002
-8.196000000000e-005,-4.02010e-002
-8.192000000000e-005,-4.02010e-002
-8.188000000000e-005,-4.02010e-002
-8.184000000000e-005,-4.02010e-002
-8.180000000000e-005,-4.02010e-002
-8.176000000000e-005,-4.02010e-002
-8.172000000000e-005,-4.02010e-002
-8.168000000000e-005,-4.02010e-002
-8.164000000000e-005,-4.02010e-002
-8.160000000000e-005,-4.02010e-002
-8.156000000000e-005,-4.02010e-002
-8.152000000000e-005,-4.02010e-002
-8.148000000000e-005,-4.02010e-002
-8.144000000000e-005,-4.02010e-002
-8.140000000000e-005,-4.02010e-002
-8.136000000000e-005,-4.02010e-002
-8.132000000000e-005,-4.02010e-002
-8.128000000000e-005,-4.02010e-002
-8.124000000000e-005,-4.02010e-002
-8.120000000000e-005,-4.02010e-002
-8.116000000000e-005,-4.02010e-002
-8.112000000000e-005,-4.02010e-002
-8.108000000000e-005,-4.02010e-002
-8.104000000000e-005, 0.00000e+000
-8.100000000000e-005,-4.02010e-002
-8.096000000000e-005,-4.02010e-002
-8.092000000000e-005,-4.02010e-002
-8.088000000000e-005,-8.04020e-002
-8.084000000000e-005,-4.02010e-002
-8.080000000000e-005,-4.02010e-002
-8.076000000000e-005,-4.02010e-002
-8.072000000000e-005,-4.02010e-002
-8.068000000000e-005,-4.02010e-002
-8.064000000000e-005,-4.02010e-002
-8.060000000000e-005,-4.02010e-002
-8.056000000000e-005,-4.02010e-002
-8.052000000000e-005,-4.02010e-002
-8.048000000000e-005,-4.02010e-002
-8.044000000000e-005,-4.02010e-002
-8.040000000000e-005,-4.02010e-002
-8.036000000000e-005,-4.02010e-002
-8.032000000000e-005,-4.02010e-002
-8.028000000000e-005,-4.02010e-002
-8.024000000000e-005,-4.02010e-002
-8.020000000000e-005,-4.02010e-002
-8.016000000000e-005,-4.02010e-002
-8.012000000000e-005,-4.02010e-002
-8.008000000000e-005,-4.02010e-002
-8.004000000000e-005,-4.02010e-002
-8.000000000000e-005,-4.02010e-002
-7.996000000000e-005,-4.02010e-002
-7.992000000000e-005,-4.02010e-002
-7.988000000000e-005,-4.02010e-002
-7.984000000000e-005,-4.02010e-002
-7.980000000000e-005,-4.02010e-002
-7.976000000000e-005,-4.02010e-002
-7.972000000000e-005,-4.02010e-002
-7.968000000000e-005,-4.02010e-002
-7.964000000000e-005,-4.02010e-002
-7.960000000000e-005,-4.02010e-002
-7.956000000000e-005,-4.02010e-002
-7.952000000000e-005,-4.02010e-002
-7.948000000000e-005,-8.04020e-002
-7.944000000000e-005,-4.02010e-002
-7.940000000000e-005,-4.02010e-002
-7.936000000000e-005,-4.02010e-002
-7.932000000000e-005,-4.02010e-002
-7.928000000000e-005,-4.02010e-002
-7.924000000000e-005,-4.02010e-002
-7.920000000000e-005,-4.02010e-002
-7.916000000000e-005,-4.02010e-002
-7.912000000000e-005,-4.02010e-002
-7.908000000000e-005,-4.02010e-002
-7.904000000000e-005,-4.02010e-002
-7.900000000000e-005,-4.02010e-002
-7.896000000000e-005,-4.02010e-002
-7.892000000000e-005,-8.04020e-002
-7.888000000000e-005,-4.02010e-002
-7.884000000000e-005,-8.04020e-002
-7.880000000000e-005,-4.02010e-002
-7.876000000000e-005,-4.02010e-002
-7.872000000000e-005,-4.02010e-002
-7.868000000000e-005,-4.02010e-002
-7.864000000000e-005,-4.02010e-002
-7.860000000000e-005,-4.02010e-002
-7.856000000000e-005,-4.02010e-002
-7.852000000000e-005,-4.02010e-002
-7.848000000000e-005,-4.02010e-002
-7.844000000000e-005,-4.02010e-002
-7.840000000000e-005,-4.02010e-002
-7.836000000000e-005,-4.02010e-002
-7.832000000000e-005,-4.02010e-002
-7.828000000000e-005,-4.02010e-002
-7.824000000000e-005,-4.02010e-002
-7.820000000000e-005,-4.02010e-002
-7.816000000000e-005,-4.02010e-002
-7.812000000000e-005,-4.02010e-002
-7.808000000000e-005,-4.02010e-002
-7.804000000000e-005,-4.02010e-002
-7.800000000000e-005,-4.02010e-002
-7.796000000000e-005,-4.02010e-002
-7.792000000000e-005,-4.02010e-002
-7.788000000000e-005,-4.02010e-002
-7.784000000000e-005,-4.02010e-002
-7.780000000000e-005,-4.02010e-002
-7.776000000000e-005,-4.02010e-002
-7.772000000000e-005,-4.02010e-002
-7.768000000000e-005,-4.02010e-002
-7.764000000000e-005,-4.02010e-002
-7.760000000000e-005,-4.02010e-002
-7.756000000000e-005,-4.02010e-002
-7.752000000000e-005,-4.02010e-002
-7.748000000000e-005,-4.02010e-002
-7.744000000000e-005,-4.02010e-002
-7.740000000000e-005,-4.02010e-002
-7.736000000000e-005,-4.02010e-002
-7.732000000000e-005,-4.02010e-002
-7.728000000000e-005,-4.02010e-002
-7.724000000000e-005,-4.02010e-002
-7.720000000000e-005,-4.02010e-002
-7.716000000000e-005,-4.02010e-002
-7.712000000000e-005,-4.02010e-002
-7.708000000000e-005,-4.02010e-002
-7.704000000000e-005,-4.02010e-002
-7.700000000000e-005,-4.02010e-002
-7.696000000000e-005,-4.02010e-002
-7.692000000000e-005,-8.04020e-002
-7.688000000000e-005,-4.02010e-002
-7.684000000000e-005,-4.02010e-002
-7.680000000000e-005,-4.02010e-002
-7.676000000000e-005,-4.02010e-002
-7.672000000000e-005,-4.02010e-002
-7.668000000000e-005,-4.02010e-002
-7.664000000000e-005,-4.02010e-002
-7.660000000000e-005,-4.02010e-002
-7.656000000000e-005,-4.02010e-002
-7.652000000000e-005,-4.02010e-002
-7.648000000000e-005,-4.02010e-002
-7.644000000000e-005,-4.02010e-002
-7.640000000000e-005,-4.02010e-002
-7.636000000000e-005,-4.02010e-002
-7.632000000000e-005,-4.02010e-002
-7.628000000000e-005,-4.02010e-002
-7.624000000000e-005,-4.02010e-002
-7.620000000000e-005,-4.02010e-002
-7.616000000000e-005,-4.02010e-002
-7.612000000000e-005,-4.02010e-002
-7.608000000000e-005,-4.02010e-002
-7.604000000000e-005,-4.02010e-002
-7.600000000000e-005,-4.02010e-002
-7.596000000000e-005,-4.02010e-002
-7.592000000000e-005,-4.02010e-002
-7.588000000000e-005,-4.02010e-002
-7.584000000000e-005,-4.02010e-002
-7.580000000000e-005,-4.02010e-002
-7.576000000000e-005,-4.02010e-002
-7.572000000000e-005,-4.02010e-002
-7.568000000000e-005,-4.02010e-002
-7.564000000000e-005,-4.02010e-002
-7.560000000000e-005,-4.02010e-002
-7.556000000000e-005,-4.02010e-002
-7.552000000000e-005,-4.02010e-002
-7.548000000000e-005,-4.02010e-002
-7.544000000000e-005,-4.02010e-002
-7.540000000000e-005,-4.02010e-002
-7.536000000000e-005,-4.02010e-002
-7.532000000000e-005,-4.02010e-002
-7.528000000000e-005,-4.02010e-002
-7.524000000000e-005,-4.02010e-002
-7.520000000000e-005,-4.02010e-002
-7.516000000000e-005,-4.02010e-002
-7.512000000000e-005,-4.02010e-002
-7.508000000000e-005,-4.02010e-002
-7.504000000000e-005,-4.02010e-002
-7.500000000000e-005,-4.02010e-002
-7.496000000000e-005,-4.02010e-002
-7.492000000000e-005,-4.02010e-002
-7.488000000000e-005,-4.02010e-002
-7.484000000000e-005,-4.02010e-002
-7.480000000000e-005,-4.02010e-002
-7.476000000000e-005,-4.02010e-002
-7.472000000000e-005,-4.02010e-002
-7.468000000000e-005,-4.02010e-002
-7.464000000000e-005,-4.02010e-002
-7.460000000000e-005,-4.02010e-002
-7.456000000000e-005,-4.02010e-002
-7.452000000000e-005,-4.02010e-002
-7.448000000000e-005,-4.02010e-002
-7.444000000000e-005,-4.02010e-002
-7.440000000000e-005,-4.02010e-002
-7.436000000000e-005,-4.02010e-002
-7.432000000000e-005,-4.02010e-002
-7.428000000000e-005,-4.02010e-002
-7.424000000000e-005,-4.02010e-002
-7.420000000000e-005,-4.02010e-002
-7.416000000000e-005,-4.02010e-002
-7.412000000000e-005,-4.02010e-002
-7.408000000000e-005,-4.02010e-002
-7.404000000000e-005,-4.02010e-002
-7.400000000000e-005,-4.02010e-002
-7.396000000000e-005,-4.02010e-002
-7.392000000000e-005,-4.02010e-002
-7.388000000000e-005,-4.02010e-002
-7.384000000000e-005,-4.02010e-002
-7.380000000000e-005,-4.02010e-002
-7.376000000000e-005,-4.02010e-002
-7.372000000000e-005,-4.02010e-002
-7.368000000000e-005,-4.02010e-002
-7.364000000000e-005,-4.02010e-002
-7.360000000000e-005,-4.02010e-002
-7.356000000000e-005,-4.02010e-002
-7.352000000000e-005,-4.02010e-002
-7.348000000000e-005,-4.02010e-002
-7.344000000000e-005,-4.02010e-002
-7.340000000000e-005,-4.02010e-002
-7.336000000000e-005,-4.02010e-002
-7.332000000000e-005,-4.02010e-002
-7.328000000000e-005,-4.02010e-002
-7.324000000000e-005,-4.02010e-002
-7.320000000000e-005,-4.02010e-002
-7.316000000000e-005,-4.02010e-002
-7.312000000000e-005,-4.02010e-002
-7.308000000000e-005,-4.02010e-002
-7.304000000000e-005,-4.02010e-002
-7.300000000000e-005,-4.02010e-002
-7.296000000000e-005,-4.02010e-002
-7.292000000000e-005,-4.02010e-002
-7.288000000000e-005,-4.02010e-002
-7.284000000000e-005,-4.02010e-002
-7.280000000000e-005,-4.02010e-002
-7.276000000000e-005,-4.02010e-002
-7.272000000000e-005,-4.02010e-002
-7.268000000000e-005,-4.02010e-002
-7.264000000000e-005,-4.02010e-002
-7.260000000000e-005,-8.04020e-002
-7.256000000000e-005,-4.02010e-002
-7.252000000000e-005,-4.02010e-002
-7.248000000000e-005,-4.02010e-002
-7.244000000000e-005,-4.02010e-002
-7.240000000000e-005,-4.02010e-002
-7.236000000000e-005,-4.02010e-002
-7.232000000000e-005,-4.02010e-002
-7.228000000000e-005,-4.02010e-002
-7.224000000000e-005,-4.02010e-002
-7.220000000000e-005,-4.02010e-002
-7.216000000000e-005,-4.02010e-002
-7.212000000000e-005,-4.02010e-002
-7.208000000000e-005,-4.02010e-002
-7.204000000000e-005,-4.02010e-002
-7.200000000000e-005,-4.02010e-002
-7.196000000000e-005,-4.02010e-002
-7.192000000000e-005,-4.02010e-002
-7.188000000000e-005,-4.02010e-002
-7.184000000000e-005,-4.02010e-002
-7.180000000000e-005,-4.02010e-002
-7.176000000000e-005,-4.02010e-002
-7.172000000000e-005,-4.02010e-002
-7.168000000000e-005,-4.02010e-002
-7.164000000000e-005,-4.02010e-002
-7.160000000000e-005,-4.02010e-002
-7.156000000000e-005,-4.02010e-002
-7.152000000000e-005,-4.02010e-002
-7.148000000000e-005,-4.02010e-002
-7.144000000000e-005,-4.02010e-002
-7.140000000000e-005,-4.02010e-002
-7.136000000000e-005,-4.02010e-002
-7.132000000000e-005,-4.02010e-002
-7.128000000000e-005,-4.02010e-002
-7.124000000000e-005,-4.02010e-002
-7.120000000000e-005,-4.02010e-002
-7.116000000000e-005,-4.02010e-002
-7.112000000000e-005,-4.02010e-002
-7.108000000000e-005,-4.02010e-002
-7.104000000000e-005,-4.02010e-002
-7.100000000000e-005,-4.02010e-002
-7.096000000000e-005,-4.02010e-002
-7.092000000000e-005,-4.02010e-002
-7.088000000000e-005,-4.02010e-002
-7.084000000000e-005,-4.02010e-002
-7.080000000000e-005,-4.02010e-002
-7.076000000000e-005,-8.04020e-002
-7.072000000000e-005,-4.02010e-002
-7.068000000000e-005,-4.02010e-002
-7.064000000000e-005,-4.02010e-002
-7.060000000000e-005,-4.02010e-002
-7.056000000000e-005,-4.02010e-002
-7.052000000000e-005,-4.02010e-002
-7.048000000000e-005,-4.02010e-002
-7.044000000000e-005,-4.02010e-002
-7.040000000000e-005,-4.02010e-002
-7.036000000000e-005,-4.02010e-002
-7.032000000000e-005,-4.02010e-002
-7.028000000000e-005,-4.02010e-002
-7.024000000000e-005,-4.02010e-002
-7.020000000000e-005,-4.02010e-002
-7.016000000000e-005,-4.02010e-002
-7.012000000000e-005,-4.02010e-002
-7.008000000000e-005,-4.02010e-002
-7.004000000000e-005,-4.02010e-002
-7.000000000000e-005,-4.02010e-002
-6.996000000000e-005,-8.04020e-002
-6.992000000000e-005,-4.02010e-002
-6.988000000000e-005,-4.02010e-002
-6.984000000000e-005,-8.04020e-002
-6.980000000000e-005,-4.02010e-002
-6.976000000000e-005,-4.02010e-002
-6.972000000000e-005,-8.04020e-002
-6.968000000000e-005,-4.02010e-002
-6.964000000000e-005,-4.02010e-002
-6.960000000000e-005,-4.02010e-002
-6.956000000000e-005,-4.02010e-002
-6.952000000000e-005,-4.02010e-002
-6.948000000000e-005, 0.00000e+000
-6.944000000000e-005,-4.02010e-002
-6.940000000000e-005,-4.02010e-002
-6.936000000000e-005,-4.02010e-002
-6.932000000000e-005,-4.02010e-002
-6.928000000000e-005,-4.02010e-002
-6.924000000000e-005,-4.02010e-002
-6.920000000000e-005,-4.02010e-002
-6.916000000000e-005,-4.02010e-002
-6.912000000000e-005,-4.02010e-002
-6.908000000000e-005,-4.02010e-002
-6.904000000000e-005,-4.02010e-002
-6.900000000000e-005,-4.02010e-002
-6.896000000000e-005, 0.00000e+000
-6.892000000000e-005,-4.02010e-002
-6.888000000000e-005,-4.02010e-002
-6.884000000000e-005,-4.02010e-002
-6.880000000000e-005,-4.02010e-002
-6.876000000000e-005,-4.02010e-002
-6.872000000000e-005,-4.02010e-002
-6.868000000000e-005,-4.02010e-002
-6.864000000000e-005,-4.02010e-002
-6.860000000000e-005,-4.02010e-002
-6.856000000000e-005,-4.02010e-002
-6.852000000000e-005,-4.02010e-002
-6.848000000000e-005,-4.02010e-002
-6.844000000000e-005,-4.02010e-002
-6.840000000000e-005,-4.02010e-002
-6.836000000000e-005,-4.02010e-002
-6.832000000000e-005,-4.02010e-002
-6.828000000000e-005,-4.02010e-002
-6.824000000000e-005,-4.02010e-002
-6.820000000000e-005,-4.02010e-002
-6.816000000000e-005,-4.02010e-002
-6.812000000000e-005,-4.02010e-002
-6.808000000000e-005,-4.02010e-002
-6.804000000000e-005,-4.02010e-002
-6.800000000000e-005,-4.02010e-002
-6.796000000000e-005,-4.02010e-002
-6.792000000000e-005,-4.02010e-002
-6.788000000000e-005,-4.02010e-002
-6.784000000000e-005,-4.02010e-002
-6.780000000000e-005,-4.02010e-002
-6.776000000000e-005,-4.02010e-002
-6.772000000000e-005,-4.02010e-002
-6.768000000000e-005,-4.02010e-002
-6.764000000000e-005,-4.02010e-002
-6.760000000000e-005,-4.02010e-002
-6.756000000000e-005,-4.02010e-002
-6.752000000000e-005,-4.02010e-002
-6.748000000000e-005,-4.02010e-002
-6.744000000000e-005,-4.02010e-002
-6.740000000000e-005,-4.02010e-002
-6.736000000000e-005,-4.02010e-002
-6.732000000000e-005,-4.02010e-002
-6.728000000000e-005,-4.02010e-002
-6.724000000000e-005,-4.02010e-002
-6.720000000000e-005,-4.02010e-002
-6.716000000000e-005,-4.02010e-002
-6.712000000000e-005, 0.00000e+000
-6.708000000000e-005,-4.02010e-002
-6.704000000000e-005,-4.02010e-002
-6.700000000000e-005,-4.02010e-002
-6.696000000000e-005,-4.02010e-002
-6.692000000000e-005,-4.02010e-002
-6.688000000000e-005,-4.02010e-002
-6.684000000000e-005,-4.02010e-002
-6.680000000000e-005,-4.02010e-002
-6.676000000000e-005,-4.02010e-002
-6.672000000000e-005,-4.02010e-002
-6.668000000000e-005,-4.02010e-002
-6.664000000000e-005,-4.02010e-002
-6.660000000000e-005,-4.02010e-002
-6.656000000000e-005,-4.02010e-002
-6.652000000000e-005,-4.02010e-002
-6.648000000000e-005,-4.02010e-002
-6.644000000000e-005,-4.02010e-002
-6.640000000000e-005,-4.02010e-002
-6.636000000000e-005,-4.02010e-002
-6.632000000000e-005,-4.02010e-002
-6.628000000000e-005,-4.02010e-002
-6.624000000000e-005,-8.04020e-002
-6.620000000000e-005,-4.02010e-002
-6.616000000000e-005,-4.02010e-002
-6.612000000000e-005,-4.02010e-002
-6.608000000000e-005,-4.02010e-002
-6.604000000000e-005,-4.02010e-002
-6.600000000000e-005,-4.02010e-002
-6.596000000000e-005,-4.02010e-002
-6.592000000000e-005,-4.02010e-002
-6.588000000000e-005,-4.02010e-002
-6.584000000000e-005,-4.02010e-002
-6.580000000000e-005,-4.02010e-002
-6.576000000000e-005,-4.02010e-002
-6.572000000000e-005,-4.02010e-002
-6.568000000000e-005,-4.02010e-002
-6.564000000000e-005,-4.02010e-002
-6.560000000000e-005,-4.02010e-002
-6.556000000000e-005,-8.04020e-002
-6.552000000000e-005,-4.02010e-002
-6.548000000000e-005,-4.02010e-002
-6.544000000000e-005,-4.02010e-002
-6.540000000000e-005,-4.02010e-002
-6.536000000000e-005,-4.02010e-002
-6.532000000000e-005,-4.02010e-002
-6.528000000000e-005,-4.02010e-002
-6.524000000000e-005,-4.02010e-002
-6.520000000000e-005,-4.02010e-002
-6.516000000000e-005,-4.02010e-002
-6.512000000000e-005,-4.02010e-002
-6.508000000000e-005,-4.02010e-002
-6.504000000000e-005,-4.02010e-002
-6.500000000000e-005,-4.02010e-002
-6.496000000000e-005,-4.02010e-002
-6.492000000000e-005,-4.02010e-002
-6.488000000000e-005,-4.02010e-002
-6.484000000000e-005,-4.02010e-002
-6.480000000000e-005,-4.02010e-002
-6.476000000000e-005,-4.02010e-002
-6.472000000000e-005,-4.02010e-002
-6.468000000000e-005,-4.02010e-002
-6.464000000000e-005,-4.02010e-002
-6.460000000000e-005,-4.02010e-002
-6.456000000000e-005,-4.02010e-002
-6.452000000000e-005,-4.02010e-002
-6.448000000000e-005,-4.02010e-002
-6.444000000000e-005,-4.02010e-002
-6.440000000000e-005,-4.02010e-002
-6.436000000000e-005,-4.02010e-002
-6.432000000000e-005,-4.02010e-002
-6.428000000000e-005,-4.02010e-002
-6.424000000000e-005,-4.02010e-002
-6.420000000000e-005,-4.02010e-002
-6.416000000000e-005,-4.02010e-002
-6.412000000000e-005,-4.02010e-002
-6.408000000000e-005,-4.02010e-002
-6.404000000000e-005,-4.02010e-002
-6.400000000000e-005,-4.02010e-002
-6.396000000000e-005,-4.02010e-002
-6.392000000000e-005,-4.02010e-002
-6.388000000000e-005,-4.02010e-002
-6.384000000000e-005,-4.02010e-002
-6.380000000000e-005,-4.02010e-002
-6.376000000000e-005,-4.02010e-002
-6.372000000000e-005,-4.02010e-002
-6.368000000000e-005,-4.02010e-002
-6.364000000000e-005,-4.02010e-002
-6.360000000000e-005,-4.02010e-002
-6.356000000000e-005,-4.02010e-002
-6.352000000000e-005,-4.02010e-002
-6.348000000000e-005,-4.02010e-002
-6.344000000000e-005,-4.02010e-002
-6.340000000000e-005,-4.02010e-002
-6.336000000000e-005,-4.02010e-002
-6.332000000000e-005,-4.02010e-002
-6.328000000000e-005,-4.02010e-002
-6.324000000000e-005,-4.02010e-002
-6.320000000000e-005,-4.02010e-002
-6.316000000000e-005,-4.02010e-002
-6.312000000000e-005,-4.02010e-002
-6.308000000000e-005,-8.04020e-002
-6.304000000000e-005,-4.02010e-002
-6.300000000000e-005,-4.02010e-002
-6.296000000000e-005,-4.02010e-002
-6.292000000000e-005,-4.02010e-002
-6.288000000000e-005,-4.02010e-002
-6.284000000000e-005,-4.02010e-002
-6.280000000000e-005,-4.02010e-002
-6.276000000000e-005,-4.02010e-002
-6.272000000000e-005,-4.02010e-002
-6.268000000000e-005,-4.02010e-002
-6.264000000000e-005,-4.02010e-002
-6.260000000000e-005,-4.02010e-002
-6.256000000000e-005,-4.02010e-002
-6.252000000000e-005,-4.02010e-002
-6.248000000000e-005,-4.02010e-002
-6.244000000000e-005,-4.02010e-002
-6.240000000000e-005,-4.02010e-002
-6.236000000000e-005,-8.04020e-002
-6.232000000000e-005,-4.02010e-002
-6.228000000000e-005,-4.02010e-002
-6.224000000000e-005,-4.02010e-002
-6.220000000000e-005,-4.02010e-002
-6.216000000000e-005,-4.02010e-002
-6.212000000000e-005,-4.02010e-002
-6.208000000000e-005,-4.02010e-002
-6.204000000000e-005,-4.02010e-002
-6.200000000000e-005,-4.02010e-002
-6.196000000000e-005,-4.02010e-002
-6.192000000000e-005,-4.02010e-002
-6.188000000000e-005,-4.02010e-002
-6.184000000000e-005,-4.02010e-002
-6.180000000000e-005,-4.02010e-002
-6.176000000000e-005,-4.02010e-002
-6.172000000000e-005,-4.02010e-002
-6.168000000000e-005,-4.02010e-002
-6.164000000000e-005,-4.02010e-002
-6.160000000000e-005,-4.02010e-002
-6.156000000000e-005,-4.02010e-002
-6.152000000000e-005,-8.04020e-002
-6.148000000000e-005,-4.02010e-002
-6.144000000000e-005,-4.02010e-002
-6.140000000000e-005,-4.02010e-002
-6.136000000000e-005,-4.02010e-002
-6.132000000000e-005,-4.02010e-002
-6.128000000000e-005, 0.00000e+000
-6.124000000000e-005,-8.04020e-002
-6.120000000000e-005,-4.02010e-002
-6.116000000000e-005,-4.02010e-002
-6.112000000000e-005,-4.02010e-002
-6.108000000000e-005,-4.02010e-002
-6.104000000000e-005,-4.02010e-002
-6.100000000000e-005,-4.02010e-002
-6.096000000000e-005,-4.02010e-002
-6.092000000000e-005,-4.02010e-002
-6.088000000000e-005,-4.02010e-002
-6.084000000000e-005,-4.02010e-002
-6.080000000000e-005,-4.02010e-002
-6.076000000000e-005,-4.02010e-002
-6.072000000000e-005,-4.02010e-002
-6.068000000000e-005,-4.02010e-002
-6.064000000000e-005,-4.02010e-002
-6.060000000000e-005,-4.02010e-002
-6.056000000000e-005,-4.02010e-002
-6.052000000000e-005,-4.02010e-002
-6.048000000000e-005,-4.02010e-002
-6.044000000000e-005,-4.02010e-002
-6.040000000000e-005,-4.02010e-002
-6.036000000000e-005,-4.02010e-002
-6.032000000000e-005,-4.02010e-002
-6.028000000000e-005,-4.02010e-002
-6.024000000000e-005,-4.02010e-002
-6.020000000000e-005,-4.02010e-002
-6.016000000000e-005,-4.02010e-002
-6.012000000000e-005,-4.02010e-002
-6.008000000000e-005,-4.02010e-002
-6.004000000000e-005,-4.02010e-002
-6.000000000000e-005,-4.02010e-002
-5.996000000000e-005,-4.02010e-002
-5.992000000000e-005,-4.02010e-002
-5.988000000000e-005,-4.02010e-002
-5.984000000000e-005,-4.02010e-002
-5.980000000000e-005,-4.02010e-002
-5.976000000000e-005,-4.02010e-002
-5.972000000000e-005,-4.02010e-002
-5.968000000000e-005,-4.02010e-002
-5.964000000000e-005,-4.02010e-002
-5.960000000000e-005,-4.02010e-002
-5.956000000000e-005,-4.02010e-002
-5.952000000000e-005,-4.02010e-002
-5.948000000000e-005,-4.02010e-002
-5.944000000000e-005,-4.02010e-002
-5.940000000000e-005,-4.02010e-002
-5.936000000000e-005,-4.02010e-002
-5.932000000000e-005,-4.02010e-002
-5.928000000000e-005,-8.04020e-002
-5.924000000000e-005,-4.02010e-002
-5.920000000000e-005,-4.02010e-002
-5.916000000000e-005,-4.02010e-002
-5.912000000000e-005,-4.02010e-002
-5.908000000000e-005,-4.02010e-002
-5.904000000000e-005,-4.02010e-002
-5.900000000000e-005,-4.02010e-002
-5.896000000000e-005,-4.02010e-002
-5.892000000000e-005,-4.02010e-002
-5.888000000000e-005,-4.02010e-002
-5.884000000000e-005,-4.02010e-002
-5.880000000000e-005,-4.02010e-002
-5.876000000000e-005,-4.02010e-002
-5.872000000000e-005,-4.02010e-002
-5.868000000000e-005,-4.02010e-002
-5.864000000000e-005,-4.02010e-002
-5.860000000000e-005,-4.02010e-002
-5.856000000000e-005,-4.02010e-002
-5.852000000000e-005,-4.02010e-002
-5.848000000000e-005,-4.02010e-002
-5.844000000000e-005,-4.02010e-002
-5.840000000000e-005,-4.02010e-002
-5.836000000000e-005,-4.02010e-002
-5.832000000000e-005,-8.04020e-002
-5.828000000000e-005,-4.02010e-002
-5.824000000000e-005,-4.02010e-002
-5.820000000000e-005,-4.02010e-002
-5.816000000000e-005,-4.02010e-002
-5.812000000000e-005,-4.02010e-002
-5.808000000000e-005,-4.02010e-002
-5.804000000000e-005,-4.02010e-002
-5.800000000000e-005,-4.02010e-002
-5.796000000000e-005,-4.02010e-002
-5.792000000000e-005,-4.02010e-002
-5.788000000000e-005,-4.02010e-002
-5.784000000000e-005,-4.02010e-002
-5.780000000000e-005,-4.02010e-002
-5.776000000000e-005,-4.02010e-002
-5.772000000000e-005, 0.00000e+000
-5.768000000000e-005,-4.02010e-002
-5.764000000000e-005,-4.02010e-002
-5.760000000000e-005,-4.02010e-002
-5.756000000000e-005,-4.02010e-002
-5.752000000000e-005,-8.04020e-002
-5.748000000000e-005,-4.02010e-002
-5.744000000000e-005,-4.02010e-002
-5.740000000000e-005,-4.02010e-002
-5.736000000000e-005,-4.02010e-002
-5.732000000000e-005,-4.02010e-002
-5.728000000000e-005,-4.02010e-002
-5.724000000000e-005,-4.02010e-002
-5.720000000000e-005,-4.02010e-002
-5.716000000000e-005, 0.00000e+000
-5.712000000000e-005,-4.02010e-002
-5.708000000000e-005,-4.02010e-002
-5.704000000000e-005,-4.02010e-002
-5.700000000000e-005,-4.02010e-002
-5.696000000000e-005,-4.02010e-002
-5.692000000000e-005,-4.02010e-002
-5.688000000000e-005,-4.02010e-002
-5.684000000000e-005,-4.02010e-002
-5.680000000000e-005,-4.02010e-002
-5.676000000000e-005,-4.02010e-002
-5.672000000000e-005,-4.02010e-002
-5.668000000000e-005,-4.02010e-002
-5.664000000000e-005,-4.02010e-002
-5.660000000000e-005,-4.02010e-002
-5.656000000000e-005,-4.02010e-002
-5.652000000000e-005,-4.02010e-002
-5.648000000000e-005,-4.02010e-002
-5.644000000000e-005,-4.02010e-002
-5.640000000000e-005,-4.02010e-002
-5.636000000000e-005,-4.02010e-002
-5.632000000000e-005,-4.02010e-002
-5.628000000000e-005,-4.02010e-002
-5.624000000000e-005,-4.02010e-002
-5.620000000000e-005,-4.02010e-002
-5.616000000000e-005,-4.02010e-002
-5.612000000000e-005,-4.02010e-002
-5.608000000000e-005,-4.02010e-002
-5.604000000000e-005,-4.02010e-002
-5.600000000000e-005,-4.02010e-002
-5.596000000000e-005,-4.02010e-002
-5.592000000000e-005,-8.04020e-002
-5.588000000000e-005,-4.02010e-002
-5.584000000000e-005,-4.02010e-002
-5.580000000000e-005,-4.02010e-002
-5.576000000000e-005,-4.02010e-002
-5.572000000000e-005, 0.00000e+000
-5.568000000000e-005,-4.02010e-002
-5.564000000000e-005,-4.02010e-002
-5.560000000000e-005,-4.02010e-002
-5.556000000000e-005,-4.02010e-002
-5.552000000000e-005,-4.02010e-002
-5.548000000000e-005,-4.02010e-002
-5.544000000000e-005,-4.02010e-002
-5.540000000000e-005,-4.02010e-002
-5.536000000000e-005,-4.02010e-002
-5.532000000000e-005,-4.02010e-002
-5.528000000000e-005,-4.02010e-002
-5.524000000000e-005,-4.02010e-002
-5.520000000000e-005,-4.02010e-002
-5.516000000000e-005,-4.02010e-002
-5.512000000000e-005,-4.02010e-002
-5.508000000000e-005,-4.02010e-002
-5.504000000000e-005, 0.00000e+000
-5.500000000000e-005,-4.02010e-002
-5.496000000000e-005,-4.02010e-002
-5.492000000000e-005,-4.02010e-002
-5.488000000000e-005,-4.02010e-002
-5.484000000000e-005,-4.02010e-002
-5.480000000000e-005,-4.02010e-002
-5.476000000000e-005,-4.02010e-002
-5.472000000000e-005,-4.02010e-002
-5.468000000000e-005,-4.02010e-002
-5.464000000000e-005,-4.02010e-002
-5.460000000000e-005,-4.02010e-002
-5.456000000000e-005,-4.02010e-002
-5.452000000000e-005,-4.02010e-002
-5.448000000000e-005,-4.02010e-002
-5.444000000000e-005,-4.02010e-002
-5.440000000000e-005,-4.02010e-002
-5.436000000000e-005,-8.04020e-002
-5.432000000000e-005,-4.02010e-002
-5.428000000000e-005,-4.02010e-002
-5.424000000000e-005,-4.02010e-002
-5.420000000000e-005,-4.02010e-002
-5.416000000000e-005,-4.02010e-002
-5.412000000000e-005,-4.02010e-002
-5.408000000000e-005,-4.02010e-002
-5.404000000000e-005, 0.00000e+000
-5.400000000000e-005,-4.02010e-002
-5.396000000000e-005,-4.02010e-002
-5.392000000000e-005,-4.02010e-002
-5.388000000000e-005,-4.02010e-002
-5.384000000000e-005,-4.02010e-002
-5.380000000000e-005,-4.02010e-002
-5.376000000000e-005,-4.02010e-002
-5.372000000000e-005, 0.00000e+000
-5.368000000000e-005,-4.02010e-002
-5.364000000000e-005,-4.02010e-002
-5.360000000000e-005,-4.02010e-002
-5.356000000000e-005,-4.02010e-002
-5.352000000000e-005,-4.02010e-002
-5.348000000000e-005,-4.02010e-002
-5.344000000000e-005, 0.00000e+000
-5.340000000000e-005,-4.02010e-002
-5.336000000000e-005,-4.02010e-002
-5.332000000000e-005,-4.02010e-002
-5.328000000000e-005,-4.02010e-002
-5.324000000000e-005,-4.02010e-002
-5.320000000000e-005,-4.02010e-002
-5.316000000000e-005,-8.04020e-002
-5.312000000000e-005,-4.02010e-002
-5.308000000000e-005,-4.02010e-002
-5.304000000000e-005,-4.02010e-002
-5.300000000000e-005,-4.02010e-002
-5.296000000000e-005,-4.02010e-002
-5.292000000000e-005,-4.02010e-002
-5.288000000000e-005,-4.02010e-002
-5.284000000000e-005,-4.02010e-002
-5.280000000000e-005,-4.02010e-002
-5.276000000000e-005,-4.02010e-002
-5.272000000000e-005,-4.02010e-002
-5.268000000000e-005,-4.02010e-002
-5.264000000000e-005,-4.02010e-002
-5.260000000000e-005,-4.02010e-002
-5.256000000000e-005,-4.02010e-002
-5.252000000000e-005,-4.02010e-002
-5.248000000000e-005,-4.02010e-002
-5.244000000000e-005,-4.02010e-002
-5.240000000000e-005,-4.02010e-002
-5.236000000000e-005,-4.02010e-002
-5.232000000000e-005,-4.02010e-002
-5.228000000000e-005,-4.02010e-002
-5.224000000000e-005,-4.02010e-002
-5.220000000000e-005,-4.02010e-002
-5.216000000000e-005,-4.02010e-002
-5.212000000000e-005,-4.02010e-002
-5.208000000000e-005,-4.02010e-002
-5.204000000000e-005,-4.02010e-002
-5.200000000000e-005,-4.02010e-002
-5.196000000000e-005,-4.02010e-002
-5.192000000000e-005,-4.02010e-002
-5.188000000000e-005,-4.02010e-002
-5.184000000000e-005,-4.02010e-002
-5.180000000000e-005,-4.02010e-002
-5.176000000000e-005,-4.02010e-002
-5.172000000000e-005,-4.02010e-002
-5.168000000000e-005,-4.02010e-002
-5.164000000000e-005,-4.02010e-002
-5.160000000000e-005,-4.02010e-002
-5.156000000000e-005,-4.02010e-002
-5.152000000000e-005,-4.02010e-002
-5.148000000000e-005,-4.02010e-002
-5.144000000000e-005,-8.04020e-002
-5.140000000000e-005,-4.02010e-002
-5.136000000000e-005,-4.02010e-002
-5.132000000000e-005,-4.02010e-002
-5.128000000000e-005,-4.02010e-002
-5.124000000000e-005,-4.02010e-002
-5.120000000000e-005,-4.02010e-002
-5.116000000000e-005,-4.02010e-002
-5.112000000000e-005,-4.02010e-002
-5.108000000000e-005,-4.02010e-002
-5.104000000000e-005,-4.02010e-002
-5.100000000000e-005,-4.02010e-002
-5.096000000000e-005,-4.02010e-002
-5.092000000000e-005, 0.00000e+000
-5.088000000000e-005,-4.02010e-002
-5.084000000000e-005,-4.02010e-002
-5.080000000000e-005,-4.02010e-002
-5.076000000000e-005,-4.02010e-002
-5.072000000000e-005,-4.02010e-002
-5.068000000000e-005,-4.02010e-002
-5.064000000000e-005,-4.02010e-002
-5.060000000000e-005,-4.02010e-002
-5.056000000000e-005,-4.02010e-002
-5.052000000000e-005,-4.02010e-002
-5.048000000000e-005,-4.02010e-002
-5.044000000000e-005,-4.02010e-002
-5.040000000000e-005,-4.02010e-002
-5.036000000000e-005,-4.02010e-002
-5.032000000000e-005,-4.02010e-002
-5.028000000000e-005,-4.02010e-002
-5.024000000000e-005,-4.02010e-002
-5.020000000000e-005,-4.02010e-002
-5.016000000000e-005,-4.02010e-002
-5.012000000000e-005,-4.02010e-002
-5.008000000000e-005,-4.02010e-002
-5.004000000000e-005,-4.02010e-002
-5.000000000000e-005,-4.02010e-002
-4.996000000000e-005,-4.02010e-002
-4.992000000000e-005,-4.02010e-002
-4.988000000000e-005,-4.02010e-002
-4.984000000000e-005,-4.02010e-002
-4.980000000000e-005, 0.00000e+000
-4.976000000000e-005,-4.02010e-002
-4.972000000000e-005,-4.02010e-002
-4.968000000000e-005,-4.02010e-002
-4.964000000000e-005,-4.02010e-002
-4.960000000000e-005,-4.02010e-002
-4.956000000000e-005,-4.02010e-002
-4.952000000000e-005,-4.02010e-002
-4.948000000000e-005,-4.02010e-002
-4.944000000000e-005,-4.02010e-002
-4.940000000000e-005,-4.02010e-002
-4.936000000000e-005,-4.02010e-002
-4.932000000000e-005,-4.02010e-002
-4.928000000000e-005,-4.02010e-002
-4.924000000000e-005,-4.02010e-002
-4.920000000000e-005,-4.02010e-002
-4.916000000000e-005,-4.02010e-002
-4.912000000000e-005,-4.02010e-002
-4.908000000000e-005,-4.02010e-002
-4.904000000000e-005,-4.02010e-002
-4.900000000000e-005,-4.02010e-002
-4.896000000000e-005,-4.02010e-002
-4.892000000000e-005,-4.02010e-002
-4.888000000000e-005,-4.02010e-002
-4.884000000000e-005,-4.02010e-002
-4.880000000000e-005,-4.02010e-002
-4.876000000000e-005,-4.02010e-002
-4.872000000000e-005,-4.02010e-002
-4.868000000000e-005,-4.02010e-002
-4.864000000000e-005,-4.02010e-002
-4.860000000000e-005,-4.02010e-002
-4.856000000000e-005,-4.02010e-002
-4.852000000000e-005,-4.02010e-002
-4.848000000000e-005,-4.02010e-002
-4.844000000000e-005,-4.02010e-002
-4.840000000000e-005,-4.02010e-002
-4.836000000000e-005,-8.04020e-002
-4.832000000000e-005,-4.02010e-002
-4.828000000000e-005,-4.02010e-002
-4.824000000000e-005,-4.02010e-002
-4.820000000000e-005,-4.02010e-002
-4.816000000000e-005,-4.02010e-002
-4.812000000000e-005,-4.02010e-002
-4.808000000000e-005,-4.02010e-002
-4.804000000000e-005,-4.02010e-002
-4.800000000000e-005,-4.02010e-002
-4.796000000000e-005,-4.02010e-002
-4.792000000000e-005,-4.02010e-002
-4.788000000000e-005,-4.02010e-002
-4.784000000000e-005,-4.02010e-002
-4.780000000000e-005,-4.02010e-002
-4.776000000000e-005,-4.02010e-002
-4.772000000000e-005,-4.02010e-002
-4.768000000000e-005,-4.02010e-002
-4.764000000000e-005,-4.02010e-002
-4.760000000000e-005,-4.02010e-002
-4.756000000000e-005,-4.02010e-002
-4.752000000000e-005,-8.04020e-002
-4.748000000000e-005,-4.02010e-002
-4.744000000000e-005,-4.02010e-002
-4.740000000000e-005, 0.00000e+000
-4.736000000000e-005,-4.02010e-002
-4.732000000000e-005,-4.02010e-002
-4.728000000000e-005,-4.02010e-002
-4.724000000000e-005,-4.02010e-002
-4.720000000000e-005,-4.02010e-002
-4.716000000000e-005,-4.02010e-002
-4.712000000000e-005,-4.02010e-002
-4.708000000000e-005,-4.02010e-002
-4.704000000000e-005,-4.02010e-002
-4.700000000000e-005,-4.02010e-002
-4.696000000000e-005,-4.02010e-002
-4.692000000000e-005,-4.02010e-002
-4.688000000000e-005,-4.02010e-002
-4.684000000000e-005,-4.02010e-002
-4.680000000000e-005,-4.02010e-002
-4.676000000000e-005,-4.02010e-002
-4.672000000000e-005,-4.02010e-002
-4.668000000000e-005,-4.02010e-002
-4.664000000000e-005,-4.02010e-002
-4.660000000000e-005,-4.02010e-002
-4.656000000000e-005,-4.02010e-002
-4.652000000000e-005,-4.02010e-002
-4.648000000000e-005,-4.02010e-002
-4.644000000000e-005,-4.02010e-002
-4.640000000000e-005,-4.02010e-002
-4.636000000000e-005,-4.02010e-002
-4.632000000000e-005, 0.00000e+000
-4.628000000000e-005,-4.02010e-002
-4.624000000000e-005,-4.02010e-002
-4.620000000000e-005,-4.02010e-002
-4.616000000000e-005,-4.02010e-002
-4.612000000000e-005,-4.02010e-002
-4.608000000000e-005,-4.02010e-002
-4.604000000000e-005,-4.02010e-002
-4.600000000000e-005,-4.02010e-002
-4.596000000000e-005, 0.00000e+000
-4.592000000000e-005,-4.02010e-002
-4.588000000000e-005,-4.02010e-002
-4.584000000000e-005,-4.02010e-002
-4.580000000000e-005,-4.02010e-002
-4.576000000000e-005,-4.02010e-002
-4.572000000000e-005,-4.02010e-002
-4.568000000000e-005,-4.02010e-002
-4.564000000000e-005,-4.02010e-002
-4.560000000000e-005,-4.02010e-002
-4.556000000000e-005,-4.02010e-002
-4.552000000000e-005,-4.02010e-002
-4.548000000000e-005,-4.02010e-002
-4.544000000000e-005, 0.00000e+000
-4.540000000000e-005,-4.02010e-002
-4.536000000000e-005,-4.02010e-002
-4.532000000000e-005,-4.02010e-002
-4.528000000000e-005,-4.02010e-002
-4.524000000000e-005,-8.04020e-002
-4.520000000000e-005,-4.02010e-002
-4.516000000000e-005,-4.02010e-002
-4.512000000000e-005,-4.02010e-002
-4.508000000000e-005,-4.02010e-002
-4.504000000000e-005,-4.02010e-002
-4.500000000000e-005,-4.02010e-002
-4.496000000000e-005,-4.02010e-002
-4.492000000000e-005,-4.02010e-002
-4.488000000000e-005,-4.02010e-002
-4.484000000000e-005,-4.02010e-002
-4.480000000000e-005,-4.02010e-002
-4.476000000000e-005,-4.02010e-002
-4.472000000000e-005,-4.02010e-002
-4.468000000000e-005,-4.02010e-002
-4.464000000000e-005,-4.02010e-002
-4.460000000000e-005,-4.02010e-002
-4.456000000000e-005,-4.02010e-002
-4.452000000000e-005,-4.02010e-002
-4.448000000000e-005,-4.02010e-002
-4.444000000000e-005,-4.02010e-002
-4.440000000000e-005,-4.02010e-002
-4.436000000000e-005,-4.02010e-002
-4.432000000000e-005,-4.02010e-002
-4.428000000000e-005,-8.04020e-002
-4.424000000000e-005,-4.02010e-002
-4.420000000000e-005,-4.02010e-002
-4.416000000000e-005,-4.02010e-002
-4.412000000000e-005,-4.02010e-002
-4.408000000000e-005,-4.02010e-002
-4.404000000000e-005,-4.02010e-002
-4.400000000000e-005,-4.02010e-002
-4.396000000000e-005,-4.02010e-002
-4.392000000000e-005,-4.02010e-002
-4.388000000000e-005,-4.02010e-002
-4.384000000000e-005,-4.02010e-002
-4.380000000000e-005,-4.02010e-002
-4.376000000000e-005,-4.02010e-002
-4.372000000000e-005,-4.02010e-002
-4.368000000000e-005,-4.02010e-002
-4.364000000000e-005,-4.02010e-002
-4.360000000000e-005,-4.02010e-002
-4.356000000000e-005,-4.02010e-002
-4.352000000000e-005,-4.02010e-002
-4.348000000000e-005,-4.02010e-002
-4.344000000000e-005,-4.02010e-002
-4.340000000000e-005,-8.04020e-002
-4.336000000000e-005,-4.02010e-002
-4.332000000000e-005,-4.02010e-002
-4.328000000000e-005,-4.02010e-002
-4.324000000000e-005,-4.02010e-002
-4.320000000000e-005,-4.02010e-002
-4.316000000000e-005,-4.02010e-002
-4.312000000000e-005,-4.02010e-002
-4.308000000000e-005,-4.02010e-002
-4.304000000000e-005,-4.02010e-002
-4.300000000000e-005,-4.02010e-002
-4.296000000000e-005,-4.02010e-002
-4.292000000000e-005,-4.02010e-002
-4.288000000000e-005,-4.02010e-002
-4.284000000000e-005,-8.04020e-002
-4.280000000000e-005,-4.02010e-002
-4.276000000000e-005,-4.02010e-002
-4.272000000000e-005,-4.02010e-002
-4.268000000000e-005,-4.02010e-002
-4.264000000000e-005,-4.02010e-002
-4.260000000000e-005,-4.02010e-002
-4.256000000000e-005,-4.02010e-002
-4.252000000000e-005,-4.02010e-002
-4.248000000000e-005,-4.02010e-002
-4.244000000000e-005,-4.02010e-002
-4.240000000000e-005,-4.02010e-002
-4.236000000000e-005,-4.02010e-002
-4.232000000000e-005,-4.02010e-002
-4.228000000000e-005,-4.02010e-002
-4.224000000000e-005,-4.02010e-002
-4.220000000000e-005,-4.02010e-002
-4.216000000000e-005,-4.02010e-002
-4.212000000000e-005,-4.02010e-002
-4.208000000000e-005, 0.00000e+000
-4.204000000000e-005, 0.00000e+000
-4.200000000000e-005,-4.02010e-002
-4.196000000000e-005,-4.02010e-002
-4.192000000000e-005,-4.02010e-002
-4.188000000000e-005,-4.02010e-002
-4.184000000000e-005,-4.02010e-002
-4.180000000000e-005,-4.02010e-002
-4.176000000000e-005,-4.02010e-002
-4.172000000000e-005,-4.02010e-002
-4.168000000000e-005,-4.02010e-002
-4.164000000000e-005,-4.02010e-002
-4.160000000000e-005,-4.02010e-002
-4.156000000000e-005,-4.02010e-002
-4.152000000000e-005,-4.02010e-002
-4.148000000000e-005,-4.02010e-002
-4.144000000000e-005,-4.02010e-002
-4.140000000000e-005,-4.02010e-002
-4.136000000000e-005,-4.02010e-002
-4.132000000000e-005,-4.02010e-002
-4.128000000000e-005,-4.02010e-002
-4.124000000000e-005,-4.02010e-002
-4.120000000000e-005,-4.02010e-002
-4.116000000000e-005,-4.02010e-002
-4.112000000000e-005,-4.02010e-002
-4.108000000000e-005,-4.02010e-002
-4.104000000000e-005, 0.00000e+000
-4.100000000000e-005,-4.02010e-002
-4.096000000000e-005,-8.04020e-002
-4.092000000000e-005,-4.02010e-002
-4.088000000000e-005,-4.02010e-002
-4.084000000000e-005,-4.02010e-002
-4.080000000000e-005,-4.02010e-002
-4.076000000000e-005,-4.02010e-002
-4.072000000000e-005,-4.02010e-002
-4.068000000000e-005,-4.02010e-002
-4.064000000000e-005,-4.02010e-002
-4.060000000000e-005,-4.02010e-002
-4.056000000000e-005,-4.02010e-002
-4.052000000000e-005,-4.02010e-002
-4.048000000000e-005,-4.02010e-002
-4.044000000000e-005,-4.02010e-002
-4.040000000000e-005,-4.02010e-002
-4.036000000000e-005,-4.02010e-002
-4.032000000000e-005,-4.02010e-002
-4.028000000000e-005,-4.02010e-002
-4.024000000000e-005,-4.02010e-002
-4.020000000000e-005,-4.02010e-002
-4.016000000000e-005,-4.02010e-002
-4.012000000000e-005,-4.02010e-002
-4.008000000000e-005,-4.02010e-002
-4.004000000000e-005,-4.02010e-002
-4.000000000000e-005,-4.02010e-002
-3.996000000000e-005,-4.02010e-002
-3.992000000000e-005,-4.02010e-002
-3.988000000000e-005,-4.02010e-002
-3.984000000000e-005,-4.02010e-002
-3.980000000000e-005,-4.02010e-002
-3.976000000000e-005,-4.02010e-002
-3.972000000000e-005,-4.02010e-002
-3.968000000000e-005,-4.02010e-002
-3.964000000000e-005,-4.02010e-002
-3.960000000000e-005,-4.02010e-002
-3.956000000000e-005,-4.02010e-002
-3.952000000000e-005,-4.02010e-002
-3.948000000000e-005,-4.02010e-002
-3.944000000000e-005,-8.04020e-002
-3.940000000000e-005,-4.02010e-002
-3.936000000000e-005,-4.02010e-002
-3.932000000000e-005,-8.04020e-002
-3.928000000000e-005,-4.02010e-002
-3.924000000000e-005,-4.02010e-002
-3.920000000000e-005,-4.02010e-002
-3.916000000000e-005,-4.02010e-002
-3.912000000000e-005,-4.02010e-002
-3.908000000000e-005,-4.02010e-002
-3.904000000000e-005,-4.02010e-002
-3.900000000000e-005,-4.02010e-002
-3.896000000000e-005,-4.02010e-002
-3.892000000000e-005,-4.02010e-002
-3.888000000000e-005,-4.02010e-002
-3.884000000000e-005,-4.02010e-002
-3.880000000000e-005,-4.02010e-002
-3.876000000000e-005,-4.02010e-002
-3.872000000000e-005,-4.02010e-002
-3.868000000000e-005,-4.02010e-002
-3.864000000000e-005,-4.02010e-002
-3.860000000000e-005,-4.02010e-002
-3.856000000000e-005,-4.02010e-002
-3.852000000000e-005,-4.02010e-002
-3.848000000000e-005,-4.02010e-002
-3.844000000000e-005,-4.02010e-002
-3.840000000000e-005,-4.02010e-002
-3.836000000000e-005,-4.02010e-002
-3.832000000000e-005,-4.02010e-002
-3.828000000000e-005,-4.02010e-002
-3.824000000000e-005,-4.02010e-002
-3.820000000000e-005,-4.02010e-002
-3.816000000000e-005,-4.02010e-002
-3.812000000000e-005,-4.02010e-002
-3.808000000000e-005,-4.02010e-002
-3.804000000000e-005,-4.02010e-002
-3.800000000000e-005,-4.02010e-002
-3.796000000000e-005,-4.02010e-002
-3.792000000000e-005,-4.02010e-002
-3.788000000000e-005,-4.02010e-002
-3.784000000000e-005,-4.02010e-002
-3.780000000000e-005,-4.02010e-002
-3.776000000000e-005,-4.02010e-002
-3.772000000000e-005,-4.02010e-002
-3.768000000000e-005,-4.02010e-002
-3.764000000000e-005,-4.02010e-002
-3.760000000000e-005,-4.02010e-002
-3.756000000000e-005,-4.02010e-002
-3.752000000000e-005,-4.02010e-002
-3.748000000000e-005,-4.02010e-002
-3.744000000000e-005,-4.02010e-002
-3.740000000000e-005,-4.02010e-002
-3.736000000000e-005,-4.02010e-002
-3.732000000000e-005,-4.02010e-002
-3.728000000000e-005,-4.02010e-002
-3.724000000000e-005,-4.02010e-002
-3.720000000000e-005,-4.02010e-002
-3.716000000000e-005,-4.02010e-002
-3.712000000000e-005,-4.02010e-002
-3.708000000000e-005, 0.00000e+000
-3.704000000000e-005, 0.00000e+000
-3.700000000000e-005,-4.02010e-002
-3.696000000000e-005,-4.02010e-002
-3.692000000000e-005, 0.00000e+000
-3.688000000000e-005,-4.02010e-002
-3.684000000000e-005,-4.02010e-002
-3.680000000000e-005,-4.02010e-002
-3.676000000000e-005,-4.02010e-002
-3.672000000000e-005,-4.02010e-002
-3.668000000000e-005,-4.02010e-002
-3.664000000000e-005,-4.02010e-002
-3.660000000000e-005,-4.02010e-002
-3.656000000000e-005,-4.02010e-002
-3.652000000000e-005,-4.02010e-002
-3.648000000000e-005,-4.02010e-002
-3.644000000000e-005,-4.02010e-002
-3.640000000000e-005,-4.02010e-002
-3.636000000000e-005,-4.02010e-002
-3.632000000000e-005,-4.02010e-002
-3.628000000000e-005,-4.02010e-002
-3.624000000000e-005,-4.02010e-002
-3.620000000000e-005,-4.02010e-002
-3.616000000000e-005,-4.02010e-002
-3.612000000000e-005,-4.02010e-002
-3.608000000000e-005,-4.02010e-002
-3.604000000000e-005,-4.02010e-002
-3.600000000000e-005,-4.02010e-002
-3.596000000000e-005,-4.02010e-002
-3.592000000000e-005,-4.02010e-002
-3.588000000000e-005,-4.02010e-002
-3.584000000000e-005,-8.04020e-002
-3.580000000000e-005,-4.02010e-002
-3.576000000000e-005,-4.02010e-002
-3.572000000000e-005,-4.02010e-002
-3.568000000000e-005,-4.02010e-002
-3.564000000000e-005,-4.02010e-002
-3.560000000000e-005,-4.02010e-002
-3.556000000000e-005,-4.02010e-002
-3.552000000000e-005,-4.02010e-002
-3.548000000000e-005,-4.02010e-002
-3.544000000000e-005,-4.02010e-002
-3.540000000000e-005,-4.02010e-002
-3.536000000000e-005,-4.02010e-002
-3.532000000000e-005,-4.02010e-002
-3.528000000000e-005,-4.02010e-002
-3.524000000000e-005,-4.02010e-002
-3.520000000000e-005,-4.02010e-002
-3.516000000000e-005,-4.02010e-002
-3.512000000000e-005,-4.02010e-002
-3.508000000000e-005,-4.02010e-002
-3.504000000000e-005,-4.02010e-002
-3.500000000000e-005,-4.02010e-002
-3.496000000000e-005,-4.02010e-002
-3.492000000000e-005,-4.02010e-002
-3.488000000000e-005,-4.02010e-002
-3.484000000000e-005,-4.02010e-002
-3.480000000000e-005,-4.02010e-002
-3.476000000000e-005,-4.02010e-002
-3.472000000000e-005,-4.02010e-002
-3.468000000000e-005,-4.02010e-002
-3.464000000000e-005,-4.02010e-002
-3.460000000000e-005,-4.02010e-002
-3.456000000000e-005,-4.02010e-002
-3.452000000000e-005,-4.02010e-002
-3.448000000000e-005,-4.02010e-002
-3.444000000000e-005,-4.02010e-002
-3.440000000000e-005,-4.02010e-002
-3.436000000000e-005,-4.02010e-002
-3.432000000000e-005,-4.02010e-002
-3.428000000000e-005,-4.02010e-002
-3.424000000000e-005,-4.02010e-002
-3.420000000000e-005,-4.02010e-002
-3.416000000000e-005,-4.02010e-002
-3.412000000000e-005,-4.02010e-002
-3.408000000000e-005,-4.02010e-002
-3.404000000000e-005,-4.02010e-002
-3.400000000000e-005,-4.02010e-002
-3.396000000000e-005,-4.02010e-002
-3.392000000000e-005,-4.02010e-002
-3.388000000000e-005,-4.02010e-002
-3.384000000000e-005,-4.02010e-002
-3.380000000000e-005,-4.02010e-002
-3.376000000000e-005,-4.02010e-002
-3.372000000000e-005,-4.02010e-002
-3.368000000000e-005,-4.02010e-002
-3.364000000000e-005,-4.02010e-002
-3.360000000000e-005,-4.02010e-002
-3.356000000000e-005,-4.02010e-002
-3.352000000000e-005,-4.02010e-002
-3.348000000000e-005,-4.02010e-002
-3.344000000000e-005,-4.02010e-002
-3.340000000000e-005,-8.04020e-002
-3.336000000000e-005,-4.02010e-002
-3.332000000000e-005,-4.02010e-002
-3.328000000000e-005,-4.02010e-002
-3.324000000000e-005,-4.02010e-002
-3.320000000000e-005,-4.02010e-002
-3.316000000000e-005,-4.02010e-002
-3.312000000000e-005,-4.02010e-002
-3.308000000000e-005,-4.02010e-002
-3.304000000000e-005,-4.02010e-002
-3.300000000000e-005,-4.02010e-002
-3.296000000000e-005,-4.02010e-002
-3.292000000000e-005,-4.02010e-002
-3.288000000000e-005,-4.02010e-002
-3.284000000000e-005,-4.02010e-002
-3.280000000000e-005,-4.02010e-002
-3.276000000000e-005,-4.02010e-002
-3.272000000000e-005,-4.02010e-002
-3.268000000000e-005,-4.02010e-002
-3.264000000000e-005,-4.02010e-002
-3.260000000000e-005,-4.02010e-002
-3.256000000000e-005,-4.02010e-002
-3.252000000000e-005,-4.02010e-002
-3.248000000000e-005,-4.02010e-002
-3.244000000000e-005,-4.02010e-002
-3.240000000000e-005,-4.02010e-002
-3.236000000000e-005,-4.02010e-002
-3.232000000000e-005,-4.02010e-002
-3.228000000000e-005,-4.02010e-002
-3.224000000000e-005,-4.02010e-002
-3.220000000000e-005,-4.02010e-002
-3.216000000000e-005,-4.02010e-002
-3.212000000000e-005,-4.02010e-002
-3.208000000000e-005,-4.02010e-002
-3.204000000000e-005,-4.02010e-002
-3.200000000000e-005,-4.02010e-002
-3.196000000000e-005,-4.02010e-002
-3.192000000000e-005,-4.02010e-002
-3.188000000000e-005,-4.02010e-002
-3.184000000000e-005,-4.02010e-002
-3.180000000000e-005,-4.02010e-002
-3.176000000000e-005,-4.02010e-002
-3.172000000000e-005,-4.02010e-002
-3.168000000000e-005,-4.02010e-002
-3.164000000000e-005,-4.02010e-002
-3.160000000000e-005,-4.02010e-002
-3.156000000000e-005,-4.02010e-002
-3.152000000000e-005,-4.02010e-002
-3.148000000000e-005,-4.02010e-002
-3.144000000000e-005,-4.02010e-002
-3.140000000000e-005,-4.02010e-002
-3.136000000000e-005,-8.04020e-002
-3.132000000000e-005,-4.02010e-002
-3.128000000000e-005,-4.02010e-002
-3.124000000000e-005, 0.00000e+000
-3.120000000000e-005,-4.02010e-002
-3.116000000000e-005,-4.02010e-002
-3.112000000000e-005,-4.02010e-002
-3.108000000000e-005,-4.02010e-002
-3.104000000000e-005,-4.02010e-002
-3.100000000000e-005,-4.02010e-002
-3.096000000000e-005,-4.02010e-002
-3.092000000000e-005,-4.02010e-002
-3.088000000000e-005,-4.02010e-002
-3.084000000000e-005,-4.02010e-002
-3.080000000000e-005,-4.02010e-002
-3.076000000000e-005,-4.02010e-002
-3.072000000000e-005,-4.02010e-002
-3.068000000000e-005,-4.02010e-002
-3.064000000000e-005,-4.02010e-002
-3.060000000000e-005,-4.02010e-002
-3.056000000000e-005,-4.02010e-002
-3.052000000000e-005,-4.02010e-002
-3.048000000000e-005,-4.02010e-002
-3.044000000000e-005,-4.02010e-002
-3.040000000000e-005,-4.02010e-002
-3.036000000000e-005,-4.02010e-002
-3.032000000000e-005,-4.02010e-002
-3.028000000000e-005,-4.02010e-002
-3.024000000000e-005,-4.02010e-002
-3.020000000000e-005,-4.02010e-002
-3.016000000000e-005,-4.02010e-002
-3.012000000000e-005,-4.02010e-002
-3.008000000000e-005,-4.02010e-002
-3.004000000000e-005,-4.02010e-002
-3.000000000000e-005,-4.02010e-002
-2.996000000000e-005,-4.02010e-002
-2.992000000000e-005,-4.02010e-002
-2.988000000000e-005,-4.02010e-002
-2.984000000000e-005,-8.04020e-002
-2.980000000000e-005,-4.02010e-002
-2.976000000000e-005,-4.02010e-002
-2.972000000000e-005,-4.02010e-002
-2.968000000000e-005,-4.02010e-002
-2.964000000000e-005,-4.02010e-002
-2.960000000000e-005,-4.02010e-002
-2.956000000000e-005,-4.02010e-002
-2.952000000000e-005,-4.02010e-002
-2.948000000000e-005,-4.02010e-002
-2.944000000000e-005,-4.02010e-002
-2.940000000000e-005,-4.02010e-002
-2.936000000000e-005,-4.02010e-002
-2.932000000000e-005,-4.02010e-002
-2.928000000000e-005,-4.02010e-002
-2.924000000000e-005,-4.02010e-002
-2.920000000000e-005,-4.02010e-002
-2.916000000000e-005,-4.02010e-002
-2.912000000000e-005,-8.04020e-002
-2.908000000000e-005,-4.02010e-002
-2.904000000000e-005,-4.02010e-002
-2.900000000000e-005,-4.02010e-002
-2.896000000000e-005,-4.02010e-002
-2.892000000000e-005,-4.02010e-002
-2.888000000000e-005, 0.00000e+000
-2.884000000000e-005,-4.02010e-002
-2.880000000000e-005,-4.02010e-002
-2.876000000000e-005,-4.02010e-002
-2.872000000000e-005,-4.02010e-002
-2.868000000000e-005,-4.02010e-002
-2.864000000000e-005,-4.02010e-002
-2.860000000000e-005,-4.02010e-002
-2.856000000000e-005,-4.02010e-002
-2.852000000000e-005,-4.02010e-002
-2.848000000000e-005,-4.02010e-002
-2.844000000000e-005,-4.02010e-002
-2.840000000000e-005,-4.02010e-002
-2.836000000000e-005,-4.02010e-002
-2.832000000000e-005,-4.02010e-002
-2.828000000000e-005,-4.02010e-002
-2.824000000000e-005,-4.02010e-002
-2.820000000000e-005,-4.02010e-002
-2.816000000000e-005,-4.02010e-002
-2.812000000000e-005,-4.02010e-002
-2.808000000000e-005,-4.02010e-002
-2.804000000000e-005,-4.02010e-002
-2.800000000000e-005,-4.02010e-002
-2.796000000000e-005,-4.02010e-002
-2.792000000000e-005,-4.02010e-002
-2.788000000000e-005,-4.02010e-002
-2.784000000000e-005,-4.02010e-002
-2.780000000000e-005,-4.02010e-002
-2.776000000000e-005,-4.02010e-002
-2.772000000000e-005,-4.02010e-002
-2.768000000000e-005,-8.04020e-002
-2.764000000000e-005,-4.02010e-002
-2.760000000000e-005,-4.02010e-002
-2.756000000000e-005,-4.02010e-002
-2.752000000000e-005,-4.02010e-002
-2.748000000000e-005,-4.02010e-002
-2.744000000000e-005,-4.02010e-002
-2.740000000000e-005,-4.02010e-002
-2.736000000000e-005,-4.02010e-002
-2.732000000000e-005,-4.02010e-002
-2.728000000000e-005,-4.02010e-002
-2.724000000000e-005,-4.02010e-002
-2.720000000000e-005,-4.02010e-002
-2.716000000000e-005,-4.02010e-002
-2.712000000000e-005,-4.02010e-002
-2.708000000000e-005,-4.02010e-002
-2.704000000000e-005,-4.02010e-002
-2.700000000000e-005,-4.02010e-002
-2.696000000000e-005,-4.02010e-002
-2.692000000000e-005,-4.02010e-002
-2.688000000000e-005,-4.02010e-002
-2.684000000000e-005,-4.02010e-002
-2.680000000000e-005,-4.02010e-002
-2.676000000000e-005,-4.02010e-002
-2.672000000000e-005,-4.02010e-002
-2.668000000000e-005,-4.02010e-002
-2.664000000000e-005,-4.02010e-002
-2.660000000000e-005,-4.02010e-002
-2.656000000000e-005,-4.02010e-002
-2.652000000000e-005,-4.02010e-002
-2.648000000000e-005,-4.02010e-002
-2.644000000000e-005,-4.02010e-002
-2.640000000000e-005,-4.02010e-002
-2.636000000000e-005,-4.02010e-002
-2.632000000000e-005,-4.02010e-002
-2.628000000000e-005,-4.02010e-002
-2.624000000000e-005,-4.02010e-002
-2.620000000000e-005,-4.02010e-002
-2.616000000000e-005,-4.02010e-002
-2.612000000000e-005,-4.02010e-002
-2.608000000000e-005,-4.02010e-002
-2.604000000000e-005,-4.02010e-002
-2.600000000000e-005,-4.02010e-002
-2.596000000000e-005,-4.02010e-002
-2.592000000000e-005,-4.02010e-002
-2.588000000000e-005,-4.02010e-002
-2.584000000000e-005,-4.02010e-002
-2.580000000000e-005,-4.02010e-002
-2.576000000000e-005,-4.02010e-002
-2.572000000000e-005,-4.02010e-002
-2.568000000000e-005,-4.02010e-002
-2.564000000000e-005,-4.02010e-002
-2.560000000000e-005,-4.02010e-002
-2.556000000000e-005,-4.02010e-002
-2.552000000000e-005,-4.02010e-002
-2.548000000000e-005,-4.02010e-002
-2.544000000000e-005,-4.02010e-002
-2.540000000000e-005,-4.02010e-002
-2.536000000000e-005,-4.02010e-002
-2.532000000000e-005,-4.02010e-002
-2.528000000000e-005,-4.02010e-002
-2.524000000000e-005,-4.02010e-002
-2.520000000000e-005,-4.02010e-002
-2.516000000000e-005,-4.02010e-002
-2.512000000000e-005,-4.02010e-002
-2.508000000000e-005,-4.02010e-002
-2.504000000000e-005,-4.02010e-002
-2.500000000000e-005,-4.02010e-002
-2.496000000000e-005,-4.02010e-002
-2.492000000000e-005,-4.02010e-002
-2.488000000000e-005,-4.02010e-002
-2.484000000000e-005,-4.02010e-002
-2.480000000000e-005,-4.02010e-002
-2.476000000000e-005,-4.02010e-002
-2.472000000000e-005,-4.02010e-002
-2.468000000000e-005,-4.02010e-002
-2.464000000000e-005,-4.02010e-002
-2.460000000000e-005,-4.02010e-002
-2.456000000000e-005,-4.02010e-002
-2.452000000000e-005,-4.02010e-002
-2.448000000000e-005,-4.02010e-002
-2.444000000000e-005,-4.02010e-002
-2.440000000000e-005,-4.02010e-002
-2.436000000000e-005,-4.02010e-002
-2.432000000000e-005,-4.02010e-002
-2.428000000000e-005,-4.02010e-002
-2.424000000000e-005,-4.02010e-002
-2.420000000000e-005,-4.02010e-002
-2.416000000000e-005,-4.02010e-002
-2.412000000000e-005,-4.02010e-002
-2.408000000000e-005,-4.02010e-002
-2.404000000000e-005,-4.02010e-002
-2.400000000000e-005,-4.02010e-002
-2.396000000000e-005,-8.04020e-002
-2.392000000000e-005,-4.02010e-002
-2.388000000000e-005,-4.02010e-002
-2.384000000000e-005,-4.02010e-002
-2.380000000000e-005,-4.02010e-002
-2.376000000000e-005,-4.02010e-002
-2.372000000000e-005,-4.02010e-002
-2.368000000000e-005,-4.02010e-002
-2.364000000000e-005,-4.02010e-002
-2.360000000000e-005, 0.00000e+000
-2.356000000000e-005,-4.02010e-002
-2.352000000000e-005,-4.02010e-002
-2.348000000000e-005,-4.02010e-002
-2.344000000000e-005,-4.02010e-002
-2.340000000000e-005,-4.02010e-002
-2.336000000000e-005,-4.02010e-002
-2.332000000000e-005,-4.02010e-002
-2.328000000000e-005,-4.02010e-002
-2.324000000000e-005,-4.02010e-002
-2.320000000000e-005,-4.02010e-002
-2.316000000000e-005,-4.02010e-002
-2.312000000000e-005,-4.02010e-002
-2.308000000000e-005,-4.02010e-002
-2.304000000000e-005,-4.02010e-002
-2.300000000000e-005,-4.02010e-002
-2.296000000000e-005,-4.02010e-002
-2.292000000000e-005,-4.02010e-002
-2.288000000000e-005, 0.00000e+000
-2.284000000000e-005,-4.02010e-002
-2.280000000000e-005,-4.02010e-002
-2.276000000000e-005,-4.02010e-002
-2.272000000000e-005,-4.02010e-002
-2.268000000000e-005,-4.02010e-002
-2.264000000000e-005,-4.02010e-002
-2.260000000000e-005,-4.02010e-002
-2.256000000000e-005,-4.02010e-002
-2.252000000000e-005,-4.02010e-002
-2.248000000000e-005,-4.02010e-002
-2.244000000000e-005,-4.02010e-002
-2.240000000000e-005,-4.02010e-002
-2.236000000000e-005,-4.02010e-002
-2.232000000000e-005,-4.02010e-002
-2.228000000000e-005,-4.02010e-002
-2.224000000000e-005,-4.02010e-002
-2.220000000000e-005,-4.02010e-002
-2.216000000000e-005,-4.02010e-002
-2.212000000000e-005,-4.02010e-002
-2.208000000000e-005,-4.02010e-002
-2.204000000000e-005,-4.02010e-002
-2.200000000000e-005,-4.02010e-002
-2.196000000000e-005,-4.02010e-002
-2.192000000000e-005,-4.02010e-002
-2.188000000000e-005,-4.02010e-002
-2.184000000000e-005,-4.02010e-002
-2.180000000000e-005, 0.00000e+000
-2.176000000000e-005,-4.02010e-002
-2.172000000000e-005,-4.02010e-002
-2.168000000000e-005,-4.02010e-002
-2.164000000000e-005,-4.02010e-002
-2.160000000000e-005,-4.02010e-002
-2.156000000000e-005,-4.02010e-002
-2.152000000000e-005,-4.02010e-002
-2.148000000000e-005,-4.02010e-002
-2.144000000000e-005,-4.02010e-002
-2.140000000000e-005,-4.02010e-002
-2.136000000000e-005,-4.02010e-002
-2.132000000000e-005,-4.02010e-002
-2.128000000000e-005,-4.02010e-002
-2.124000000000e-005,-4.02010e-002
-2.120000000000e-005,-4.02010e-002
-2.116000000000e-005,-4.02010e-002
-2.112000000000e-005,-4.02010e-002
-2.108000000000e-005,-4.02010e-002
-2.104000000000e-005,-4.02010e-002
-2.100000000000e-005,-4.02010e-002
-2.096000000000e-005,-4.02010e-002
-2.092000000000e-005,-4.02010e-002
-2.088000000000e-005,-4.02010e-002
-2.084000000000e-005,-4.02010e-002
-2.080000000000e-005,-4.02010e-002
-2.076000000000e-005,-4.02010e-002
-2.072000000000e-005,-4.02010e-002
-2.068000000000e-005,-4.02010e-002
-2.064000000000e-005,-4.02010e-002
-2.060000000000e-005,-4.02010e-002
-2.056000000000e-005,-4.02010e-002
-2.052000000000e-005,-4.02010e-002
-2.048000000000e-005,-4.02010e-002
-2.044000000000e-005,-4.02010e-002
-2.040000000000e-005,-4.02010e-002
-2.036000000000e-005,-4.02010e-002
-2.032000000000e-005,-4.02010e-002
-2.028000000000e-005,-4.02010e-002
-2.024000000000e-005,-4.02010e-002
-2.020000000000e-005,-4.02010e-002
-2.016000000000e-005,-4.02010e-002
-2.012000000000e-005,-4.02010e-002
-2.008000000000e-005,-4.02010e-002
-2.004000000000e-005,-4.02010e-002
-2.000000000000e-005,-4.02010e-002
-1.996000000000e-005,-4.02010e-002
-1.992000000000e-005,-4.02010e-002
-1.988000000000e-005,-4.02010e-002
-1.984000000000e-005,-4.02010e-002
-1.980000000000e-005,-4.02010e-002
-1.976000000000e-005,-4.02010e-002
-1.972000000000e-005,-4.02010e-002
-1.968000000000e-005,-4.02010e-002
-1.964000000000e-005,-4.02010e-002
-1.960000000000e-005,-4.02010e-002
-1.956000000000e-005,-4.02010e-002
-1.952000000000e-005,-4.02010e-002
-1.948000000000e-005,-4.02010e-002
-1.944000000000e-005,-4.02010e-002
-1.940000000000e-005,-4.02010e-002
-1.936000000000e-005,-4.02010e-002
-1.932000000000e-005,-4.02010e-002
-1.928000000000e-005,-4.02010e-002
-1.924000000000e-005,-4.02010e-002
-1.920000000000e-005,-4.02010e-002
-1.916000000000e-005,-4.02010e-002
-1.912000000000e-005,-4.02010e-002
-1.908000000000e-005,-4.02010e-002
-1.904000000000e-005,-4.02010e-002
-1.900000000000e-005,-4.02010e-002
-1.896000000000e-005,-4.02010e-002
-1.892000000000e-005,-4.02010e-002
-1.888000000000e-005,-4.02010e-002
-1.884000000000e-005,-4.02010e-002
-1.880000000000e-005, 0.00000e+000
-1.876000000000e-005,-4.02010e-002
-1.872000000000e-005,-4.02010e-002
-1.868000000000e-005,-4.02010e-002
-1.864000000000e-005,-4.02010e-002
-1.860000000000e-005,-4.02010e-002
-1.856000000000e-005,-4.02010e-002
-1.852000000000e-005,-4.02010e-002
-1.848000000000e-005,-4.02010e-002
-1.844000000000e-005,-4.02010e-002
-1.840000000000e-005,-4.02010e-002
-1.836000000000e-005,-4.02010e-002
-1.832000000000e-005,-4.02010e-002
-1.828000000000e-005,-4.02010e-002
-1.824000000000e-005,-8.04020e-002
-1.820000000000e-005,-4.02010e-002
-1.816000000000e-005,-4.02010e-002
-1.812000000000e-005,-4.02010e-002
-1.808000000000e-005,-4.02010e-002
-1.804000000000e-005,-4.02010e-002
-1.800000000000e-005,-4.02010e-002
-1.796000000000e-005,-4.02010e-002
-1.792000000000e-005,-4.02010e-002
-1.788000000000e-005,-4.02010e-002
-1.784000000000e-005,-4.02010e-002
-1.780000000000e-005,-4.02010e-002
-1.776000000000e-005, 0.00000e+000
-1.772000000000e-005,-4.02010e-002
-1.768000000000e-005,-4.02010e-002
-1.764000000000e-005,-4.02010e-002
-1.760000000000e-005,-4.02010e-002
-1.756000000000e-005,-4.02010e-002
-1.752000000000e-005,-4.02010e-002
-1.748000000000e-005,-4.02010e-002
-1.744000000000e-005,-4.02010e-002
-1.740000000000e-005,-4.02010e-002
-1.736000000000e-005,-4.02010e-002
-1.732000000000e-005,-4.02010e-002
-1.728000000000e-005,-4.02010e-002
-1.724000000000e-005,-4.02010e-002
-1.720000000000e-005,-4.02010e-002
-1.716000000000e-005,-4.02010e-002
-1.712000000000e-005,-4.02010e-002
-1.708000000000e-005,-4.02010e-002
-1.704000000000e-005,-4.02010e-002
-1.700000000000e-005,-4.02010e-002
-1.696000000000e-005,-4.02010e-002
-1.692000000000e-005,-4.02010e-002
-1.688000000000e-005,-4.02010e-002
-1.684000000000e-005,-4.02010e-002
-1.680000000000e-005, 0.00000e+000
-1.676000000000e-005,-4.02010e-002
-1.672000000000e-005,-4.02010e-002
-1.668000000000e-005,-4.02010e-002
-1.664000000000e-005,-4.02010e-002
-1.660000000000e-005,-4.02010e-002
-1.656000000000e-005,-4.02010e-002
-1.652000000000e-005,-4.02010e-002
-1.648000000000e-005,-4.02010e-002
-1.644000000000e-005,-4.02010e-002
-1.640000000000e-005,-4.02010e-002
-1.636000000000e-005,-4.02010e-002
-1.632000000000e-005,-4.02010e-002
-1.628000000000e-005,-4.02010e-002
-1.624000000000e-005,-4.02010e-002
-1.620000000000e-005,-4.02010e-002
-1.616000000000e-005,-4.02010e-002
-1.612000000000e-005,-4.02010e-002
-1.608000000000e-005,-4.02010e-002
-1.604000000000e-005,-8.04020e-002
-1.600000000000e-005,-4.02010e-002
-1.596000000000e-005,-4.02010e-002
-1.592000000000e-005,-4.02010e-002
-1.588000000000e-005,-4.02010e-002
-1.584000000000e-005,-4.02010e-002
-1.580000000000e-005,-4.02010e-002
-1.576000000000e-005,-4.02010e-002
-1.572000000000e-005,-8.04020e-002
-1.568000000000e-005,-4.02010e-002
-1.564000000000e-005,-4.02010e-002
-1.560000000000e-005,-4.02010e-002
-1.556000000000e-005,-4.02010e-002
-1.552000000000e-005,-4.02010e-002
-1.548000000000e-005,-4.02010e-002
-1.544000000000e-005,-4.02010e-002
-1.540000000000e-005,-4.02010e-002
-1.536000000000e-005,-4.02010e-002
-1.532000000000e-005,-4.02010e-002
-1.528000000000e-005,-4.02010e-002
-1.524000000000e-005,-4.02010e-002
-1.520000000000e-005,-4.02010e-002
-1.516000000000e-005,-4.02010e-002
-1.512000000000e-005,-4.02010e-002
-1.508000000000e-005,-4.02010e-002
-1.504000000000e-005,-4.02010e-002
-1.500000000000e-005,-4.02010e-002
-1.496000000000e-005,-4.02010e-002
-1.492000000000e-005,-4.02010e-002
-1.488000000000e-005,-4.02010e-002
-1.484000000000e-005,-4.02010e-002
-1.480000000000e-005,-4.02010e-002
-1.476000000000e-005,-4.02010e-002
-1.472000000000e-005,-4.02010e-002
-1.468000000000e-005,-4.02010e-002
-1.464000000000e-005,-4.02010e-002
-1.460000000000e-005,-4.02010e-002
-1.456000000000e-005,-4.02010e-002
-1.452000000000e-005,-4.02010e-002
-1.448000000000e-005,-4.02010e-002
-1.444000000000e-005,-4.02010e-002
-1.440000000000e-005,-4.02010e-002
-1.436000000000e-005,-4.02010e-002
-1.432000000000e-005,-4.02010e-002
-1.428000000000e-005,-4.02010e-002
-1.424000000000e-005,-4.02010e-002
-1.420000000000e-005,-4.02010e-002
-1.416000000000e-005,-4.02010e-002
-1.412000000000e-005,-4.02010e-002
-1.408000000000e-005,-4.02010e-002
-1.404000000000e-005,-4.02010e-002
-1.400000000000e-005,-4.02010e-002
-1.396000000000e-005,-4.02010e-002
-1.392000000000e-005,-4.02010e-002
-1.388000000000e-005,-4.02010e-002
-1.384000000000e-005,-4.02010e-002
-1.380000000000e-005,-4.02010e-002
-1.376000000000e-005,-4.02010e-002
-1.372000000000e-005,-4.02010e-002
-1.368000000000e-005,-4.02010e-002
-1.364000000000e-005,-4.02010e-002
-1.360000000000e-005,-4.02010e-002
-1.356000000000e-005,-4.02010e-002
-1.352000000000e-005,-4.02010e-002
-1.348000000000e-005,-4.02010e-002
-1.344000000000e-005,-4.02010e-002
-1.340000000000e-005,-4.02010e-002
-1.336000000000e-005,-4.02010e-002
-1.332000000000e-005,-4.02010e-002
-1.328000000000e-005,-4.02010e-002
-1.324000000000e-005,-4.02010e-002
-1.320000000000e-005,-4.02010e-002
-1.316000000000e-005,-4.02010e-002
-1.312000000000e-005,-4.02010e-002
-1.308000000000e-005,-4.02010e-002
-1.304000000000e-005,-4.02010e-002
-1.300000000000e-005,-4.02010e-002
-1.296000000000e-005,-4.02010e-002
-1.292000000000e-005,-4.02010e-002
-1.288000000000e-005,-4.02010e-002
-1.284000000000e-005,-4.02010e-002
-1.280000000000e-005,-4.02010e-002
-1.276000000000e-005, 0.00000e+000
-1.272000000000e-005,-4.02010e-002
-1.268000000000e-005,-4.02010e-002
-1.264000000000e-005,-4.02010e-002
-1.260000000000e-005,-4.02010e-002
-1.256000000000e-005,-4.02010e-002
-1.252000000000e-005,-4.02010e-002
-1.248000000000e-005,-4.02010e-002
-1.244000000000e-005,-4.02010e-002
-1.240000000000e-005,-4.02010e-002
-1.236000000000e-005,-4.02010e-002
-1.232000000000e-005,-4.02010e-002
-1.228000000000e-005,-4.02010e-002
-1.224000000000e-005,-4.02010e-002
-1.220000000000e-005,-4.02010e-002
-1.216000000000e-005,-4.02010e-002
-1.212000000000e-005,-4.02010e-002
-1.208000000000e-005,-4.02010e-002
-1.204000000000e-005,-4.02010e-002
-1.200000000000e-005,-4.02010e-002
-1.196000000000e-005,-4.02010e-002
-1.192000000000e-005,-4.02010e-002
-1.188000000000e-005,-4.02010e-002
-1.184000000000e-005,-4.02010e-002
-1.180000000000e-005,-4.02010e-002
-1.176000000000e-005,-4.02010e-002
-1.172000000000e-005,-4.02010e-002
-1.168000000000e-005,-4.02010e-002
-1.164000000000e-005,-4.02010e-002
-1.160000000000e-005,-4.02010e-002
-1.156000000000e-005,-4.02010e-002
-1.152000000000e-005,-4.02010e-002
-1.148000000000e-005,-4.02010e-002
-1.144000000000e-005,-4.02010e-002
-1.140000000000e-005,-4.02010e-002
-1.136000000000e-005,-4.02010e-002
-1.132000000000e-005,-4.02010e-002
-1.128000000000e-005,-4.02010e-002
-1.124000000000e-005,-4.02010e-002
-1.120000000000e-005,-4.02010e-002
-1.116000000000e-005,-4.02010e-002
-1.112000000000e-005,-4.02010e-002
-1.108000000000e-005,-4.02010e-002
-1.104000000000e-005,-4.02010e-002
-1.100000000000e-005,-4.02010e-002
-1.096000000000e-005, 0.00000e+000
-1.092000000000e-005, 0.00000e+000
-1.088000000000e-005,-4.02010e-002
-1.084000000000e-005,-4.02010e-002
-1.080000000000e-005,-4.02010e-002
-1.076000000000e-005,-4.02010e-002
-1.072000000000e-005,-4.02010e-002
-1.068000000000e-005,-4.02010e-002
-1.064000000000e-005,-4.02010e-002
-1.060000000000e-005,-4.02010e-002
-1.056000000000e-005,-4.02010e-002
-1.052000000000e-005,-4.02010e-002
-1.048000000000e-005,-4.02010e-002
-1.044000000000e-005,-4.02010e-002
-1.040000000000e-005,-4.02010e-002
-1.036000000000e-005,-4.02010e-002
-1.032000000000e-005,-4.02010e-002
-1.028000000000e-005,-4.02010e-002
-1.024000000000e-005,-4.02010e-002
-1.020000000000e-005,-4.02010e-002
-1.016000000000e-005,-4.02010e-002
-1.012000000000e-005,-4.02010e-002
-1.008000000000e-005,-4.02010e-002
-1.004000000000e-005,-4.02010e-002
-1.000000000000e-005,-4.02010e-002
-9.960000000000e-006,-4.02010e-002
-9.920000000000e-006,-4.02010e-002
-9.880000000000e-006,-4.02010e-002
-9.840000000000e-006,-4.02010e-002
-9.800000000000e-006,-4.02010e-002
-9.760000000000e-006,-4.02010e-002
-9.720000000000e-006,-4.02010e-002
-9.680000000000e-006,-4.02010e-002
-9.640000000000e-006,-4.02010e-002
-9.600000000000e-006,-4.02010e-002
-9.560000000000e-006,-4.02010e-002
-9.520000000000e-006,-4.02010e-002
-9.480000000000e-006,-4.02010e-002
-9.440000000000e-006,-4.02010e-002
-9.400000000000e-006,-4.02010e-002
-9.360000000000e-006,-4.02010e-002
-9.320000000000e-006,-4.02010e-002
-9.280000000000e-006,-4.02010e-002
-9.240000000000e-006,-4.02010e-002
-9.200000000000e-006,-4.02010e-002
-9.160000000000e-006,-4.02010e-002
-9.120000000000e-006,-4.02010e-002
-9.080000000000e-006,-4.02010e-002
-9.040000000000e-006,-4.02010e-002
-9.000000000000e-006,-4.02010e-002
-8.960000000000e-006,-4.02010e-002
-8.920000000000e-006,-4.02010e-002
-8.880000000000e-006,-4.02010e-002
-8.840000000000e-006,-4.02010e-002
-8.800000000000e-006,-4.02010e-002
-8.760000000000e-006,-4.02010e-002
-8.720000000000e-006,-4.02010e-002
-8.680000000000e-006,-4.02010e-002
-8.640000000000e-006, 0.00000e+000
-8.600000000000e-006,-4.02010e-002
-8.560000000000e-006,-4.02010e-002
-8.520000000000e-006,-4.02010e-002
-8.480000000000e-006,-4.02010e-002
-8.440000000000e-006,-4.02010e-002
-8.400000000000e-006, 0.00000e+000
-8.360000000000e-006,-4.02010e-002
-8.320000000000e-006,-4.02010e-002
-8.280000000000e-006,-4.02010e-002
-8.240000000000e-006,-4.02010e-002
-8.200000000000e-006,-4.02010e-002
-8.160000000000e-006,-4.02010e-002
-8.120000000000e-006,-4.02010e-002
-8.080000000000e-006,-4.02010e-002
-8.040000000000e-006,-4.02010e-002
-8.000000000000e-006,-4.02010e-002
-7.960000000000e-006,-4.02010e-002
-7.920000000000e-006,-4.02010e-002
-7.880000000000e-006,-4.02010e-002
-7.840000000000e-006,-4.02010e-002
-7.800000000000e-006,-4.02010e-002
-7.760000000000e-006,-4.02010e-002
-7.720000000000e-006,-4.02010e-002
-7.680000000000e-006,-4.02010e-002
-7.640000000000e-006,-4.02010e-002
-7.600000000000e-006,-4.02010e-002
-7.560000000000e-006,-4.02010e-002
-7.520000000000e-006,-4.02010e-002
-7.480000000000e-006,-4.02010e-002
-7.440000000000e-006,-4.02010e-002
-7.400000000000e-006,-4.02010e-002
-7.360000000000e-006,-4.02010e-002
-7.320000000000e-006,-8.04020e-002
-7.280000000000e-006,-4.02010e-002
-7.240000000000e-006,-4.02010e-002
-7.200000000000e-006,-4.02010e-002
-7.160000000000e-006,-4.02010e-002
-7.120000000000e-006, 0.00000e+000
-7.080000000000e-006,-4.02010e-002
-7.040000000000e-006,-4.02010e-002
-7.000000000000e-006,-4.02010e-002
-6.960000000000e-006,-4.02010e-002
-6.920000000000e-006,-4.02010e-002
-6.880000000000e-006,-4.02010e-002
-6.840000000000e-006,-4.02010e-002
-6.800000000000e-006,-4.02010e-002
-6.760000000000e-006,-4.02010e-002
-6.720000000000e-006,-4.02010e-002
-6.680000000000e-006,-4.02010e-002
-6.640000000000e-006, 0.00000e+000
-6.600000000000e-006,-4.02010e-002
-6.560000000000e-006,-4.02010e-002
-6.520000000000e-006,-4.02010e-002
-6.480000000000e-006,-4.02010e-002
-6.440000000000e-006,-4.02010e-002
-6.400000000000e-006,-4.02010e-002
-6.360000000000e-006,-4.02010e-002
-6.320000000000e-006,-4.02010e-002
-6.280000000000e-006,-4.02010e-002
-6.240000000000e-006,-4.02010e-002
-6.200000000000e-006,-4.02010e-002
-6.160000000000e-006,-4.02010e-002
-6.120000000000e-006,-4.02010e-002
-6.080000000000e-006,-4.02010e-002
-6.040000000000e-006,-4.02010e-002
-6.000000000000e-006,-4.02010e-002
-5.960000000000e-006,-4.02010e-002
-5.920000000000e-006,-4.02010e-002
-5.880000000000e-006,-4.02010e-002
-5.840000000000e-006,-4.02010e-002
-5.800000000000e-006,-4.02010e-002
-5.760000000000e-006,-4.02010e-002
-5.720000000000e-006,-4.02010e-002
-5.680000000000e-006,-4.02010e-002
-5.640000000000e-006,-4.02010e-002
-5.600000000000e-006,-4.02010e-002
-5.560000000000e-006,-4.02010e-002
-5.520000000000e-006,-4.02010e-002
-5.480000000000e-006,-4.02010e-002
-5.440000000000e-006,-4.02010e-002
-5.400000000000e-006,-4.02010e-002
-5.360000000000e-006,-4.02010e-002
-5.320000000000e-006, 0.00000e+000
-5.280000000000e-006,-4.02010e-002
-5.240000000000e-006,-4.02010e-002
-5.200000000000e-006,-4.02010e-002
-5.160000000000e-006,-4.02010e-002
-5.120000000000e-006,-4.02010e-002
-5.080000000000e-006,-4.02010e-002
-5.040000000000e-006,-4.02010e-002
-5.000000000000e-006,-4.02010e-002
-4.960000000000e-006,-4.02010e-002
-4.920000000000e-006,-4.02010e-002
-4.880000000000e-006,-4.02010e-002
-4.840000000000e-006,-4.02010e-002
-4.800000000000e-006,-4.02010e-002
-4.760000000000e-006,-8.04020e-002
-4.720000000000e-006,-4.02010e-002
-4.680000000000e-006,-4.02010e-002
-4.640000000000e-006,-4.02010e-002
-4.600000000000e-006,-4.02010e-002
-4.560000000000e-006,-4.02010e-002
-4.520000000000e-006, 0.00000e+000
-4.480000000000e-006,-4.02010e-002
-4.440000000000e-006,-4.02010e-002
-4.400000000000e-006,-4.02010e-002
-4.360000000000e-006,-4.02010e-002
-4.320000000000e-006,-4.02010e-002
-4.280000000000e-006,-4.02010e-002
-4.240000000000e-006,-4.02010e-002
-4.200000000000e-006,-4.02010e-002
-4.160000000000e-006,-4.02010e-002
-4.120000000000e-006,-4.02010e-002
-4.080000000000e-006,-4.02010e-002
-4.040000000000e-006,-8.04020e-002
-4.000000000000e-006,-4.02010e-002
-3.960000000000e-006,-4.02010e-002
-3.920000000000e-006,-4.02010e-002
-3.880000000000e-006,-4.02010e-002
-3.840000000000e-006,-4.02010e-002
-3.800000000000e-006,-4.02010e-002
-3.760000000000e-006,-4.02010e-002
-3.720000000000e-006,-4.02010e-002
-3.680000000000e-006,-4.02010e-002
-3.640000000000e-006,-4.02010e-002
-3.600000000000e-006,-4.02010e-002
-3.560000000000e-006,-4.02010e-002
-3.520000000000e-006,-4.02010e-002
-3.480000000000e-006,-4.02010e-002
-3.440000000000e-006,-4.02010e-002
-3.400000000000e-006,-4.02010e-002
-3.360000000000e-006,-4.02010e-002
-3.320000000000e-006,-4.02010e-002
-3.280000000000e-006,-4.02010e-002
-3.240000000000e-006,-4.02010e-002
-3.200000000000e-006,-4.02010e-002
-3.160000000000e-006,-4.02010e-002
-3.120000000000e-006,-4.02010e-002
-3.080000000000e-006,-4.02010e-002
-3.040000000000e-006,-4.02010e-002
-3.000000000000e-006,-4.02010e-002
-2.960000000000e-006,-8.04020e-002
-2.920000000000e-006,-4.02010e-002
-2.880000000000e-006,-4.02010e-002
-2.840000000000e-006,-4.02010e-002
-2.800000000000e-006,-4.02010e-002
-2.760000000000e-006,-4.02010e-002
-2.720000000000e-006,-4.02010e-002
-2.680000000000e-006,-4.02010e-002
-2.640000000000e-006,-8.04020e-002
-2.600000000000e-006,-4.02010e-002
-2.560000000000e-006,-4.02010e-002
-2.520000000000e-006,-4.02010e-002
-2.480000000000e-006,-8.04020e-002
-2.440000000000e-006,-4.02010e-002
-2.400000000000e-006,-8.04020e-002
-2.360000000000e-006,-4.02010e-002
-2.320000000000e-006,-4.02010e-002
-2.280000000000e-006, 2.41206e-001
-2.240000000000e-006,-1.00503e+000
-2.200000000000e-006, 5.62814e-001
-2.160000000000e-006, 8.44221e-001
-2.120000000000e-006, 2.45226e+000
-2.080000000000e-006, 2.45226e+000
-2.040000000000e-006, 2.41206e+000
-2.000000000000e-006, 2.45226e+000
-1.960000000000e-006, 2.45226e+000
-1.920000000000e-006, 2.41206e+000
-1.880000000000e-006, 2.45226e+000
-1.840000000000e-006, 2.45226e+000
-1.800000000000e-006, 2.45226e+000
-1.760000000000e-006, 2.45226e+000
-1.720000000000e-006, 2.45226e+000
-1.680000000000e-006, 2.41206e+000
-1.640000000000e-006, 2.45226e+000
-1.600000000000e-006, 2.41206e+000
-1.560000000000e-006, 2.41206e+000
-1.520000000000e-006, 2.45226e+000
-1.480000000000e-006, 2.45226e+000
-1.440000000000e-006, 2.41206e+000
-1.400000000000e-006, 2.45226e+000
-1.360000000000e-006, 2.45226e+000
-1.320000000000e-006, 2.45226e+000
-1.280000000000e-006, 2.45226e+000
-1.240000000000e-006, 2.45226e+000
-1.200000000000e-006, 2.45226e+000
-1.160000000000e-006, 2.45226e+000
-1.120000000000e-006, 2.45226e+000
-1.080000000000e-006, 2.45226e+000
-1.040000000000e-006, 2.45226e+000
-1.000000000000e-006, 2.45226e+000
-9.600000000000e-007, 2.45226e+000
-9.200000000001e-007, 2.45226e+000
-8.800000000000e-007, 2.41206e+000
-8.400000000000e-007, 2.45226e+000
-8.000000000000e-007, 2.45226e+000
-7.600000000000e-007, 2.45226e+000
-7.200000000001e-007, 2.45226e+000
-6.800000000000e-007, 2.45226e+000
-6.400000000000e-007, 2.45226e+000
-6.000000000000e-007, 2.41206e+000
-5.600000000000e-007, 2.45226e+000
-5.200000000001e-007, 2.45226e+000
-4.800000000000e-007, 2.45226e+000
-4.400000000000e-007, 2.45226e+000
-4.000000000000e-007, 2.45226e+000
-3.600000000000e-007, 2.45226e+000
-3.200000000001e-007, 2.45226e+000
-2.800000000001e-007, 2.45226e+000
-2.400000000000e-007, 2.45226e+000
-2.000000000000e-007, 2.45226e+000
-1.600000000000e-007, 2.45226e+000
-1.200000000000e-007, 2.45226e+000
-8.000000000007e-008, 2.45226e+000
-3.999999999998e-008, 2.41206e+000
 0.000000000000e+000, 2.45226e+000
 3.999999999998e-008, 2.41206e+000
 7.999999999996e-008, 2.41206e+000
 1.199999999999e-007, 1.08543e+000
 1.600000000000e-007,-3.73869e+000
 2.000000000000e-007,-3.53769e+000
 2.400000000000e-007,-3.49749e+000
 2.800000000000e-007,-3.45729e+000
 3.199999999999e-007,-3.45729e+000
 3.600000000000e-007,-3.49749e+000
 4.000000000000e-007,-3.45729e+000
 4.400000000000e-007,-3.45729e+000
 4.800000000000e-007, 2.57286e+000
 5.199999999999e-007,-3.49749e+000
 5.599999999999e-007,-3.53769e+000
 6.000000000000e-007,-3.45729e+000
 6.400000000000e-007,-3.45729e+000
 6.800000000000e-007,-3.45729e+000
 7.200000000000e-007,-2.17085e+000
 7.599999999999e-007, 2.41206e+000
 8.000000000000e-007, 2.45226e+000
 8.400000000000e-007, 2.45226e+000
 8.800000000000e-007, 2.45226e+000
 9.200000000000e-007, 2.41206e+000
 9.599999999999e-007, 2.41206e+000
 1.000000000000e-006, 3.61809e-001
 1.040000000000e-006,-3.73869e+000
 1.080000000000e-006,-3.53769e+000
 1.120000000000e-006,-3.49749e+000
 1.160000000000e-006,-3.45729e+000
 1.200000000000e-006, 6.43216e-001
 1.240000000000e-006, 2.45226e+000
 1.280000000000e-006, 2.45226e+000
 1.320000000000e-006, 2.45226e+000
 1.360000000000e-006,-2.33166e+000
 1.400000000000e-006,-2.97487e+000
 1.440000000000e-006,-3.53769e+000
 1.480000000000e-006,-3.49749e+000
 1.520000000000e-006,-3.45729e+000
 1.560000000000e-006,-2.01005e+000
 1.600000000000e-006,-1.56784e+000
 1.640000000000e-006,-1.24623e+000
 1.680000000000e-006,-8.84422e-001
 1.720000000000e-006,-8.44221e-001
 1.760000000000e-006,-7.23618e-001
 1.800000000000e-006,-3.61809e-001
 1.840000000000e-006,-2.01005e-001
 1.880000000000e-006,-1.20603e-001
 1.920000000000e-006,-1.20603e-001
 1.960000000000e-006,-2.01005e-001
 2.000000000000e-006,-2.81407e-001
 2.040000000000e-006,-3.21608e-001
 2.080000000000e-006,-3.21608e-001
 2.120000000000e-006,-3.21608e-001
 2.160000000000e-006,-3.21608e-001
 2.200000000000e-006,-3.61809e-001
 2.240000000000e-006,-4.42211e-001
 2.280000000000e-006,-4.82412e-001
 2.320000000000e-006,-5.22613e-001
 2.360000000000e-006,-5.62814e-001
 2.400000000000e-006,-6.03015e-001
 2.440000000000e-006,-5.22613e-001
 2.480000000000e-006,-5.22613e-001
 2.520000000000e-006,-4.42211e-001
 2.560000000000e-006,-4.02010e-001
 2.600000000000e-006,-3.21608e-001
 2.640000000000e-006,-2.41206e-001
 2.680000000000e-006,-2.01005e-001
 2.720000000000e-006,-2.41206e-001
 2.760000000000e-006,-3.21608e-001
 2.800000000000e-006,-4.02010e-001
 2.840000000000e-006,-4.42211e-001
 2.880000000000e-006,-5.62814e-001
 2.920000000000e-006,-6.03015e-001
 2.960000000000e-006,-5.62814e-001
 3.000000000000e-006,-4.82412e-001
 3.040000000000e-006,-3.21608e-001
 3.080000000000e-006,-2.01005e-001
 3.120000000000e-006,-1.60804e-001
 3.160000000000e-006,-1.60804e-001
 3.200000000000e-006,-1.60804e-001
 3.240000000000e-006,-2.81407e-001
 3.280000000000e-006,-3.61809e-001
 3.320000000000e-006,-5.22613e-001
 3.360000000000e-006,-6.03015e-001
 3.400000000000e-006,-6.03015e-001
 3.440000000000e-006,-6.43216e-001
 3.480000000000e-006,-6.03015e-001
 3.520000000000e-006,-5.22613e-001
 3.560000000000e-006,-5.22613e-001
 3.600000000000e-006,-5.62814e-001
 3.640000000000e-006,-6.03015e-001
 3.680000000000e-006,-6.03015e-001
 3.720000000000e-006,-6.03015e-001
 3.760000000000e-006,-6.43216e-001
 3.800000000000e-006,-5.62814e-001
 3.840000000000e-006,-5.22613e-001
 3.880000000000e-006,-4.82412e-001
 3.920000000000e-006,-3.61809e-001
 3.960000000000e-006,-2.41206e-001
 4.000000000000e-006,-1.60804e-001
 4.040000000000e-006,-1.20603e-001
 4.080000000000e-006, 4.02010e-002
 4.120000000000e-006, 4.02010e-002
 4.160000000000e-006, 4.02010e-002
 4.200000000000e-006, 0.00000e+000
 4.240000000000e-006,-4.02010e-002
 4.280000000000e-006,-1.20603e-001
 4.320000000000e-006,-1.60804e-001
 4.360000000000e-006,-2.01005e-001
 4.400000000000e-006,-2.41206e-001
 4.440000000000e-006,-2.41206e-001
 4.480000000000e-006,-2.41206e-001
 4.520000000000e-006,-2.41206e-001
 4.560000000000e-006,-2.41206e-001
 4.600000000000e-006,-2.41206e-001
 4.640000000000e-006,-2.81407e-001
 4.680000000000e-006,-2.81407e-001
 4.720000000000e-006,-2.81407e-001
 4.760000000000e-006,-2.81407e-001
 4.800000000000e-006,-2.41206e-001
 4.840000000000e-006,-1.60804e-001
 4.880000000000e-006,-1.60804e-001
 4.920000000000e-006,-8.04020e-002
 4.960000000000e-006,-8.04020e-002
 5.000000000000e-006,-8.04020e-002
 5.040000000000e-006,-8.04020e-002
 5.080000000000e-006,-1.20603e-001
 5.120000000000e-006,-1.60804e-001
 5.160000000000e-006,-2.01005e-001
 5.200000000000e-006,-2.01005e-001
 5.240000000000e-006,-2.41206e-001
 5.280000000000e-006,-2.41206e-001
 5.320000000000e-006,-2.41206e-001
 5.360000000000e-006,-2.41206e-001
 5.400000000000e-006,-2.41206e-001
 5.440000000000e-006,-2.41206e-001
 5.480000000000e-006,-2.01005e-001
 5.520000000000e-006,-1.60804e-001
 5.560000000000e-006,-1.60804e-001
 5.600000000000e-006,-1.20603e-001
 5.640000000000e-006,-8.04020e-002
 5.680000000000e-006,-4.02010e-002
 5.720000000000e-006,-8.04020e-002
 5.760000000000e-006,-8.04020e-002
 5.800000000000e-006,-8.04020e-002
 5.840000000000e-006,-1.60804e-001
 5.880000000000e-006,-2.01005e-001
 5.920000000000e-006,-2.01005e-001
 5.960000000000e-006,-2.01005e-001
 6.000000000000e-006,-1.60804e-001
 6.040000000000e-006,-1.20603e-001
 6.080000000000e-006,-8.04020e-002
 6.120000000000e-006,-8.04020e-002
 6.160000000000e-006,-8.04020e-002
 6.200000000000e-006,-8.04020e-002
 6.240000000000e-006,-1.20603e-001
 6.280000000000e-006,-1.20603e-001
 6.320000000000e-006,-1.20603e-001
 6.360000000000e-006,-1.20603e-001
 6.400000000000e-006,-1.20603e-001
 6.440000000000e-006,-8.04020e-002
 6.480000000000e-006,-8.04020e-002
 6.520000000000e-006,-8.04020e-002
 6.560000000000e-006,-4.02010e-002
 6.600000000000e-006,-4.02010e-002
 6.640000000000e-006,-4.02010e-002
 6.680000000000e-006,-4.02010e-002
 6.720000000000e-006,-8.04020e-002
 6.760000000000e-006,-8.04020e-002
 6.800000000000e-006,-4.02010e-002
 6.840000000000e-006,-4.02010e-002
 6.880000000000e-006,-4.02010e-002
 6.920000000000e-006,-4.02010e-002
 6.960000000000e-006,-4.02010e-002
 7.000000000000e-006,-4.02010e-002
 7.040000000000e-006,-4.02010e-002
 7.080000000000e-006, 0.00000e+000
 7.120000000000e-006,-4.02010e-002
 7.160000000000e-006, 0.00000e+000
 7.200000000000e-006, 0.00000e+000
 7.240000000000e-006, 0.00000e+000
 7.280000000000e-006, 0.00000e+000
 7.320000000000e-006, 0.00000e+000
 7.360000000000e-006, 0.00000e+000
 7.400000000000e-006,-4.02010e-002
 7.440000000000e-006,-4.02010e-002
 7.480000000000e-006,-4.02010e-002
 7.520000000000e-006,-4.02010e-002
 7.560000000000e-006,-4.02010e-002
 7.600000000000e-006, 0.00000e+000
 7.640000000000e-006,-4.02010e-002
 7.680000000000e-006,-4.02010e-002
 7.720000000000e-006,-4.02010e-002
 7.760000000000e-006,-4.02010e-002
 7.800000000000e-006, 0.00000e+000
 7.840000000000e-006, 4.02010e-002
 7.880000000000e-006, 4.02010e-002
 7.920000000000e-006, 4.02010e-002
 7.960000000000e-006, 4.02010e-002
 8.000000000000e-006, 8.04020e-002
 8.040000000000e-006, 8.04020e-002
 8.080000000000e-006, 8.04020e-002
 8.120000000000e-006, 8.04020e-002
 8.160000000000e-006, 0.00000e+000
 8.200000000000e-006, 0.00000e+000
 8.240000000000e-006, 0.00000e+000
 8.280000000000e-006, 0.00000e+000
 8.320000000000e-006, 0.00000e+000
 8.360000000000e-006, 0.00000e+000
 8.400000000000e-006, 0.00000e+000
 8.440000000000e-006, 4.02010e-002
 8.480000000000e-006, 4.02010e-002
 8.520000000000e-006, 4.02010e-002
 8.560000000000e-006, 4.02010e-002
 8.600000000000e-006, 0.00000e+000
 8.640000000000e-006, 0.00000e+000
 8.680000000000e-006, 0.00000e+000
 8.720000000000e-006, 0.00000e+000
 8.760000000000e-006, 0.00000e+000
 8.800000000000e-006, 0.00000e+000
 8.840000000000e-006, 0.00000e+000
 8.880000000000e-006, 0.00000e+000
 8.920000000000e-006, 0.00000e+000
 8.960000000000e-006, 0.00000e+000
 9.000000000000e-006, 0.00000e+000
 9.040000000000e-006, 0.00000e+000
 9.080000000000e-006, 4.02010e-002
 9.120000000000e-006, 0.00000e+000
 9.160000000000e-006, 4.02010e-002
 9.200000000000e-006, 4.02010e-002
 9.240000000000e-006, 4.02010e-002
 9.280000000000e-006, 4.02010e-002
 9.320000000000e-006, 4.02010e-002
 9.360000000000e-006, 0.00000e+000
 9.400000000000e-006, 0.00000e+000
 9.440000000000e-006, 0.00000e+000
 9.480000000000e-006, 0.00000e+000
 9.520000000000e-006,-4.02010e-002
 9.560000000000e-006, 0.00000e+000
 9.600000000000e-006, 0.00000e+000
 9.640000000000e-006, 0.00000e+000
 9.680000000000e-006, 0.00000e+000
 9.720000000000e-006, 0.00000e+000
 9.760000000000e-006, 0.00000e+000
 9.800000000000e-006, 0.00000e+000
 9.840000000000e-006, 0.00000e+000
 9.880000000000e-006, 0.00000e+000
 9.920000000000e-006, 0.00000e+000
 9.960000000000e-006, 0.00000e+000
 1.000000000000e-005,-4.02010e-002
 1.004000000000e-005,-4.02010e-002
 1.008000000000e-005,-4.02010e-002
 1.012000000000e-005,-4.02010e-002
 1.016000000000e-005,-4.02010e-002
 1.020000000000e-005,-4.02010e-002
 1.024000000000e-005,-4.02010e-002
 1.028000000000e-005,-4.02010e-002
 1.032000000000e-005, 0.00000e+000
 1.036000000000e-005, 0.00000e+000
 1.040000000000e-005, 0.00000e+000
 1.044000000000e-005, 0.00000e+000
 1.048000000000e-005, 0.00000e+000
 1.052000000000e-005,-4.02010e-002
 1.056000000000e-005,-4.02010e-002
 1.060000000000e-005,-8.04020e-002
 1.064000000000e-005,-8.04020e-002
 1.068000000000e-005,-8.04020e-002
 1.072000000000e-005,-8.04020e-002
 1.076000000000e-005,-4.02010e-002
 1.080000000000e-005,-4.02010e-002
 1.084000000000e-005,-4.02010e-002
 1.088000000000e-005,-4.02010e-002
 1.092000000000e-005,-4.02010e-002
 1.096000000000e-005,-4.02010e-002
 1.100000000000e-005,-4.02010e-002
 1.104000000000e-005,-8.04020e-002
 1.108000000000e-005,-4.02010e-002
 1.112000000000e-005,-4.02010e-002
 1.116000000000e-005,-4.02010e-002
 1.120000000000e-005,-4.02010e-002
 1.124000000000e-005,-8.04020e-002
 1.128000000000e-005,-4.02010e-002
 1.132000000000e-005,-4.02010e-002
 1.136000000000e-005,-8.04020e-002
 1.140000000000e-005,-4.02010e-002
 1.144000000000e-005,-4.02010e-002
 1.148000000000e-005,-8.04020e-002
 1.152000000000e-005,-8.04020e-002
 1.156000000000e-005,-4.02010e-002
 1.160000000000e-005,-8.04020e-002
 1.164000000000e-005,-8.04020e-002
 1.168000000000e-005,-8.04020e-002
 1.172000000000e-005,-8.04020e-002
 1.176000000000e-005,-8.04020e-002
 1.180000000000e-005,-8.04020e-002
 1.184000000000e-005,-8.04020e-002
 1.188000000000e-005,-8.04020e-002
 1.192000000000e-005,-4.02010e-002
 1.196000000000e-005,-8.04020e-002
 1.200000000000e-005,-4.02010e-002
 1.204000000000e-005,-8.04020e-002
 1.208000000000e-005,-8.04020e-002
 1.212000000000e-005,-8.04020e-002
 1.216000000000e-005,-8.04020e-002
 1.220000000000e-005,-8.04020e-002
 1.224000000000e-005,-8.04020e-002
 1.228000000000e-005,-8.04020e-002
 1.232000000000e-005,-8.04020e-002
 1.236000000000e-005,-8.04020e-002
 1.240000000000e-005,-8.04020e-002
 1.244000000000e-005,-8.04020e-002
 1.248000000000e-005,-8.04020e-002
 1.252000000000e-005,-8.04020e-002
 1.256000000000e-005,-8.04020e-002
 1.260000000000e-005,-8.04020e-002
 1.264000000000e-005,-8.04020e-002
 1.268000000000e-005,-8.04020e-002
 1.272000000000e-005,-8.04020e-002
 1.276000000000e-005,-8.04020e-002
 1.280000000000e-005,-8.04020e-002
 1.284000000000e-005,-8.04020e-002
 1.288000000000e-005,-4.02010e-002
 1.292000000000e-005,-4.02010e-002
 1.296000000000e-005,-8.04020e-002
 1.300000000000e-005,-8.04020e-002
 1.304000000000e-005,-4.02010e-002
 1.308000000000e-005,-4.02010e-002
 1.312000000000e-005,-4.02010e-002
 1.316000000000e-005,-4.02010e-002
 1.320000000000e-005,-8.04020e-002
 1.324000000000e-005,-8.04020e-002
 1.328000000000e-005,-8.04020e-002
 1.332000000000e-005,-8.04020e-002
 1.336000000000e-005,-8.04020e-002
 1.340000000000e-005,-8.04020e-002
 1.344000000000e-005,-8.04020e-002
 1.348000000000e-005,-8.04020e-002
 1.352000000000e-005,-8.04020e-002
 1.356000000000e-005,-8.04020e-002
 1.360000000000e-005,-8.04020e-002
 1.364000000000e-005,-4.02010e-002
 1.368000000000e-005,-4.02010e-002
 1.372000000000e-005,-8.04020e-002
 1.376000000000e-005,-8.04020e-002
 1.380000000000e-005,-8.04020e-002
 1.384000000000e-005,-8.04020e-002
 1.388000000000e-005,-8.04020e-002
 1.392000000000e-005,-8.04020e-002
 1.396000000000e-005,-8.04020e-002
 1.400000000000e-005,-4.02010e-002
 1.404000000000e-005,-4.02010e-002
 1.408000000000e-005,-8.04020e-002
 1.412000000000e-005,-4.02010e-002
 1.416000000000e-005,-4.02010e-002
 1.420000000000e-005,-4.02010e-002
 1.424000000000e-005,-8.04020e-002
 1.428000000000e-005,-8.04020e-002
 1.432000000000e-005,-8.04020e-002
 1.436000000000e-005,-8.04020e-002
 1.440000000000e-005,-4.02010e-002
 1.444000000000e-005,-8.04020e-002
 1.448000000000e-005,-8.04020e-002
 1.452000000000e-005,-8.04020e-002
 1.456000000000e-005,-4.02010e-002
 1.460000000000e-005,-4.02010e-002
 1.464000000000e-005,-4.02010e-002
 1.468000000000e-005,-4.02010e-002
 1.472000000000e-005,-4.02010e-002
 1.476000000000e-005,-4.02010e-002
 1.480000000000e-005,-4.02010e-002
 1.484000000000e-005,-8.04020e-002
 1.488000000000e-005,-8.04020e-002
 1.492000000000e-005,-4.02010e-002
 1.496000000000e-005,-4.02010e-002
 1.500000000000e-005,-4.02010e-002
 1.504000000000e-005,-8.04020e-002
 1.508000000000e-005,-4.02010e-002
 1.512000000000e-005,-8.04020e-002
 1.516000000000e-005,-4.02010e-002
 1.520000000000e-005,-8.04020e-002
 1.524000000000e-005,-4.02010e-002
 1.528000000000e-005,-4.02010e-002
 1.532000000000e-005,-4.02010e-002
 1.536000000000e-005,-8.04020e-002
 1.540000000000e-005,-4.02010e-002
 1.544000000000e-005,-4.02010e-002
 1.548000000000e-005,-4.02010e-002
 1.552000000000e-005,-4.02010e-002
 1.556000000000e-005,-4.02010e-002
 1.560000000000e-005,-4.02010e-002
 1.564000000000e-005,-4.02010e-002
 1.568000000000e-005,-4.02010e-002
 1.572000000000e-005,-4.02010e-002
 1.576000000000e-005,-4.02010e-002
 1.580000000000e-005,-4.02010e-002
 1.584000000000e-005,-4.02010e-002
 1.588000000000e-005,-4.02010e-002
 1.592000000000e-005,-4.02010e-002
 1.596000000000e-005,-4.02010e-002
 1.600000000000e-005,-4.02010e-002
 1.604000000000e-005,-4.02010e-002
 1.608000000000e-005,-4.02010e-002
 1.612000000000e-005,-4.02010e-002
 1.616000000000e-005,-4.02010e-002
 1.620000000000e-005,-8.04020e-002
 1.624000000000e-005,-4.02010e-002
 1.628000000000e-005,-4.02010e-002
 1.632000000000e-005,-4.02010e-002
 1.636000000000e-005,-4.02010e-002
 1.640000000000e-005,-4.02010e-002
 1.644000000000e-005,-4.02010e-002
 1.648000000000e-005,-4.02010e-002
 1.652000000000e-005,-4.02010e-002
 1.656000000000e-005,-4.02010e-002
 1.660000000000e-005,-4.02010e-002
 1.664000000000e-005,-4.02010e-002
 1.668000000000e-005,-4.02010e-002
 1.672000000000e-005,-4.02010e-002
 1.676000000000e-005,-4.02010e-002
 1.680000000000e-005,-4.02010e-002
 1.684000000000e-005,-4.02010e-002
 1.688000000000e-005,-8.04020e-002
 1.692000000000e-005,-4.02010e-002
 1.696000000000e-005,-4.02010e-002
 1.700000000000e-005,-4.02010e-002
 1.704000000000e-005,-4.02010e-002
 1.708000000000e-005,-4.02010e-002
 1.712000000000e-005,-4.02010e-002
 1.716000000000e-005,-4.02010e-002
 1.720000000000e-005,-4.02010e-002
 1.724000000000e-005,-4.02010e-002
 1.728000000000e-005,-4.02010e-002
 1.732000000000e-005,-4.02010e-002
 1.736000000000e-005,-4.02010e-002
 1.740000000000e-005,-4.02010e-002
 1.744000000000e-005,-4.02010e-002
 1.748000000000e-005,-4.02010e-002
 1.752000000000e-005,-4.02010e-002
 1.756000000000e-005,-4.02010e-002
 1.760000000000e-005,-8.04020e-002
 1.764000000000e-005,-4.02010e-002
 1.768000000000e-005,-8.04020e-002
 1.772000000000e-005,-4.02010e-002
 1.776000000000e-005,-4.02010e-002
 1.780000000000e-005,-4.02010e-002
 1.784000000000e-005,-4.02010e-002
 1.788000000000e-005,-8.04020e-002
 1.792000000000e-005,-4.02010e-002
 1.796000000000e-005,-4.02010e-002
 1.800000000000e-005,-4.02010e-002
 1.804000000000e-005,-4.02010e-002
 1.808000000000e-005,-4.02010e-002
 1.812000000000e-005,-4.02010e-002
 1.816000000000e-005,-4.02010e-002
 1.820000000000e-005,-4.02010e-002
 1.824000000000e-005,-8.04020e-002
 1.828000000000e-005,-4.02010e-002
 1.832000000000e-005,-4.02010e-002
 1.836000000000e-005,-4.02010e-002
 1.840000000000e-005,-4.02010e-002
 1.844000000000e-005,-4.02010e-002
 1.848000000000e-005,-4.02010e-002
 1.852000000000e-005,-4.02010e-002
 1.856000000000e-005,-8.04020e-002
 1.860000000000e-005,-8.04020e-002
 1.864000000000e-005,-8.04020e-002
 1.868000000000e-005,-4.02010e-002
 1.872000000000e-005,-4.02010e-002
 1.876000000000e-005,-4.02010e-002
 1.880000000000e-005,-8.04020e-002
 1.884000000000e-005,-4.02010e-002
 1.888000000000e-005,-4.02010e-002
 1.892000000000e-005,-4.02010e-002
 1.896000000000e-005,-4.02010e-002
 1.900000000000e-005,-4.02010e-002
 1.904000000000e-005,-4.02010e-002
 1.908000000000e-005,-4.02010e-002
 1.912000000000e-005,-8.04020e-002
 1.916000000000e-005,-8.04020e-002
 1.920000000000e-005,-4.02010e-002
 1.924000000000e-005,-4.02010e-002
 1.928000000000e-005,-8.04020e-002
 1.932000000000e-005,-4.02010e-002
 1.936000000000e-005,-4.02010e-002
 1.940000000000e-005,-4.02010e-002
 1.944000000000e-005,-8.04020e-002
 1.948000000000e-005,-4.02010e-002
 1.952000000000e-005,-4.02010e-002
 1.956000000000e-005,-8.04020e-002
 1.960000000000e-005,-4.02010e-002
 1.964000000000e-005,-4.02010e-002
 1.968000000000e-005,-4.02010e-002
 1.972000000000e-005,-4.02010e-002
 1.976000000000e-005,-4.02010e-002
 1.980000000000e-005,-4.02010e-002
 1.984000000000e-005,-4.02010e-002
 1.988000000000e-005,-4.02010e-002
 1.992000000000e-005,-4.02010e-002
 1.996000000000e-005,-4.02010e-002
 2.000000000000e-005,-4.02010e-002
 2.004000000000e-005,-4.02010e-002
 2.008000000000e-005,-4.02010e-002
 2.012000000000e-005,-4.02010e-002
 2.016000000000e-005,-4.02010e-002
 2.020000000000e-005,-4.02010e-002
 2.024000000000e-005,-4.02010e-002
 2.028000000000e-005,-4.02010e-002
 2.032000000000e-005,-4.02010e-002
 2.036000000000e-005,-4.02010e-002
 2.040000000000e-005,-4.02010e-002
 2.044000000000e-005,-4.02010e-002
 2.048000000000e-005,-4.02010e-002
 2.052000000000e-005,-4.02010e-002
 2.056000000000e-005,-8.04020e-002
 2.060000000000e-005,-4.02010e-002
 2.064000000000e-005,-8.04020e-002
 2.068000000000e-005,-8.04020e-002
 2.072000000000e-005,-4.02010e-002
 2.076000000000e-005,-8.04020e-002
 2.080000000000e-005,-4.02010e-002
 2.084000000000e-005,-4.02010e-002
 2.088000000000e-005,-4.02010e-002
 2.092000000000e-005,-4.02010e-002
 2.096000000000e-005,-4.02010e-002
 2.100000000000e-005,-4.02010e-002
 2.104000000000e-005,-4.02010e-002
 2.108000000000e-005,-4.02010e-002
 2.112000000000e-005,-4.02010e-002
 2.116000000000e-005,-4.02010e-002
 2.120000000000e-005,-4.02010e-002
 2.124000000000e-005,-4.02010e-002
 2.128000000000e-005,-4.02010e-002
 2.132000000000e-005,-4.02010e-002
 2.136000000000e-005,-4.02010e-002
 2.140000000000e-005,-4.02010e-002
 2.144000000000e-005,-4.02010e-002
 2.148000000000e-005,-8.04020e-002
 2.152000000000e-005,-8.04020e-002
 2.156000000000e-005,-4.02010e-002
 2.160000000000e-005,-8.04020e-002
 2.164000000000e-005,-4.02010e-002
 2.168000000000e-005,-8.04020e-002
 2.172000000000e-005,-4.02010e-002
 2.176000000000e-005,-4.02010e-002
 2.180000000000e-005,-4.02010e-002
 2.184000000000e-005,-4.02010e-002
 2.188000000000e-005,-4.02010e-002
 2.192000000000e-005,-4.02010e-002
 2.196000000000e-005,-4.02010e-002
 2.200000000000e-005,-4.02010e-002
 2.204000000000e-005,-4.02010e-002
 2.208000000000e-005,-4.02010e-002
 2.212000000000e-005,-4.02010e-002
 2.216000000000e-005,-4.02010e-002
 2.220000000000e-005,-4.02010e-002
 2.224000000000e-005,-4.02010e-002
 2.228000000000e-005,-4.02010e-002
 2.232000000000e-005,-4.02010e-002
 2.236000000000e-005, 0.00000e+000
 2.240000000000e-005,-4.02010e-002
 2.244000000000e-005,-4.02010e-002
 2.248000000000e-005,-4.02010e-002
 2.252000000000e-005,-4.02010e-002
 2.256000000000e-005,-4.02010e-002
 2.260000000000e-005,-4.02010e-002
 2.264000000000e-005,-4.02010e-002
 2.268000000000e-005,-4.02010e-002
 2.272000000000e-005,-4.02010e-002
 2.276000000000e-005,-4.02010e-002
 2.280000000000e-005,-4.02010e-002
 2.284000000000e-005,-4.02010e-002
 2.288000000000e-005,-4.02010e-002
 2.292000000000e-005,-4.02010e-002
 2.296000000000e-005,-4.02010e-002
 2.300000000000e-005,-4.02010e-002
 2.304000000000e-005,-4.02010e-002
 2.308000000000e-005,-4.02010e-002
 2.312000000000e-005,-4.02010e-002
 2.316000000000e-005,-4.02010e-002
 2.320000000000e-005,-4.02010e-002
 2.324000000000e-005,-4.02010e-002
 2.328000000000e-005,-4.02010e-002
 2.332000000000e-005,-4.02010e-002
 2.336000000000e-005,-4.02010e-002
 2.340000000000e-005,-4.02010e-002
 2.344000000000e-005,-4.02010e-002
 2.348000000000e-005,-4.02010e-002
 2.352000000000e-005,-8.04020e-002
 2.356000000000e-005,-4.02010e-002
 2.360000000000e-005,-4.02010e-002
 2.364000000000e-005,-4.02010e-002
 2.368000000000e-005,-4.02010e-002
 2.372000000000e-005,-4.02010e-002
 2.376000000000e-005,-4.02010e-002
 2.380000000000e-005,-4.02010e-002
 2.384000000000e-005,-4.02010e-002
 2.388000000000e-005,-4.02010e-002
 2.392000000000e-005,-4.02010e-002
 2.396000000000e-005,-4.02010e-002
 2.400000000000e-005,-4.02010e-002
 2.404000000000e-005,-4.02010e-002
 2.408000000000e-005,-4.02010e-002
 2.412000000000e-005,-4.02010e-002
 2.416000000000e-005,-4.02010e-002
 2.420000000000e-005,-4.02010e-002
 2.424000000000e-005,-4.02010e-002
 2.428000000000e-005,-4.02010e-002
 2.432000000000e-005,-4.02010e-002
 2.436000000000e-005,-4.02010e-002
 2.440000000000e-005,-4.02010e-002
 2.444000000000e-005,-4.02010e-002
 2.448000000000e-005,-4.02010e-002
 2.452000000000e-005,-4.02010e-002
 2.456000000000e-005,-4.02010e-002
 2.460000000000e-005,-4.02010e-002
 2.464000000000e-005,-4.02010e-002
 2.468000000000e-005,-8.04020e-002
 2.472000000000e-005,-4.02010e-002
 2.476000000000e-005,-4.02010e-002
 2.480000000000e-005,-4.02010e-002
 2.484000000000e-005,-4.02010e-002
 2.488000000000e-005,-4.02010e-002
 2.492000000000e-005,-4.02010e-002
 2.496000000000e-005,-8.04020e-002
 2.500000000000e-005,-4.02010e-002
 2.504000000000e-005,-8.04020e-002
 2.508000000000e-005,-4.02010e-002
 2.512000000000e-005,-4.02010e-002
 2.516000000000e-005,-8.04020e-002
 2.520000000000e-005,-4.02010e-002
 2.524000000000e-005,-4.02010e-002
 2.528000000000e-005,-8.04020e-002
 2.532000000000e-005,-8.04020e-002
 2.536000000000e-005,-8.04020e-002
 2.540000000000e-005,-8.04020e-002
 2.544000000000e-005,-8.04020e-002
 2.548000000000e-005,-4.02010e-002
 2.552000000000e-005,-8.04020e-002
 2.556000000000e-005,-4.02010e-002
 2.560000000000e-005,-4.02010e-002
 2.564000000000e-005,-4.02010e-002
 2.568000000000e-005,-4.02010e-002
 2.572000000000e-005,-8.04020e-002
 2.576000000000e-005,-4.02010e-002
 2.580000000000e-005,-4.02010e-002
 2.584000000000e-005,-4.02010e-002
 2.588000000000e-005,-4.02010e-002
 2.592000000000e-005,-4.02010e-002
 2.596000000000e-005,-4.02010e-002
 2.600000000000e-005,-4.02010e-002
 2.604000000000e-005,-4.02010e-002
 2.608000000000e-005,-4.02010e-002
 2.612000000000e-005,-4.02010e-002
 2.616000000000e-005,-4.02010e-002
 2.620000000000e-005,-4.02010e-002
 2.624000000000e-005,-4.02010e-002
 2.628000000000e-005,-4.02010e-002
 2.632000000000e-005,-4.02010e-002
 2.636000000000e-005,-4.02010e-002
 2.640000000000e-005,-4.02010e-002
 2.644000000000e-005,-4.02010e-002
 2.648000000000e-005,-4.02010e-002
 2.652000000000e-005,-4.02010e-002
 2.656000000000e-005,-4.02010e-002
 2.660000000000e-005,-4.02010e-002
 2.664000000000e-005,-4.02010e-002
 2.668000000000e-005,-4.02010e-002
 2.672000000000e-005,-4.02010e-002
 2.676000000000e-005,-4.02010e-002
 2.680000000000e-005,-4.02010e-002
 2.684000000000e-005,-8.04020e-002
 2.688000000000e-005,-4.02010e-002
 2.692000000000e-005,-4.02010e-002
 2.696000000000e-005,-8.04020e-002
 2.700000000000e-005,-4.02010e-002
 2.704000000000e-005,-4.02010e-002
 2.708000000000e-005,-4.02010e-002
 2.712000000000e-005,-4.02010e-002
 2.716000000000e-005,-4.02010e-002
 2.720000000000e-005,-4.02010e-002
 2.724000000000e-005,-4.02010e-002
 2.728000000000e-005,-4.02010e-002
 2.732000000000e-005,-4.02010e-002
 2.736000000000e-005,-4.02010e-002
 2.740000000000e-005,-4.02010e-002
 2.744000000000e-005,-8.04020e-002
 2.748000000000e-005,-4.02010e-002
 2.752000000000e-005,-4.02010e-002
 2.756000000000e-005,-8.04020e-002
 2.760000000000e-005,-8.04020e-002
 2.764000000000e-005,-4.02010e-002
 2.768000000000e-005,-8.04020e-002
 2.772000000000e-005,-4.02010e-002
 2.776000000000e-005,-4.02010e-002
 2.780000000000e-005,-8.04020e-002
 2.784000000000e-005,-4.02010e-002
 2.788000000000e-005,-4.02010e-002
 2.792000000000e-005,-4.02010e-002
 2.796000000000e-005,-4.02010e-002
 2.800000000000e-005,-4.02010e-002
 2.804000000000e-005,-8.04020e-002
 2.808000000000e-005,-4.02010e-002
 2.812000000000e-005,-4.02010e-002
 2.816000000000e-005,-4.02010e-002
 2.820000000000e-005,-4.02010e-002
 2.824000000000e-005,-4.02010e-002
 2.828000000000e-005,-4.02010e-002
 2.832000000000e-005,-4.02010e-002
 2.836000000000e-005,-4.02010e-002
 2.840000000000e-005,-4.02010e-002
 2.844000000000e-005,-4.02010e-002
 2.848000000000e-005,-4.02010e-002
 2.852000000000e-005,-4.02010e-002
 2.856000000000e-005,-4.02010e-002
 2.860000000000e-005,-4.02010e-002
 2.864000000000e-005,-4.02010e-002
 2.868000000000e-005,-4.02010e-002
 2.872000000000e-005,-4.02010e-002
 2.876000000000e-005,-4.02010e-002
 2.880000000000e-005,-4.02010e-002
 2.884000000000e-005,-4.02010e-002
 2.888000000000e-005,-8.04020e-002
 2.892000000000e-005,-4.02010e-002
 2.896000000000e-005,-4.02010e-002
 2.900000000000e-005,-4.02010e-002
 2.904000000000e-005,-4.02010e-002
 2.908000000000e-005,-4.02010e-002
 2.912000000000e-005,-4.02010e-002
 2.916000000000e-005,-4.02010e-002
 2.920000000000e-005,-4.02010e-002
 2.924000000000e-005,-4.02010e-002
 2.928000000000e-005,-4.02010e-002
 2.932000000000e-005,-4.02010e-002
 2.936000000000e-005,-4.02010e-002
 2.940000000000e-005,-4.02010e-002
 2.944000000000e-005,-4.02010e-002
 2.948000000000e-005,-4.02010e-002
 2.952000000000e-005,-4.02010e-002
 2.956000000000e-005,-4.02010e-002
 2.960000000000e-005,-4.02010e-002
 2.964000000000e-005, 0.00000e+000
 2.968000000000e-005,-4.02010e-002
 2.972000000000e-005,-4.02010e-002
 2.976000000000e-005,-4.02010e-002
 2.980000000000e-005,-4.02010e-002
 2.984000000000e-005,-4.02010e-002
 2.988000000000e-005,-4.02010e-002
 2.992000000000e-005, 0.00000e+000
 2.996000000000e-005,-4.02010e-002
 3.000000000000e-005,-4.02010e-002
 3.004000000000e-005,-4.02010e-002
 3.008000000000e-005,-4.02010e-002
 3.012000000000e-005,-4.02010e-002
 3.016000000000e-005,-4.02010e-002
 3.020000000000e-005,-4.02010e-002
 3.024000000000e-005,-4.02010e-002
 3.028000000000e-005,-4.02010e-002
 3.032000000000e-005,-4.02010e-002
 3.036000000000e-005,-4.02010e-002
 3.040000000000e-005,-4.02010e-002
 3.044000000000e-005,-4.02010e-002
 3.048000000000e-005,-4.02010e-002
 3.052000000000e-005, 0.00000e+000
 3.056000000000e-005,-4.02010e-002
 3.060000000000e-005,-4.02010e-002
 3.064000000000e-005, 0.00000e+000
 3.068000000000e-005,-4.02010e-002
 3.072000000000e-005,-4.02010e-002
 3.076000000000e-005,-4.02010e-002
 3.080000000000e-005,-4.02010e-002
 3.084000000000e-005,-4.02010e-002
 3.088000000000e-005,-4.02010e-002
 3.092000000000e-005,-4.02010e-002
 3.096000000000e-005,-4.02010e-002
 3.100000000000e-005,-4.02010e-002
 3.104000000000e-005,-4.02010e-002
 3.108000000000e-005,-4.02010e-002
 3.112000000000e-005,-4.02010e-002
 3.116000000000e-005,-4.02010e-002
 3.120000000000e-005,-8.04020e-002
 3.124000000000e-005,-4.02010e-002
 3.128000000000e-005,-8.04020e-002
 3.132000000000e-005,-4.02010e-002
 3.136000000000e-005,-4.02010e-002
 3.140000000000e-005,-4.02010e-002
 3.144000000000e-005,-8.04020e-002
 3.148000000000e-005,-4.02010e-002
 3.152000000000e-005,-8.04020e-002
 3.156000000000e-005,-8.04020e-002
 3.160000000000e-005,-4.02010e-002
 3.164000000000e-005,-4.02010e-002
 3.168000000000e-005,-8.04020e-002
 3.172000000000e-005,-4.02010e-002
 3.176000000000e-005,-4.02010e-002
 3.180000000000e-005,-4.02010e-002
 3.184000000000e-005,-4.02010e-002
 3.188000000000e-005,-4.02010e-002
 3.192000000000e-005,-8.04020e-002
 3.196000000000e-005,-8.04020e-002
 3.200000000000e-005,-4.02010e-002
 3.204000000000e-005,-4.02010e-002
 3.208000000000e-005,-8.04020e-002
 3.212000000000e-005,-4.02010e-002
 3.216000000000e-005,-4.02010e-002
 3.220000000000e-005,-8.04020e-002
 3.224000000000e-005,-8.04020e-002
 3.228000000000e-005,-4.02010e-002
 3.232000000000e-005,-8.04020e-002
 3.236000000000e-005,-8.04020e-002
 3.240000000000e-005,-8.04020e-002
 3.244000000000e-005,-4.02010e-002
 3.248000000000e-005,-4.02010e-002
 3.252000000000e-005,-8.04020e-002
 3.256000000000e-005,-4.02010e-002
 3.260000000000e-005,-4.02010e-002
 3.264000000000e-005,-4.02010e-002
 3.268000000000e-005,-8.04020e-002
 3.272000000000e-005,-4.02010e-002
 3.276000000000e-005,-8.04020e-002
 3.280000000000e-005,-4.02010e-002
 3.284000000000e-005,-4.02010e-002
 3.288000000000e-005,-4.02010e-002
 3.292000000000e-005,-4.02010e-002
 3.296000000000e-005,-8.04020e-002
 3.300000000000e-005,-4.02010e-002
 3.304000000000e-005,-8.04020e-002
 3.308000000000e-005,-8.04020e-002
 3.312000000000e-005,-4.02010e-002
 3.316000000000e-005,-4.02010e-002
 3.320000000000e-005,-4.02010e-002
 3.324000000000e-005,-8.04020e-002
 3.328000000000e-005,-4.02010e-002
 3.332000000000e-005,-4.02010e-002
 3.336000000000e-005,-8.04020e-002
 3.340000000000e-005,-4.02010e-002
 3.344000000000e-005,-4.02010e-002
 3.348000000000e-005,-4.02010e-002
 3.352000000000e-005,-8.04020e-002
 3.356000000000e-005,-8.04020e-002
 3.360000000000e-005,-4.02010e-002
 3.364000000000e-005,-4.02010e-002
 3.368000000000e-005,-4.02010e-002
 3.372000000000e-005,-8.04020e-002
 3.376000000000e-005,-4.02010e-002
 3.380000000000e-005,-4.02010e-002
 3.384000000000e-005,-8.04020e-002
 3.388000000000e-005,-8.04020e-002
 3.392000000000e-005,-4.02010e-002
 3.396000000000e-005,-4.02010e-002
 3.400000000000e-005,-4.02010e-002
 3.404000000000e-005,-4.02010e-002
 3.408000000000e-005,-8.04020e-002
 3.412000000000e-005,-4.02010e-002
 3.416000000000e-005,-4.02010e-002
 3.420000000000e-005,-8.04020e-002
 3.424000000000e-005,-4.02010e-002
 3.428000000000e-005,-4.02010e-002
 3.432000000000e-005,-4.02010e-002
 3.436000000000e-005,-4.02010e-002
 3.440000000000e-005,-4.02010e-002
 3.444000000000e-005,-4.02010e-002
 3.448000000000e-005,-4.02010e-002
 3.452000000000e-005,-4.02010e-002
 3.456000000000e-005,-4.02010e-002
 3.460000000000e-005,-4.02010e-002
 3.464000000000e-005,-4.02010e-002
 3.468000000000e-005,-4.02010e-002
 3.472000000000e-005,-4.02010e-002
 3.476000000000e-005,-4.02010e-002
 3.480000000000e-005,-4.02010e-002
 3.484000000000e-005,-4.02010e-002
 3.488000000000e-005,-4.02010e-002
 3.492000000000e-005,-4.02010e-002
 3.496000000000e-005,-4.02010e-002
 3.500000000000e-005,-4.02010e-002
 3.504000000000e-005,-4.02010e-002
 3.508000000000e-005,-4.02010e-002
 3.512000000000e-005,-4.02010e-002
 3.516000000000e-005,-4.02010e-002
 3.520000000000e-005,-4.02010e-002
 3.524000000000e-005,-4.02010e-002
 3.528000000000e-005,-4.02010e-002
 3.532000000000e-005,-4.02010e-002
 3.536000000000e-005,-4.02010e-002
 3.540000000000e-005,-4.02010e-002
 3.544000000000e-005,-4.02010e-002
 3.548000000000e-005,-4.02010e-002
 3.552000000000e-005,-4.02010e-002
 3.556000000000e-005,-4.02010e-002
 3.560000000000e-005,-4.02010e-002
 3.564000000000e-005,-4.02010e-002
 3.568000000000e-005,-4.02010e-002
 3.572000000000e-005,-4.02010e-002
 3.576000000000e-005,-4.02010e-002
 3.580000000000e-005,-4.02010e-002
 3.584000000000e-005,-4.02010e-002
 3.588000000000e-005,-4.02010e-002
 3.592000000000e-005,-4.02010e-002
 3.596000000000e-005,-4.02010e-002
 3.600000000000e-005,-4.02010e-002
 3.604000000000e-005,-4.02010e-002
 3.608000000000e-005, 0.00000e+000
 3.612000000000e-005,-4.02010e-002
 3.616000000000e-005,-4.02010e-002
 3.620000000000e-005,-4.02010e-002
 3.624000000000e-005,-4.02010e-002
 3.628000000000e-005,-4.02010e-002
 3.632000000000e-005,-4.02010e-002
 3.636000000000e-005,-4.02010e-002
 3.640000000000e-005,-4.02010e-002
 3.644000000000e-005,-4.02010e-002
 3.648000000000e-005,-4.02010e-002
 3.652000000000e-005,-4.02010e-002
 3.656000000000e-005,-4.02010e-002
 3.660000000000e-005,-4.02010e-002
 3.664000000000e-005,-4.02010e-002
 3.668000000000e-005,-4.02010e-002
 3.672000000000e-005,-4.02010e-002
 3.676000000000e-005,-4.02010e-002
 3.680000000000e-005,-4.02010e-002
 3.684000000000e-005,-4.02010e-002
 3.688000000000e-005,-4.02010e-002
 3.692000000000e-005,-4.02010e-002
 3.696000000000e-005,-4.02010e-002
 3.700000000000e-005,-4.02010e-002
 3.704000000000e-005,-4.02010e-002
 3.708000000000e-005,-4.02010e-002
 3.712000000000e-005,-4.02010e-002
 3.716000000000e-005,-4.02010e-002
 3.720000000000e-005,-4.02010e-002
 3.724000000000e-005,-4.02010e-002
 3.728000000000e-005,-4.02010e-002
 3.732000000000e-005,-4.02010e-002
 3.736000000000e-005,-4.02010e-002
 3.740000000000e-005, 0.00000e+000
 3.744000000000e-005,-4.02010e-002
 3.748000000000e-005,-4.02010e-002
 3.752000000000e-005,-8.04020e-002
 3.756000000000e-005,-4.02010e-002
 3.760000000000e-005,-4.02010e-002
 3.764000000000e-005,-4.02010e-002
 3.768000000000e-005,-4.02010e-002
 3.772000000000e-005,-4.02010e-002
 3.776000000000e-005,-4.02010e-002
 3.780000000000e-005,-4.02010e-002
 3.784000000000e-005,-4.02010e-002
 3.788000000000e-005,-4.02010e-002
 3.792000000000e-005,-4.02010e-002
 3.796000000000e-005,-4.02010e-002
 3.800000000000e-005,-4.02010e-002
 3.804000000000e-005,-4.02010e-002
 3.808000000000e-005,-4.02010e-002
 3.812000000000e-005,-4.02010e-002
 3.816000000000e-005,-4.02010e-002
 3.820000000000e-005,-4.02010e-002
 3.824000000000e-005,-4.02010e-002
 3.828000000000e-005,-4.02010e-002
 3.832000000000e-005,-4.02010e-002
 3.836000000000e-005,-4.02010e-002
 3.840000000000e-005,-4.02010e-002
 3.844000000000e-005,-4.02010e-002
 3.848000000000e-005,-4.02010e-002
 3.852000000000e-005,-4.02010e-002
 3.856000000000e-005,-4.02010e-002
 3.860000000000e-005,-4.02010e-002
 3.864000000000e-005,-4.02010e-002
 3.868000000000e-005,-4.02010e-002
 3.872000000000e-005,-4.02010e-002
 3.876000000000e-005,-4.02010e-002
 3.880000000000e-005,-4.02010e-002
 3.884000000000e-005,-4.02010e-002
 3.888000000000e-005,-4.02010e-002
 3.892000000000e-005,-4.02010e-002
 3.896000000000e-005,-4.02010e-002
 3.900000000000e-005,-4.02010e-002
 3.904000000000e-005,-4.02010e-002
 3.908000000000e-005,-4.02010e-002
 3.912000000000e-005,-4.02010e-002
 3.916000000000e-005,-4.02010e-002
 3.920000000000e-005,-4.02010e-002
 3.924000000000e-005,-4.02010e-002
 3.928000000000e-005,-4.02010e-002
 3.932000000000e-005,-4.02010e-002
 3.936000000000e-005,-4.02010e-002
 3.940000000000e-005,-4.02010e-002
 3.944000000000e-005,-4.02010e-002
 3.948000000000e-005,-4.02010e-002
 3.952000000000e-005,-4.02010e-002
 3.956000000000e-005,-4.02010e-002
 3.960000000000e-005,-4.02010e-002
 3.964000000000e-005,-4.02010e-002
 3.968000000000e-005,-4.02010e-002
 3.972000000000e-005,-4.02010e-002
 3.976000000000e-005,-4.02010e-002
 3.980000000000e-005,-4.02010e-002
 3.984000000000e-005,-4.02010e-002
 3.988000000000e-005,-4.02010e-002
 3.992000000000e-005,-4.02010e-002
 3.996000000000e-005,-4.02010e-002
 4.000000000000e-005,-4.02010e-002
 4.004000000000e-005,-4.02010e-002
 4.008000000000e-005,-4.02010e-002
 4.012000000000e-005,-4.02010e-002
 4.016000000000e-005,-4.02010e-002
 4.020000000000e-005,-4.02010e-002
 4.024000000000e-005,-4.02010e-002
 4.028000000000e-005,-4.02010e-002
 4.032000000000e-005,-4.02010e-002
 4.036000000000e-005,-4.02010e-002
 4.040000000000e-005,-4.02010e-002
 4.044000000000e-005,-4.02010e-002
 4.048000000000e-005,-4.02010e-002
 4.052000000000e-005,-4.02010e-002
 4.056000000000e-005,-4.02010e-002
 4.060000000000e-005,-4.02010e-002
 4.064000000000e-005,-4.02010e-002
 4.068000000000e-005,-4.02010e-002
 4.072000000000e-005,-4.02010e-002
 4.076000000000e-005,-4.02010e-002
 4.080000000000e-005, 0.00000e+000
 4.084000000000e-005,-4.02010e-002
 4.088000000000e-005,-4.02010e-002
 4.092000000000e-005,-4.02010e-002
 4.096000000000e-005,-4.02010e-002
 4.100000000000e-005,-4.02010e-002
 4.104000000000e-005,-8.04020e-002
 4.108000000000e-005,-4.02010e-002
 4.112000000000e-005,-4.02010e-002
 4.116000000000e-005,-4.02010e-002
 4.120000000000e-005,-4.02010e-002
 4.124000000000e-005,-4.02010e-002
 4.128000000000e-005,-4.02010e-002
 4.132000000000e-005,-4.02010e-002
 4.136000000000e-005,-4.02010e-002
 4.140000000000e-005,-4.02010e-002
 4.144000000000e-005,-4.02010e-002
 4.148000000000e-005,-4.02010e-002
 4.152000000000e-005,-4.02010e-002
 4.156000000000e-005,-4.02010e-002
 4.160000000000e-005,-4.02010e-002
 4.164000000000e-005,-4.02010e-002
 4.168000000000e-005,-4.02010e-002
 4.172000000000e-005,-4.02010e-002
 4.176000000000e-005,-8.04020e-002
 4.180000000000e-005,-4.02010e-002
 4.184000000000e-005,-4.02010e-002
 4.188000000000e-005,-4.02010e-002
 4.192000000000e-005,-4.02010e-002
 4.196000000000e-005,-8.04020e-002
 4.200000000000e-005,-4.02010e-002
 4.204000000000e-005,-4.02010e-002
 4.208000000000e-005,-8.04020e-002
 4.212000000000e-005,-4.02010e-002
 4.216000000000e-005,-4.02010e-002
 4.220000000000e-005,-4.02010e-002
 4.224000000000e-005,-4.02010e-002
 4.228000000000e-005,-4.02010e-002
 4.232000000000e-005,-8.04020e-002
 4.236000000000e-005,-8.04020e-002
 4.240000000000e-005,-4.02010e-002
 4.244000000000e-005,-4.02010e-002
 4.248000000000e-005,-8.04020e-002
 4.252000000000e-005,-8.04020e-002
 4.256000000000e-005,-8.04020e-002
 4.260000000000e-005,-4.02010e-002
 4.264000000000e-005,-8.04020e-002
 4.268000000000e-005,-8.04020e-002
 4.272000000000e-005,-4.02010e-002
 4.276000000000e-005,-8.04020e-002
 4.280000000000e-005,-8.04020e-002
 4.284000000000e-005,-4.02010e-002
 4.288000000000e-005,-4.02010e-002
 4.292000000000e-005,-8.04020e-002
 4.296000000000e-005,-8.04020e-002
 4.300000000000e-005,-4.02010e-002
 4.304000000000e-005,-4.02010e-002
 4.308000000000e-005,-4.02010e-002
 4.312000000000e-005,-4.02010e-002
 4.316000000000e-005,-4.02010e-002
 4.320000000000e-005,-4.02010e-002
 4.324000000000e-005,-4.02010e-002
 4.328000000000e-005,-4.02010e-002
 4.332000000000e-005,-4.02010e-002
 4.336000000000e-005,-4.02010e-002
 4.340000000000e-005,-4.02010e-002
 4.344000000000e-005,-4.02010e-002
 4.348000000000e-005,-8.04020e-002
 4.352000000000e-005,-8.04020e-002
 4.356000000000e-005,-4.02010e-002
 4.360000000000e-005,-8.04020e-002
 4.364000000000e-005,-4.02010e-002
 4.368000000000e-005,-4.02010e-002
 4.372000000000e-005,-4.02010e-002
 4.376000000000e-005,-4.02010e-002
 4.380000000000e-005,-4.02010e-002
 4.384000000000e-005,-8.04020e-002
 4.388000000000e-005,-4.02010e-002
 4.392000000000e-005,-4.02010e-002
 4.396000000000e-005,-4.02010e-002
 4.400000000000e-005,-4.02010e-002
 4.404000000000e-005,-4.02010e-002
 4.408000000000e-005,-4.02010e-002
 4.412000000000e-005,-8.04020e-002
 4.416000000000e-005,-4.02010e-002
 4.420000000000e-005,-4.02010e-002
 4.424000000000e-005,-4.02010e-002
 4.428000000000e-005,-8.04020e-002
 4.432000000000e-005,-4.02010e-002
 4.436000000000e-005,-4.02010e-002
 4.440000000000e-005,-4.02010e-002
 4.444000000000e-005,-4.02010e-002
 4.448000000000e-005,-4.02010e-002
 4.452000000000e-005,-4.02010e-002
 4.456000000000e-005,-4.02010e-002
 4.460000000000e-005,-4.02010e-002
 4.464000000000e-005,-4.02010e-002
 4.468000000000e-005,-4.02010e-002
 4.472000000000e-005,-4.02010e-002
 4.476000000000e-005,-4.02010e-002
 4.480000000000e-005,-4.02010e-002
 4.484000000000e-005,-4.02010e-002
 4.488000000000e-005,-4.02010e-002
 4.492000000000e-005,-4.02010e-002
 4.496000000000e-005,-4.02010e-002
 4.500000000000e-005,-4.02010e-002
 4.504000000000e-005,-4.02010e-002
 4.508000000000e-005,-4.02010e-002
 4.512000000000e-005,-4.02010e-002
 4.516000000000e-005,-4.02010e-002
 4.520000000000e-005,-4.02010e-002
 4.524000000000e-005,-4.02010e-002
 4.528000000000e-005,-4.02010e-002
 4.532000000000e-005,-4.02010e-002
 4.536000000000e-005,-4.02010e-002
 4.540000000000e-005,-4.02010e-002
 4.544000000000e-005,-4.02010e-002
 4.548000000000e-005,-4.02010e-002
 4.552000000000e-005,-4.02010e-002
 4.556000000000e-005, 0.00000e+000
 4.560000000000e-005,-4.02010e-002
 4.564000000000e-005,-4.02010e-002
 4.568000000000e-005,-4.02010e-002
 4.572000000000e-005,-4.02010e-002
 4.576000000000e-005,-4.02010e-002
 4.580000000000e-005,-4.02010e-002
 4.584000000000e-005,-4.02010e-002
 4.588000000000e-005,-4.02010e-002
 4.592000000000e-005, 0.00000e+000
 4.596000000000e-005, 0.00000e+000
 4.600000000000e-005,-4.02010e-002
 4.604000000000e-005,-4.02010e-002
 4.608000000000e-005,-4.02010e-002
 4.612000000000e-005,-4.02010e-002
 4.616000000000e-005,-4.02010e-002
 4.620000000000e-005,-4.02010e-002
 4.624000000000e-005,-4.02010e-002
 4.628000000000e-005, 0.00000e+000
 4.632000000000e-005,-4.02010e-002
 4.636000000000e-005,-4.02010e-002
 4.640000000000e-005,-4.02010e-002
 4.644000000000e-005,-4.02010e-002
 4.648000000000e-005,-4.02010e-002
 4.652000000000e-005,-4.02010e-002
 4.656000000000e-005,-4.02010e-002
 4.660000000000e-005,-4.02010e-002
 4.664000000000e-005,-4.02010e-002
 4.668000000000e-005,-4.02010e-002
 4.672000000000e-005,-4.02010e-002
 4.676000000000e-005,-4.02010e-002
 4.680000000000e-005,-4.02010e-002
 4.684000000000e-005,-4.02010e-002
 4.688000000000e-005,-4.02010e-002
 4.692000000000e-005,-4.02010e-002
 4.696000000000e-005,-4.02010e-002
 4.700000000000e-005,-4.02010e-002
 4.704000000000e-005,-4.02010e-002
 4.708000000000e-005,-4.02010e-002
 4.712000000000e-005,-8.04020e-002
 4.716000000000e-005,-4.02010e-002
 4.720000000000e-005,-4.02010e-002
 4.724000000000e-005,-4.02010e-002
 4.728000000000e-005,-8.04020e-002
 4.732000000000e-005,-4.02010e-002
 4.736000000000e-005,-4.02010e-002
 4.740000000000e-005,-4.02010e-002
 4.744000000000e-005,-4.02010e-002
 4.748000000000e-005,-4.02010e-002
 4.752000000000e-005,-4.02010e-002
 4.756000000000e-005,-4.02010e-002
 4.760000000000e-005,-4.02010e-002
 4.764000000000e-005,-4.02010e-002
 4.768000000000e-005,-4.02010e-002
 4.772000000000e-005,-4.02010e-002
 4.776000000000e-005,-4.02010e-002
 4.780000000000e-005,-4.02010e-002
 4.784000000000e-005,-4.02010e-002
 4.788000000000e-005,-4.02010e-002
 4.792000000000e-005,-4.02010e-002
 4.796000000000e-005,-4.02010e-002
 4.800000000000e-005,-4.02010e-002
 4.804000000000e-005,-4.02010e-002
 4.808000000000e-005,-4.02010e-002
 4.812000000000e-005,-4.02010e-002
 4.816000000000e-005,-4.02010e-002
 4.820000000000e-005,-4.02010e-002
 4.824000000000e-005,-4.02010e-002
 4.828000000000e-005,-8.04020e-002
 4.832000000000e-005,-4.02010e-002
 4.836000000000e-005,-4.02010e-002
 4.840000000000e-005,-8.04020e-002
 4.844000000000e-005,-8.04020e-002
 4.848000000000e-005,-4.02010e-002
 4.852000000000e-005,-4.02010e-002
 4.856000000000e-005,-4.02010e-002
 4.860000000000e-005,-8.04020e-002
 4.864000000000e-005,-4.02010e-002
 4.868000000000e-005,-4.02010e-002
 4.872000000000e-005,-4.02010e-002
 4.876000000000e-005,-4.02010e-002
 4.880000000000e-005,-4.02010e-002
 4.884000000000e-005,-4.02010e-002
 4.888000000000e-005,-4.02010e-002
 4.892000000000e-005,-4.02010e-002
 4.896000000000e-005,-4.02010e-002
 4.900000000000e-005,-4.02010e-002
 4.904000000000e-005,-4.02010e-002
 4.908000000000e-005,-4.02010e-002
 4.912000000000e-005,-4.02010e-002
 4.916000000000e-005,-4.02010e-002
 4.920000000000e-005,-4.02010e-002
 4.924000000000e-005,-4.02010e-002
 4.928000000000e-005,-4.02010e-002
 4.932000000000e-005,-4.02010e-002
 4.936000000000e-005,-4.02010e-002
 4.940000000000e-005,-4.02010e-002
 4.944000000000e-005,-4.02010e-002
 4.948000000000e-005,-4.02010e-002
 4.952000000000e-005,-4.02010e-002
 4.956000000000e-005,-4.02010e-002
 4.960000000000e-005,-4.02010e-002
 4.964000000000e-005,-4.02010e-002
 4.968000000000e-005,-4.02010e-002
 4.972000000000e-005,-4.02010e-002
 4.976000000000e-005,-4.02010e-002
 4.980000000000e-005,-4.02010e-002
 4.984000000000e-005,-4.02010e-002
 4.988000000000e-005,-4.02010e-002
 4.992000000000e-005,-4.02010e-002
 4.996000000000e-005,-4.02010e-002
 5.000000000000e-005,-4.02010e-002
 5.004000000000e-005,-4.02010e-002
 5.008000000000e-005,-4.02010e-002
 5.012000000000e-005,-4.02010e-002
 5.016000000000e-005,-4.02010e-002
 5.020000000000e-005,-4.02010e-002
 5.024000000000e-005,-4.02010e-002
 5.028000000000e-005,-4.02010e-002
 5.032000000000e-005,-4.02010e-002
 5.036000000000e-005,-4.02010e-002
 5.040000000000e-005,-4.02010e-002
 5.044000000000e-005,-4.02010e-002
 5.048000000000e-005,-4.02010e-002
 5.052000000000e-005,-4.02010e-002
 5.056000000000e-005,-4.02010e-002
 5.060000000000e-005,-4.02010e-002
 5.064000000000e-005,-8.04020e-002
 5.068000000000e-005,-4.02010e-002
 5.072000000000e-005,-4.02010e-002
 5.076000000000e-005,-4.02010e-002
 5.080000000000e-005,-4.02010e-002
 5.084000000000e-005,-4.02010e-002
 5.088000000000e-005,-4.02010e-002
 5.092000000000e-005,-4.02010e-002
 5.096000000000e-005,-4.02010e-002
 5.100000000000e-005,-4.02010e-002
 5.104000000000e-005,-4.02010e-002
 5.108000000000e-005,-4.02010e-002
 5.112000000000e-005,-4.02010e-002
 5.116000000000e-005,-4.02010e-002
 5.120000000000e-005,-4.02010e-002
 5.124000000000e-005,-4.02010e-002
 5.128000000000e-005,-4.02010e-002
 5.132000000000e-005,-4.02010e-002
 5.136000000000e-005,-4.02010e-002
 5.140000000000e-005,-4.02010e-002
 5.144000000000e-005,-4.02010e-002
 5.148000000000e-005,-4.02010e-002
 5.152000000000e-005,-4.02010e-002
 5.156000000000e-005,-4.02010e-002
 5.160000000000e-005,-4.02010e-002
 5.164000000000e-005,-4.02010e-002
 5.168000000000e-005,-4.02010e-002
 5.172000000000e-005,-4.02010e-002
 5.176000000000e-005,-4.02010e-002
 5.180000000000e-005,-4.02010e-002
 5.184000000000e-005,-4.02010e-002
 5.188000000000e-005,-4.02010e-002
 5.192000000000e-005,-4.02010e-002
 5.196000000000e-005,-4.02010e-002
 5.200000000000e-005,-4.02010e-002
 5.204000000000e-005,-4.02010e-002
 5.208000000000e-005,-4.02010e-002
 5.212000000000e-005,-4.02010e-002
 5.216000000000e-005,-4.02010e-002
 5.220000000000e-005,-4.02010e-002
 5.224000000000e-005,-4.02010e-002
 5.228000000000e-005,-4.02010e-002
 5.232000000000e-005,-4.02010e-002
 5.236000000000e-005,-4.02010e-002
 5.240000000000e-005,-4.02010e-002
 5.244000000000e-005,-4.02010e-002
 5.248000000000e-005,-4.02010e-002
 5.252000000000e-005,-4.02010e-002
 5.256000000000e-005,-4.02010e-002
 5.260000000000e-005,-8.04020e-002
 5.264000000000e-005,-4.02010e-002
 5.268000000000e-005,-8.04020e-002
 5.272000000000e-005,-4.02010e-002
 5.276000000000e-005,-4.02010e-002
 5.280000000000e-005,-4.02010e-002
 5.284000000000e-005,-4.02010e-002
 5.288000000000e-005,-8.04020e-002
 5.292000000000e-005,-8.04020e-002
 5.296000000000e-005,-8.04020e-002
 5.300000000000e-005,-4.02010e-002
 5.304000000000e-005,-4.02010e-002
 5.308000000000e-005,-4.02010e-002
 5.312000000000e-005,-4.02010e-002
 5.316000000000e-005,-4.02010e-002
 5.320000000000e-005,-8.04020e-002
 5.324000000000e-005,-4.02010e-002
 5.328000000000e-005,-4.02010e-002
 5.332000000000e-005,-4.02010e-002
 5.336000000000e-005,-4.02010e-002
 5.340000000000e-005,-4.02010e-002
 5.344000000000e-005,-4.02010e-002
 5.348000000000e-005,-4.02010e-002
 5.352000000000e-005,-4.02010e-002
 5.356000000000e-005,-4.02010e-002
 5.360000000000e-005,-4.02010e-002
 5.364000000000e-005,-4.02010e-002
 5.368000000000e-005,-4.02010e-002
 5.372000000000e-005,-4.02010e-002
 5.376000000000e-005,-4.02010e-002
 5.380000000000e-005,-4.02010e-002
 5.384000000000e-005,-4.02010e-002
 5.388000000000e-005,-4.02010e-002
 5.392000000000e-005,-4.02010e-002
 5.396000000000e-005,-4.02010e-002
 5.400000000000e-005,-4.02010e-002
 5.404000000000e-005,-4.02010e-002
 5.408000000000e-005,-4.02010e-002
 5.412000000000e-005,-4.02010e-002
 5.416000000000e-005,-4.02010e-002
 5.420000000000e-005,-4.02010e-002
 5.424000000000e-005,-4.02010e-002
 5.428000000000e-005,-4.02010e-002
 5.432000000000e-005,-4.02010e-002
 5.436000000000e-005,-4.02010e-002
 5.440000000000e-005,-4.02010e-002
 5.444000000000e-005,-4.02010e-002
 5.448000000000e-005,-4.02010e-002
 5.452000000000e-005,-8.04020e-002
 5.456000000000e-005,-4.02010e-002
 5.460000000000e-005,-4.02010e-002
 5.464000000000e-005,-4.02010e-002
 5.468000000000e-005,-4.02010e-002
 5.472000000000e-005,-4.02010e-002
 5.476000000000e-005,-4.02010e-002
 5.480000000000e-005,-8.04020e-002
 5.484000000000e-005,-4.02010e-002
 5.488000000000e-005,-4.02010e-002
 5.492000000000e-005,-4.02010e-002
 5.496000000000e-005,-4.02010e-002
 5.500000000000e-005,-4.02010e-002
 5.504000000000e-005,-4.02010e-002
 5.508000000000e-005,-4.02010e-002
 5.512000000000e-005,-4.02010e-002
 5.516000000000e-005,-4.02010e-002
 5.520000000000e-005,-4.02010e-002
 5.524000000000e-005,-4.02010e-002
 5.528000000000e-005,-8.04020e-002
 5.532000000000e-005,-4.02010e-002
 5.536000000000e-005,-4.02010e-002
 5.540000000000e-005,-4.02010e-002
 5.544000000000e-005,-4.02010e-002
 5.548000000000e-005,-8.04020e-002
 5.552000000000e-005,-4.02010e-002
 5.556000000000e-005,-4.02010e-002
 5.560000000000e-005,-4.02010e-002
 5.564000000000e-005,-4.02010e-002
 5.568000000000e-005,-4.02010e-002
 5.572000000000e-005,-4.02010e-002
 5.576000000000e-005,-4.02010e-002
 5.580000000000e-005,-4.02010e-002
 5.584000000000e-005,-4.02010e-002
 5.588000000000e-005,-4.02010e-002
 5.592000000000e-005,-4.02010e-002
 5.596000000000e-005,-4.02010e-002
 5.600000000000e-005,-4.02010e-002
 5.604000000000e-005,-4.02010e-002
 5.608000000000e-005,-4.02010e-002
 5.612000000000e-005,-4.02010e-002
 5.616000000000e-005,-4.02010e-002
 5.620000000000e-005,-4.02010e-002
 5.624000000000e-005,-8.04020e-002
 5.628000000000e-005,-4.02010e-002
 5.632000000000e-005,-4.02010e-002
 5.636000000000e-005,-4.02010e-002
 5.640000000000e-005,-4.02010e-002
 5.644000000000e-005,-4.02010e-002
 5.648000000000e-005,-4.02010e-002
 5.652000000000e-005,-4.02010e-002
 5.656000000000e-005,-8.04020e-002
 5.660000000000e-005,-4.02010e-002
 5.664000000000e-005,-4.02010e-002
 5.668000000000e-005,-8.04020e-002
 5.672000000000e-005,-4.02010e-002
 5.676000000000e-005,-8.04020e-002
 5.680000000000e-005,-4.02010e-002
 5.684000000000e-005,-4.02010e-002
 5.688000000000e-005,-4.02010e-002
 5.692000000000e-005,-4.02010e-002
 5.696000000000e-005,-4.02010e-002
 5.700000000000e-005,-4.02010e-002
 5.704000000000e-005,-4.02010e-002
 5.708000000000e-005,-4.02010e-002
 5.712000000000e-005,-4.02010e-002
 5.716000000000e-005,-4.02010e-002
 5.720000000000e-005,-4.02010e-002
 5.724000000000e-005,-4.02010e-002
 5.728000000000e-005,-8.04020e-002
 5.732000000000e-005,-4.02010e-002
 5.736000000000e-005,-4.02010e-002
 5.740000000000e-005,-4.02010e-002
 5.744000000000e-005,-8.04020e-002
 5.748000000000e-005,-4.02010e-002
 5.752000000000e-005,-4.02010e-002
 5.756000000000e-005,-4.02010e-002
 5.760000000000e-005,-4.02010e-002
 5.764000000000e-005,-8.04020e-002
 5.768000000000e-005,-8.04020e-002
 5.772000000000e-005,-4.02010e-002
 5.776000000000e-005,-4.02010e-002
 5.780000000000e-005,-8.04020e-002
 5.784000000000e-005,-4.02010e-002
 5.788000000000e-005,-4.02010e-002
 5.792000000000e-005,-4.02010e-002
 5.796000000000e-005,-8.04020e-002
 5.800000000000e-005,-8.04020e-002
 5.804000000000e-005,-4.02010e-002
 5.808000000000e-005,-4.02010e-002
 5.812000000000e-005,-4.02010e-002
 5.816000000000e-005,-4.02010e-002
 5.820000000000e-005,-8.04020e-002
 5.824000000000e-005,-4.02010e-002
 5.828000000000e-005,-8.04020e-002
 5.832000000000e-005,-4.02010e-002
 5.836000000000e-005,-4.02010e-002
 5.840000000000e-005,-4.02010e-002
 5.844000000000e-005,-8.04020e-002
 5.848000000000e-005,-4.02010e-002
 5.852000000000e-005,-4.02010e-002
 5.856000000000e-005,-4.02010e-002
 5.860000000000e-005,-8.04020e-002
 5.864000000000e-005,-4.02010e-002
 5.868000000000e-005,-4.02010e-002
 5.872000000000e-005,-4.02010e-002
 5.876000000000e-005,-4.02010e-002
 5.880000000000e-005,-8.04020e-002
 5.884000000000e-005,-4.02010e-002
 5.888000000000e-005,-4.02010e-002
 5.892000000000e-005,-4.02010e-002
 5.896000000000e-005,-8.04020e-002
 5.900000000000e-005,-4.02010e-002
 5.904000000000e-005,-4.02010e-002
 5.908000000000e-005,-4.02010e-002
 5.912000000000e-005,-4.02010e-002
 5.916000000000e-005,-4.02010e-002
 5.920000000000e-005,-4.02010e-002
 5.924000000000e-005,-4.02010e-002
 5.928000000000e-005,-4.02010e-002
 5.932000000000e-005,-4.02010e-002
 5.936000000000e-005,-4.02010e-002
 5.940000000000e-005,-4.02010e-002
 5.944000000000e-005,-4.02010e-002
 5.948000000000e-005,-4.02010e-002
 5.952000000000e-005,-4.02010e-002
 5.956000000000e-005,-4.02010e-002
 5.960000000000e-005,-4.02010e-002
 5.964000000000e-005,-4.02010e-002
 5.968000000000e-005,-4.02010e-002
 5.972000000000e-005,-4.02010e-002
 5.976000000000e-005,-4.02010e-002
 5.980000000000e-005,-4.02010e-002
 5.984000000000e-005,-4.02010e-002
 5.988000000000e-005,-4.02010e-002
 5.992000000000e-005,-4.02010e-002
 5.996000000000e-005,-4.02010e-002
 6.000000000000e-005,-4.02010e-002
 6.004000000000e-005,-4.02010e-002
 6.008000000000e-005,-4.02010e-002
 6.012000000000e-005,-4.02010e-002
 6.016000000000e-005,-4.02010e-002
 6.020000000000e-005,-4.02010e-002
 6.024000000000e-005,-4.02010e-002
 6.028000000000e-005,-4.02010e-002
 6.032000000000e-005,-4.02010e-002
 6.036000000000e-005,-4.02010e-002
 6.040000000000e-005,-4.02010e-002
 6.044000000000e-005,-4.02010e-002
 6.048000000000e-005,-4.02010e-002
 6.052000000000e-005,-4.02010e-002
 6.056000000000e-005,-4.02010e-002
 6.060000000000e-005,-8.04020e-002
 6.064000000000e-005,-4.02010e-002
 6.068000000000e-005,-4.02010e-002
 6.072000000000e-005,-4.02010e-002
 6.076000000000e-005,-4.02010e-002
 6.080000000000e-005,-4.02010e-002
 6.084000000000e-005,-4.02010e-002
 6.088000000000e-005,-4.02010e-002
 6.092000000000e-005, 0.00000e+000
 6.096000000000e-005,-4.02010e-002
 6.100000000000e-005,-4.02010e-002
 6.104000000000e-005,-4.02010e-002
 6.108000000000e-005,-4.02010e-002
 6.112000000000e-005,-4.02010e-002
 6.116000000000e-005,-4.02010e-002
 6.120000000000e-005,-4.02010e-002
 6.124000000000e-005,-4.02010e-002
 6.128000000000e-005,-4.02010e-002
 6.132000000000e-005,-4.02010e-002
 6.136000000000e-005,-4.02010e-002
 6.140000000000e-005,-4.02010e-002
 6.144000000000e-005,-4.02010e-002
 6.148000000000e-005,-4.02010e-002
 6.152000000000e-005,-4.02010e-002
 6.156000000000e-005,-4.02010e-002
 6.160000000000e-005,-4.02010e-002
 6.164000000000e-005,-4.02010e-002
 6.168000000000e-005,-4.02010e-002
 6.172000000000e-005,-4.02010e-002
 6.176000000000e-005, 0.00000e+000
 6.180000000000e-005,-4.02010e-002
 6.184000000000e-005,-4.02010e-002
 6.188000000000e-005,-4.02010e-002
 6.192000000000e-005,-4.02010e-002
 6.196000000000e-005,-4.02010e-002
 6.200000000000e-005,-4.02010e-002
 6.204000000000e-005,-4.02010e-002
 6.208000000000e-005,-4.02010e-002
 6.212000000000e-005,-4.02010e-002
 6.216000000000e-005,-4.02010e-002
 6.220000000000e-005,-4.02010e-002
 6.224000000000e-005,-4.02010e-002
 6.228000000000e-005,-4.02010e-002
 6.232000000000e-005,-4.02010e-002
 6.236000000000e-005,-4.02010e-002
 6.240000000000e-005,-4.02010e-002
 6.244000000000e-005,-4.02010e-002
 6.248000000000e-005,-4.02010e-002
 6.252000000000e-005,-4.02010e-002
 6.256000000000e-005,-4.02010e-002
 6.260000000000e-005,-4.02010e-002
 6.264000000000e-005,-4.02010e-002
 6.268000000000e-005,-8.04020e-002
 6.272000000000e-005,-4.02010e-002
 6.276000000000e-005,-4.02010e-002
 6.280000000000e-005,-4.02010e-002
 6.284000000000e-005,-8.04020e-002
 6.288000000000e-005,-4.02010e-002
 6.292000000000e-005,-4.02010e-002
 6.296000000000e-005,-4.02010e-002
 6.300000000000e-005,-4.02010e-002
 6.304000000000e-005,-4.02010e-002
 6.308000000000e-005,-4.02010e-002
 6.312000000000e-005,-4.02010e-002
 6.316000000000e-005,-8.04020e-002
 6.320000000000e-005,-4.02010e-002
 6.324000000000e-005,-4.02010e-002
 6.328000000000e-005,-4.02010e-002
 6.332000000000e-005,-4.02010e-002
 6.336000000000e-005,-4.02010e-002
 6.340000000000e-005,-4.02010e-002
 6.344000000000e-005,-4.02010e-002
 6.348000000000e-005,-4.02010e-002
 6.352000000000e-005,-4.02010e-002
 6.356000000000e-005,-4.02010e-002
 6.360000000000e-005,-4.02010e-002
 6.364000000000e-005,-4.02010e-002
 6.368000000000e-005,-4.02010e-002
 6.372000000000e-005,-4.02010e-002
 6.376000000000e-005,-8.04020e-002
 6.380000000000e-005,-4.02010e-002
 6.384000000000e-005,-4.02010e-002
 6.388000000000e-005,-4.02010e-002
 6.392000000000e-005,-4.02010e-002
 6.396000000000e-005,-4.02010e-002
 6.400000000000e-005,-4.02010e-002
 6.404000000000e-005,-8.04020e-002
 6.408000000000e-005,-4.02010e-002
 6.412000000000e-005,-4.02010e-002
 6.416000000000e-005,-4.02010e-002
 6.420000000000e-005,-4.02010e-002
 6.424000000000e-005,-4.02010e-002
 6.428000000000e-005,-4.02010e-002
 6.432000000000e-005,-4.02010e-002
 6.436000000000e-005,-4.02010e-002
 6.440000000000e-005,-4.02010e-002
 6.444000000000e-005,-8.04020e-002
 6.448000000000e-005,-4.02010e-002
 6.452000000000e-005,-4.02010e-002
 6.456000000000e-005,-4.02010e-002
 6.460000000000e-005,-8.04020e-002
 6.464000000000e-005,-4.02010e-002
 6.468000000000e-005,-4.02010e-002
 6.472000000000e-005,-4.02010e-002
 6.476000000000e-005,-4.02010e-002
 6.480000000000e-005,-4.02010e-002
 6.484000000000e-005,-4.02010e-002
 6.488000000000e-005,-8.04020e-002
 6.492000000000e-005,-4.02010e-002
 6.496000000000e-005,-4.02010e-002
 6.500000000000e-005,-4.02010e-002
 6.504000000000e-005,-4.02010e-002
 6.508000000000e-005,-8.04020e-002
 6.512000000000e-005,-4.02010e-002
 6.516000000000e-005,-4.02010e-002
 6.520000000000e-005,-8.04020e-002
 6.524000000000e-005,-8.04020e-002
 6.528000000000e-005,-4.02010e-002
 6.532000000000e-005,-4.02010e-002
 6.536000000000e-005,-4.02010e-002
 6.540000000000e-005,-4.02010e-002
 6.544000000000e-005,-4.02010e-002
 6.548000000000e-005,-4.02010e-002
 6.552000000000e-005,-4.02010e-002
 6.556000000000e-005,-4.02010e-002
 6.560000000000e-005,-4.02010e-002
 6.564000000000e-005,-4.02010e-002
 6.568000000000e-005,-4.02010e-002
 6.572000000000e-005,-4.02010e-002
 6.576000000000e-005,-4.02010e-002
 6.580000000000e-005,-4.02010e-002
 6.584000000000e-005,-4.02010e-002
 6.588000000000e-005,-4.02010e-002
 6.592000000000e-005,-4.02010e-002
 6.596000000000e-005,-4.02010e-002
 6.600000000000e-005,-4.02010e-002
 6.604000000000e-005,-4.02010e-002
 6.608000000000e-005,-4.02010e-002
 6.612000000000e-005,-4.02010e-002
 6.616000000000e-005,-4.02010e-002
 6.620000000000e-005,-4.02010e-002
 6.624000000000e-005,-4.02010e-002
 6.628000000000e-005,-4.02010e-002
 6.632000000000e-005,-4.02010e-002
 6.636000000000e-005,-4.02010e-002
 6.640000000000e-005,-4.02010e-002
 6.644000000000e-005,-4.02010e-002
 6.648000000000e-005,-4.02010e-002
 6.652000000000e-005,-4.02010e-002
 6.656000000000e-005,-4.02010e-002
 6.660000000000e-005,-4.02010e-002
 6.664000000000e-005,-4.02010e-002
 6.668000000000e-005,-4.02010e-002
 6.672000000000e-005,-4.02010e-002
 6.676000000000e-005,-4.02010e-002
 6.680000000000e-005,-4.02010e-002
 6.684000000000e-005,-4.02010e-002
 6.688000000000e-005,-4.02010e-002
 6.692000000000e-005,-4.02010e-002
 6.696000000000e-005,-4.02010e-002
 6.700000000000e-005,-4.02010e-002
 6.704000000000e-005,-4.02010e-002
 6.708000000000e-005,-4.02010e-002
 6.712000000000e-005,-4.02010e-002
 6.716000000000e-005,-4.02010e-002
 6.720000000000e-005,-4.02010e-002
 6.724000000000e-005,-4.02010e-002
 6.728000000000e-005,-4.02010e-002
 6.732000000000e-005,-4.02010e-002
 6.736000000000e-005,-4.02010e-002
 6.740000000000e-005,-8.04020e-002
 6.744000000000e-005,-4.02010e-002
 6.748000000000e-005,-4.02010e-002
 6.752000000000e-005,-4.02010e-002
 6.756000000000e-005,-4.02010e-002
 6.760000000000e-005,-4.02010e-002
 6.764000000000e-005,-4.02010e-002
 6.768000000000e-005,-4.02010e-002
 6.772000000000e-005,-4.02010e-002
 6.776000000000e-005,-4.02010e-002
 6.780000000000e-005,-4.02010e-002
 6.784000000000e-005,-4.02010e-002
 6.788000000000e-005,-4.02010e-002
 6.792000000000e-005,-4.02010e-002
 6.796000000000e-005,-4.02010e-002
 6.800000000000e-005,-4.02010e-002
 6.804000000000e-005,-4.02010e-002
 6.808000000000e-005,-4.02010e-002
 6.812000000000e-005,-4.02010e-002
 6.816000000000e-005,-4.02010e-002
 6.820000000000e-005,-4.02010e-002
 6.824000000000e-005,-4.02010e-002
 6.828000000000e-005,-4.02010e-002
 6.832000000000e-005,-8.04020e-002
 6.836000000000e-005,-4.02010e-002
 6.840000000000e-005,-4.02010e-002
 6.844000000000e-005,-4.02010e-002
 6.848000000000e-005,-8.04020e-002
 6.852000000000e-005,-4.02010e-002
 6.856000000000e-005,-4.02010e-002
 6.860000000000e-005,-8.04020e-002
 6.864000000000e-005,-4.02010e-002
 6.868000000000e-005,-4.02010e-002
 6.872000000000e-005,-8.04020e-002
 6.876000000000e-005,-4.02010e-002
 6.880000000000e-005,-4.02010e-002
 6.884000000000e-005,-4.02010e-002
 6.888000000000e-005,-8.04020e-002
 6.892000000000e-005,-4.02010e-002
 6.896000000000e-005,-4.02010e-002
 6.900000000000e-005,-4.02010e-002
 6.904000000000e-005,-8.04020e-002
 6.908000000000e-005,-8.04020e-002
 6.912000000000e-005,-4.02010e-002
 6.916000000000e-005,-8.04020e-002
 6.920000000000e-005,-8.04020e-002
 6.924000000000e-005,-8.04020e-002
 6.928000000000e-005,-4.02010e-002
 6.932000000000e-005,-8.04020e-002
 6.936000000000e-005,-8.04020e-002
 6.940000000000e-005,-4.02010e-002
 6.944000000000e-005,-8.04020e-002
 6.948000000000e-005,-8.04020e-002
 6.952000000000e-005,-4.02010e-002
 6.956000000000e-005,-4.02010e-002
 6.960000000000e-005,-4.02010e-002
 6.964000000000e-005,-4.02010e-002
 6.968000000000e-005,-8.04020e-002
 6.972000000000e-005,-8.04020e-002
 6.976000000000e-005,-4.02010e-002
 6.980000000000e-005,-8.04020e-002
 6.984000000000e-005,-8.04020e-002
 6.988000000000e-005,-8.04020e-002
 6.992000000000e-005,-8.04020e-002
 6.996000000000e-005,-8.04020e-002
 7.000000000000e-005,-4.02010e-002
 7.004000000000e-005,-8.04020e-002
 7.008000000000e-005,-4.02010e-002
 7.012000000000e-005,-8.04020e-002
 7.016000000000e-005,-4.02010e-002
 7.020000000000e-005,-8.04020e-002
 7.024000000000e-005,-4.02010e-002
 7.028000000000e-005,-8.04020e-002
 7.032000000000e-005,-8.04020e-002
 7.036000000000e-005,-8.04020e-002
 7.040000000000e-005,-8.04020e-002
 7.044000000000e-005,-8.04020e-002
 7.048000000000e-005,-8.04020e-002
 7.052000000000e-005,-8.04020e-002
 7.056000000000e-005,-4.02010e-002
 7.060000000000e-005,-4.02010e-002
 7.064000000000e-005,-8.04020e-002
 7.068000000000e-005,-4.02010e-002
 7.072000000000e-005,-8.04020e-002
 7.076000000000e-005,-8.04020e-002
 7.080000000000e-005,-4.02010e-002
 7.084000000000e-005,-4.02010e-002
 7.088000000000e-005,-4.02010e-002
 7.092000000000e-005,-8.04020e-002
 7.096000000000e-005,-4.02010e-002
 7.100000000000e-005,-4.02010e-002
 7.104000000000e-005,-4.02010e-002
 7.108000000000e-005,-4.02010e-002
 7.112000000000e-005,-4.02010e-002
 7.116000000000e-005,-4.02010e-002
 7.120000000000e-005,-8.04020e-002
 7.124000000000e-005,-4.02010e-002
 7.128000000000e-005,-4.02010e-002
 7.132000000000e-005,-4.02010e-002
 7.136000000000e-005,-4.02010e-002
 7.140000000000e-005,-4.02010e-002
 7.144000000000e-005,-4.02010e-002
 7.148000000000e-005,-4.02010e-002
 7.152000000000e-005,-4.02010e-002
 7.156000000000e-005,-4.02010e-002
 7.160000000000e-005,-4.02010e-002
 7.164000000000e-005,-4.02010e-002
 7.168000000000e-005,-4.02010e-002
 7.172000000000e-005,-4.02010e-002
 7.176000000000e-005,-4.02010e-002
 7.180000000000e-005,-4.02010e-002
 7.184000000000e-005,-4.02010e-002
 7.188000000000e-005, 0.00000e+000
 7.192000000000e-005,-4.02010e-002
 7.196000000000e-005,-4.02010e-002
 7.200000000000e-005,-4.02010e-002
 7.204000000000e-005,-4.02010e-002
 7.208000000000e-005,-4.02010e-002
 7.212000000000e-005,-4.02010e-002
 7.216000000000e-005,-4.02010e-002
 7.220000000000e-005,-4.02010e-002
 7.224000000000e-005,-4.02010e-002
 7.228000000000e-005,-4.02010e-002
 7.232000000000e-005,-4.02010e-002
 7.236000000000e-005,-4.02010e-002
 7.240000000000e-005,-4.02010e-002
 7.244000000000e-005,-4.02010e-002
 7.248000000000e-005,-4.02010e-002
 7.252000000000e-005,-4.02010e-002
 7.256000000000e-005,-4.02010e-002
 7.260000000000e-005,-4.02010e-002
 7.264000000000e-005,-4.02010e-002
 7.268000000000e-005,-4.02010e-002
 7.272000000000e-005,-4.02010e-002
 7.276000000000e-005,-4.02010e-002
 7.280000000000e-005,-4.02010e-002
 7.284000000000e-005,-4.02010e-002
 7.288000000000e-005,-4.02010e-002
 7.292000000000e-005,-4.02010e-002
 7.296000000000e-005,-4.02010e-002
 7.300000000000e-005,-4.02010e-002
 7.304000000000e-005,-4.02010e-002
 7.308000000000e-005,-4.02010e-002
 7.312000000000e-005,-4.02010e-002
 7.316000000000e-005,-4.02010e-002
 7.320000000000e-005,-4.02010e-002
 7.324000000000e-005,-4.02010e-002
 7.328000000000e-005,-8.04020e-002
 7.332000000000e-005,-4.02010e-002
 7.336000000000e-005,-4.02010e-002
 7.340000000000e-005,-8.04020e-002
 7.344000000000e-005,-8.04020e-002
 7.348000000000e-005,-4.02010e-002
 7.352000000000e-005,-4.02010e-002
 7.356000000000e-005,-4.02010e-002
 7.360000000000e-005,-8.04020e-002
 7.364000000000e-005,-4.02010e-002
 7.368000000000e-005,-4.02010e-002
 7.372000000000e-005,-4.02010e-002
 7.376000000000e-005,-4.02010e-002
 7.380000000000e-005,-4.02010e-002
 7.384000000000e-005,-4.02010e-002
 7.388000000000e-005,-4.02010e-002
 7.392000000000e-005,-4.02010e-002
 7.396000000000e-005,-8.04020e-002
 7.400000000000e-005,-4.02010e-002
 7.404000000000e-005,-8.04020e-002
 7.408000000000e-005,-4.02010e-002
 7.412000000000e-005,-4.02010e-002
 7.416000000000e-005,-4.02010e-002
 7.420000000000e-005,-4.02010e-002
 7.424000000000e-005,-4.02010e-002
 7.428000000000e-005,-4.02010e-002
 7.432000000000e-005,-4.02010e-002
 7.436000000000e-005,-4.02010e-002
 7.440000000000e-005,-4.02010e-002
 7.444000000000e-005,-4.02010e-002
 7.448000000000e-005,-4.02010e-002
 7.452000000000e-005,-4.02010e-002
 7.456000000000e-005,-4.02010e-002
 7.460000000000e-005,-8.04020e-002
 7.464000000000e-005,-4.02010e-002
 7.468000000000e-005,-4.02010e-002
 7.472000000000e-005,-4.02010e-002
 7.476000000000e-005,-4.02010e-002
 7.480000000000e-005,-4.02010e-002
 7.484000000000e-005,-4.02010e-002
 7.488000000000e-005,-4.02010e-002
 7.492000000000e-005,-4.02010e-002
 7.496000000000e-005,-4.02010e-002
 7.500000000000e-005,-4.02010e-002
 7.504000000000e-005,-4.02010e-002
 7.508000000000e-005,-4.02010e-002
 7.512000000000e-005,-4.02010e-002
 7.516000000000e-005,-4.02010e-002
 7.520000000000e-005,-4.02010e-002
 7.524000000000e-005,-4.02010e-002
 7.528000000000e-005,-4.02010e-002
 7.532000000000e-005,-4.02010e-002
 7.536000000000e-005,-4.02010e-002
 7.540000000000e-005,-4.02010e-002
 7.544000000000e-005,-4.02010e-002
 7.548000000000e-005,-4.02010e-002
 7.552000000000e-005,-4.02010e-002
 7.556000000000e-005,-4.02010e-002
 7.560000000000e-005,-4.02010e-002
 7.564000000000e-005,-4.02010e-002
 7.568000000000e-005,-4.02010e-002
 7.572000000000e-005,-4.02010e-002
 7.576000000000e-005,-4.02010e-002
 7.580000000000e-005,-4.02010e-002
 7.584000000000e-005,-4.02010e-002
 7.588000000000e-005,-4.02010e-002
 7.592000000000e-005,-4.02010e-002
 7.596000000000e-005,-4.02010e-002
 7.600000000000e-005,-4.02010e-002
 7.604000000000e-005,-4.02010e-002
 7.608000000000e-005,-4.02010e-002
 7.612000000000e-005,-4.02010e-002
 7.616000000000e-005,-4.02010e-002
 7.620000000000e-005,-4.02010e-002
 7.624000000000e-005,-4.02010e-002
 7.628000000000e-005,-4.02010e-002
 7.632000000000e-005,-4.02010e-002
 7.636000000000e-005,-4.02010e-002
 7.640000000000e-005,-4.02010e-002
 7.644000000000e-005,-4.02010e-002
 7.648000000000e-005,-4.02010e-002
 7.652000000000e-005,-4.02010e-002
 7.656000000000e-005,-4.02010e-002
 7.660000000000e-005,-4.02010e-002
 7.664000000000e-005,-4.02010e-002
 7.668000000000e-005,-4.02010e-002
 7.672000000000e-005,-4.02010e-002
 7.676000000000e-005,-4.02010e-002
 7.680000000000e-005,-4.02010e-002
 7.684000000000e-005,-4.02010e-002
 7.688000000000e-005,-4.02010e-002
 7.692000000000e-005,-4.02010e-002
 7.696000000000e-005,-4.02010e-002
 7.700000000000e-005,-4.02010e-002
 7.704000000000e-005,-4.02010e-002
 7.708000000000e-005,-4.02010e-002
 7.712000000000e-005,-4.02010e-002
 7.716000000000e-005,-4.02010e-002
 7.720000000000e-005,-4.02010e-002
 7.724000000000e-005,-4.02010e-002
 7.728000000000e-005,-4.02010e-002
 7.732000000000e-005,-4.02010e-002
 7.736000000000e-005,-4.02010e-002
 7.740000000000e-005,-4.02010e-002
 7.744000000000e-005,-4.02010e-002
 7.748000000000e-005,-4.02010e-002
 7.752000000000e-005,-4.02010e-002
 7.756000000000e-005,-4.02010e-002
 7.760000000000e-005,-4.02010e-002
 7.764000000000e-005,-4.02010e-002
 7.768000000000e-005,-4.02010e-002
 7.772000000000e-005,-4.02010e-002
 7.776000000000e-005,-4.02010e-002
 7.780000000000e-005,-4.02010e-002
 7.784000000000e-005,-4.02010e-002
 7.788000000000e-005,-4.02010e-002
 7.792000000000e-005,-4.02010e-002
 7.796000000000e-005,-4.02010e-002
 7.800000000000e-005,-4.02010e-002
 7.804000000000e-005,-4.02010e-002
 7.808000000000e-005,-4.02010e-002
 7.812000000000e-005,-4.02010e-002
 7.816000000000e-005,-4.02010e-002
 7.820000000000e-005,-4.02010e-002
 7.824000000000e-005,-4.02010e-002
 7.828000000000e-005,-4.02010e-002
 7.832000000000e-005,-4.02010e-002
 7.836000000000e-005,-4.02010e-002
 7.840000000000e-005,-4.02010e-002
 7.844000000000e-005,-4.02010e-002
 7.848000000000e-005,-4.02010e-002
 7.852000000000e-005,-4.02010e-002
 7.856000000000e-005,-4.02010e-002
 7.860000000000e-005,-4.02010e-002
 7.864000000000e-005,-4.02010e-002
 7.868000000000e-005,-4.02010e-002
 7.872000000000e-005,-4.02010e-002
 7.876000000000e-005,-4.02010e-002
 7.880000000000e-005,-8.04020e-002
 7.884000000000e-005,-4.02010e-002
 7.888000000000e-005,-4.02010e-002
 7.892000000000e-005,-4.02010e-002
 7.896000000000e-005,-4.02010e-002
 7.900000000000e-005,-4.02010e-002
 7.904000000000e-005,-4.02010e-002
 7.908000000000e-005,-8.04020e-002
 7.912000000000e-005,-4.02010e-002
 7.916000000000e-005,-4.02010e-002
 7.920000000000e-005,-4.02010e-002
 7.924000000000e-005,-8.04020e-002
 7.928000000000e-005,-4.02010e-002
 7.932000000000e-005,-4.02010e-002
 7.936000000000e-005,-4.02010e-002
 7.940000000000e-005,-4.02010e-002
 7.944000000000e-005,-4.02010e-002
 7.948000000000e-005,-4.02010e-002
 7.952000000000e-005,-4.02010e-002
 7.956000000000e-005,-8.04020e-002
 7.960000000000e-005,-4.02010e-002
 7.964000000000e-005,-4.02010e-002
 7.968000000000e-005,-4.02010e-002
 7.972000000000e-005,-4.02010e-002
 7.976000000000e-005,-8.04020e-002
 7.980000000000e-005,-4.02010e-002
 7.984000000000e-005,-4.02010e-002
 7.988000000000e-005,-4.02010e-002
 7.992000000000e-005,-8.04020e-002
 7.996000000000e-005,-4.02010e-002
 8.000000000000e-005,-4.02010e-002
 8.004000000000e-005,-4.02010e-002
 8.008000000000e-005,-4.02010e-002
 8.012000000000e-005,-4.02010e-002
 8.016000000000e-005,-4.02010e-002
 8.020000000000e-005,-4.02010e-002
 8.024000000000e-005,-4.02010e-002
 8.028000000000e-005,-4.02010e-002
 8.032000000000e-005,-4.02010e-002
 8.036000000000e-005,-4.02010e-002
 8.040000000000e-005,-4.02010e-002
 8.044000000000e-005,-4.02010e-002
 8.048000000000e-005,-4.02010e-002
 8.052000000000e-005,-4.02010e-002
 8.056000000000e-005,-8.04020e-002
 8.060000000000e-005,-4.02010e-002
 8.064000000000e-005,-8.04020e-002
 8.068000000000e-005,-4.02010e-002
 8.072000000000e-005,-4.02010e-002
 8.076000000000e-005,-8.04020e-002
 8.080000000000e-005,-4.02010e-002
 8.084000000000e-005,-4.02010e-002
 8.088000000000e-005,-4.02010e-002
 8.092000000000e-005,-4.02010e-002
 8.096000000000e-005,-4.02010e-002
 8.100000000000e-005,-4.02010e-002
 8.104000000000e-005,-4.02010e-002
 8.108000000000e-005,-4.02010e-002
 8.112000000000e-005,-4.02010e-002
 8.116000000000e-005,-4.02010e-002
 8.120000000000e-005,-4.02010e-002
 8.124000000000e-005,-8.04020e-002
 8.128000000000e-005,-4.02010e-002
 8.132000000000e-005,-4.02010e-002
 8.136000000000e-005,-4.02010e-002
 8.140000000000e-005,-4.02010e-002
 8.144000000000e-005,-4.02010e-002
 8.148000000000e-005,-4.02010e-002
 8.152000000000e-005,-4.02010e-002
 8.156000000000e-005,-4.02010e-002
 8.160000000000e-005,-4.02010e-002
 8.164000000000e-005,-4.02010e-002
 8.168000000000e-005,-4.02010e-002
 8.172000000000e-005,-4.02010e-002
 8.176000000000e-005,-8.04020e-002
 8.180000000000e-005,-4.02010e-002
 8.184000000000e-005,-4.02010e-002
 8.188000000000e-005,-4.02010e-002
 8.192000000000e-005,-4.02010e-002
 8.196000000000e-005,-4.02010e-002
 8.200000000000e-005,-4.02010e-002
 8.204000000000e-005,-4.02010e-002
 8.208000000000e-005,-4.02010e-002
 8.212000000000e-005,-4.02010e-002
 8.216000000000e-005,-4.02010e-002
 8.220000000000e-005,-4.02010e-002
 8.224000000000e-005,-8.04020e-002
 8.228000000000e-005,-4.02010e-002
 8.232000000000e-005,-4.02010e-002
 8.236000000000e-005,-4.02010e-002
 8.240000000000e-005,-4.02010e-002
 8.244000000000e-005,-4.02010e-002
 8.248000000000e-005,-4.02010e-002
 8.252000000000e-005,-4.02010e-002
 8.256000000000e-005,-8.04020e-002
 8.260000000000e-005,-4.02010e-002
 8.264000000000e-005,-8.04020e-002
 8.268000000000e-005,-4.02010e-002
 8.272000000000e-005,-4.02010e-002
 8.276000000000e-005,-4.02010e-002
 8.280000000000e-005,-8.04020e-002
 8.284000000000e-005,-4.02010e-002
 8.288000000000e-005,-4.02010e-002
 8.292000000000e-005,-8.04020e-002
 8.296000000000e-005,-4.02010e-002
 8.300000000000e-005,-4.02010e-002
 8.304000000000e-005,-4.02010e-002
 8.308000000000e-005,-4.02010e-002
 8.312000000000e-005,-4.02010e-002
 8.316000000000e-005,-8.04020e-002
 8.320000000000e-005,-4.02010e-002
 8.324000000000e-005,-4.02010e-002
 8.328000000000e-005,-4.02010e-002
 8.332000000000e-005,-4.02010e-002
 8.336000000000e-005,-4.02010e-002
 8.340000000000e-005,-4.02010e-002
 8.344000000000e-005,-4.02010e-002
 8.348000000000e-005,-4.02010e-002
 8.352000000000e-005,-4.02010e-002
 8.356000000000e-005,-4.02010e-002
 8.360000000000e-005,-8.04020e-002
 8.364000000000e-005,-4.02010e-002
 8.368000000000e-005,-4.02010e-002
 8.372000000000e-005,-4.02010e-002
 8.376000000000e-005,-4.02010e-002
 8.380000000000e-005,-8.04020e-002
 8.384000000000e-005,-8.04020e-002
 8.388000000000e-005,-4.02010e-002
 8.392000000000e-005,-4.02010e-002
 8.396000000000e-005,-4.02010e-002
 8.400000000000e-005,-4.02010e-002
 8.404000000000e-005,-4.02010e-002
 8.408000000000e-005,-4.02010e-002
 8.412000000000e-005,-4.02010e-002
 8.416000000000e-005,-8.04020e-002
 8.420000000000e-005,-4.02010e-002
 8.424000000000e-005,-4.02010e-002
 8.428000000000e-005,-4.02010e-002
 8.432000000000e-005,-4.02010e-002
 8.436000000000e-005,-4.02010e-002
 8.440000000000e-005,-4.02010e-002
 8.444000000000e-005,-4.02010e-002
 8.448000000000e-005,-4.02010e-002
 8.452000000000e-005,-4.02010e-002
 8.456000000000e-005,-4.02010e-002
 8.460000000000e-005,-4.02010e-002
 8.464000000000e-005,-4.02010e-002
 8.468000000000e-005,-4.02010e-002
 8.472000000000e-005,-4.02010e-002
 8.476000000000e-005,-4.02010e-002
 8.480000000000e-005,-4.02010e-002
 8.484000000000e-005,-4.02010e-002
 8.488000000000e-005,-4.02010e-002
 8.492000000000e-005,-4.02010e-002
 8.496000000000e-005,-4.02010e-002
 8.500000000000e-005,-4.02010e-002
 8.504000000000e-005,-4.02010e-002
 8.508000000000e-005,-4.02010e-002
 8.512000000000e-005,-4.02010e-002
 8.516000000000e-005,-4.02010e-002
 8.520000000000e-005,-4.02010e-002
 8.524000000000e-005,-4.02010e-002
 8.528000000000e-005,-8.04020e-002
 8.532000000000e-005,-4.02010e-002
 8.536000000000e-005,-4.02010e-002
 8.540000000000e-005,-4.02010e-002
 8.544000000000e-005,-4.02010e-002
 8.548000000000e-005,-4.02010e-002
 8.552000000000e-005,-4.02010e-002
 8.556000000000e-005,-4.02010e-002
 8.560000000000e-005,-4.02010e-002
 8.564000000000e-005,-4.02010e-002
 8.568000000000e-005,-4.02010e-002
 8.572000000000e-005,-4.02010e-002
 8.576000000000e-005,-4.02010e-002
 8.580000000000e-005,-4.02010e-002
 8.584000000000e-005,-4.02010e-002
 8.588000000000e-005,-4.02010e-002
 8.592000000000e-005,-4.02010e-002
 8.596000000000e-005,-8.04020e-002
 8.600000000000e-005,-4.02010e-002
 8.604000000000e-005,-4.02010e-002
 8.608000000000e-005,-4.02010e-002
 8.612000000000e-005,-4.02010e-002
 8.616000000000e-005,-8.04020e-002
 8.620000000000e-005,-4.02010e-002
 8.624000000000e-005,-8.04020e-002
 8.628000000000e-005,-4.02010e-002
 8.632000000000e-005,-4.02010e-002
 8.636000000000e-005,-4.02010e-002
 8.640000000000e-005,-4.02010e-002
 8.644000000000e-005,-4.02010e-002
 8.648000000000e-005,-8.04020e-002
 8.652000000000e-005,-4.02010e-002
 8.656000000000e-005,-4.02010e-002
 8.660000000000e-005,-4.02010e-002
 8.664000000000e-005,-4.02010e-002
 8.668000000000e-005,-4.02010e-002
 8.672000000000e-005,-4.02010e-002
 8.676000000000e-005,-4.02010e-002
 8.680000000000e-005,-4.02010e-002
 8.684000000000e-005,-4.02010e-002
 8.688000000000e-005,-4.02010e-002
 8.692000000000e-005,-4.02010e-002
 8.696000000000e-005,-4.02010e-002
 8.700000000000e-005,-4.02010e-002
 8.704000000000e-005,-4.02010e-002
 8.708000000000e-005,-4.02010e-002
 8.712000000000e-005,-8.04020e-002
 8.716000000000e-005,-4.02010e-002
 8.720000000000e-005,-8.04020e-002
 8.724000000000e-005,-4.02010e-002
 8.728000000000e-005,-4.02010e-002
 8.732000000000e-005,-4.02010e-002
 8.736000000000e-005,-4.02010e-002
 8.740000000000e-005,-4.02010e-002
 8.744000000000e-005,-4.02010e-002
 8.748000000000e-005,-4.02010e-002
 8.752000000000e-005,-4.02010e-002
 8.756000000000e-005,-4.02010e-002
 8.760000000000e-005,-4.02010e-002
 8.764000000000e-005,-4.02010e-002
 8.768000000000e-005,-4.02010e-002
 8.772000000000e-005,-4.02010e-002
 8.776000000000e-005,-4.02010e-002
 8.780000000000e-005,-4.02010e-002
 8.784000000000e-005,-4.02010e-002
 8.788000000000e-005,-4.02010e-002
 8.792000000000e-005,-4.02010e-002
 8.796000000000e-005,-4.02010e-002
 8.800000000000e-005,-4.02010e-002
 8.804000000000e-005,-4.02010e-002
 8.808000000000e-005,-4.02010e-002
 8.812000000000e-005,-4.02010e-002
 8.816000000000e-005,-4.02010e-002
 8.820000000000e-005,-4.02010e-002
 8.824000000000e-005,-4.02010e-002
 8.828000000000e-005,-4.02010e-002
 8.832000000000e-005,-4.02010e-002
 8.836000000000e-005,-4.02010e-002
 8.840000000000e-005,-4.02010e-002
 8.844000000000e-005,-4.02010e-002
 8.848000000000e-005,-4.02010e-002
 8.852000000000e-005,-4.02010e-002
 8.856000000000e-005,-8.04020e-002
 8.860000000000e-005,-4.02010e-002
 8.864000000000e-005,-4.02010e-002
 8.868000000000e-005,-4.02010e-002
 8.872000000000e-005,-4.02010e-002
 8.876000000000e-005,-4.02010e-002
 8.880000000000e-005,-4.02010e-002
 8.884000000000e-005,-4.02010e-002
 8.888000000000e-005,-4.02010e-002
 8.892000000000e-005,-4.02010e-002
 8.896000000000e-005,-4.02010e-002
 8.900000000000e-005,-4.02010e-002
 8.904000000000e-005,-4.02010e-002
 8.908000000000e-005,-8.04020e-002
 8.912000000000e-005,-4.02010e-002
 8.916000000000e-005,-4.02010e-002
 8.920000000000e-005,-4.02010e-002
 8.924000000000e-005,-4.02010e-002
 8.928000000000e-005,-4.02010e-002
 8.932000000000e-005,-4.02010e-002
 8.936000000000e-005,-4.02010e-002
 8.940000000000e-005,-4.02010e-002
 8.944000000000e-005,-4.02010e-002
 8.948000000000e-005,-4.02010e-002
 8.952000000000e-005,-4.02010e-002
 8.956000000000e-005,-4.02010e-002
 8.960000000000e-005,-8.04020e-002
 8.964000000000e-005,-4.02010e-002
 8.968000000000e-005,-8.04020e-002
 8.972000000000e-005,-4.02010e-002
 8.976000000000e-005,-4.02010e-002
 8.980000000000e-005,-4.02010e-002
 8.984000000000e-005,-4.02010e-002
 8.988000000000e-005,-4.02010e-002
 8.992000000000e-005,-4.02010e-002
 8.996000000000e-005,-4.02010e-002
 9.000000000000e-005,-4.02010e-002
 9.004000000000e-005,-4.02010e-002
 9.008000000000e-005,-4.02010e-002
 9.012000000000e-005,-4.02010e-002
 9.016000000000e-005,-8.04020e-002
 9.020000000000e-005,-4.02010e-002
 9.024000000000e-005,-4.02010e-002
 9.028000000000e-005,-4.02010e-002
 9.032000000000e-005,-4.02010e-002
 9.036000000000e-005,-4.02010e-002
 9.040000000000e-005,-4.02010e-002
 9.044000000000e-005,-4.02010e-002
 9.048000000000e-005,-4.02010e-002
 9.052000000000e-005,-4.02010e-002
 9.056000000000e-005,-4.02010e-002
 9.060000000000e-005,-4.02010e-002
 9.064000000000e-005,-8.04020e-002
 9.068000000000e-005,-4.02010e-002
 9.072000000000e-005,-4.02010e-002
 9.076000000000e-005,-4.02010e-002
 9.080000000000e-005,-4.02010e-002
 9.084000000000e-005,-4.02010e-002
 9.088000000000e-005,-4.02010e-002
 9.092000000000e-005,-4.02010e-002
 9.096000000000e-005,-4.02010e-002
 9.100000000000e-005,-4.02010e-002
 9.104000000000e-005,-4.02010e-002
 9.108000000000e-005,-4.02010e-002
 9.112000000000e-005,-4.02010e-002
 9.116000000000e-005,-4.02010e-002
 9.120000000000e-005,-4.02010e-002
 9.124000000000e-005,-4.02010e-002
 9.128000000000e-005,-4.02010e-002
 9.132000000000e-005,-4.02010e-002
 9.136000000000e-005,-4.02010e-002
 9.140000000000e-005,-4.02010e-002
 9.144000000000e-005,-4.02010e-002
 9.148000000000e-005,-4.02010e-002
 9.152000000000e-005,-4.02010e-002
 9.156000000000e-005,-4.02010e-002
 9.160000000000e-005,-4.02010e-002
 9.164000000000e-005,-4.02010e-002
 9.168000000000e-005,-4.02010e-002
 9.172000000000e-005,-4.02010e-002
 9.176000000000e-005,-4.02010e-002
 9.180000000000e-005,-8.04020e-002
 9.184000000000e-005,-4.02010e-002
 9.188000000000e-005,-4.02010e-002
 9.192000000000e-005,-4.02010e-002
 9.196000000000e-005,-4.02010e-002
 9.200000000000e-005,-8.04020e-002
 9.204000000000e-005,-4.02010e-002
 9.208000000000e-005,-4.02010e-002
 9.212000000000e-005,-4.02010e-002
 9.216000000000e-005,-8.04020e-002
 9.220000000000e-005,-4.02010e-002
 9.224000000000e-005,-4.02010e-002
 9.228000000000e-005,-4.02010e-002
 9.232000000000e-005,-4.02010e-002
 9.236000000000e-005,-4.02010e-002
 9.240000000000e-005,-4.02010e-002
 9.244000000000e-005,-8.04020e-002
 9.248000000000e-005,-4.02010e-002
 9.252000000000e-005,-4.02010e-002
 9.256000000000e-005,-8.04020e-002
 9.260000000000e-005,-4.02010e-002
 9.264000000000e-005,-4.02010e-002
 9.268000000000e-005,-4.02010e-002
 9.272000000000e-005,-4.02010e-002
 9.276000000000e-005,-8.04020e-002
 9.280000000000e-005,-4.02010e-002
 9.284000000000e-005,-8.04020e-002
 9.288000000000e-005,-4.02010e-002
 9.292000000000e-005,-8.04020e-002
 9.296000000000e-005,-4.02010e-002
 9.300000000000e-005,-4.02010e-002
 9.304000000000e-005,-4.02010e-002
 9.308000000000e-005,-4.02010e-002
 9.312000000000e-005,-4.02010e-002
 9.316000000000e-005,-4.02010e-002
 9.320000000000e-005,-4.02010e-002
 9.324000000000e-005,-4.02010e-002
 9.328000000000e-005,-4.02010e-002
 9.332000000000e-005,-4.02010e-002
 9.336000000000e-005,-8.04020e-002
 9.340000000000e-005,-4.02010e-002
 9.344000000000e-005,-4.02010e-002
 9.348000000000e-005,-4.02010e-002
 9.352000000000e-005,-4.02010e-002
 9.356000000000e-005,-4.02010e-002
 9.360000000000e-005,-4.02010e-002
 9.364000000000e-005,-4.02010e-002
 9.368000000000e-005,-4.02010e-002
 9.372000000000e-005,-4.02010e-002
 9.376000000000e-005,-8.04020e-002
 9.380000000000e-005,-8.04020e-002
 9.384000000000e-005,-4.02010e-002
 9.388000000000e-005,-4.02010e-002
 9.392000000000e-005,-4.02010e-002
 9.396000000000e-005,-8.04020e-002
 9.400000000000e-005,-4.02010e-002
 9.404000000000e-005,-4.02010e-002
 9.408000000000e-005,-4.02010e-002
 9.412000000000e-005,-4.02010e-002
 9.416000000000e-005,-4.02010e-002
 9.420000000000e-005,-4.02010e-002
 9.424000000000e-005,-4.02010e-002
 9.428000000000e-005,-4.02010e-002
 9.432000000000e-005,-4.02010e-002
 9.436000000000e-005,-8.04020e-002
 9.440000000000e-005,-4.02010e-002
 9.444000000000e-005,-4.02010e-002
 9.448000000000e-005,-4.02010e-002
 9.452000000000e-005,-4.02010e-002
 9.456000000000e-005,-4.02010e-002
 9.460000000000e-005,-4.02010e-002
 9.464000000000e-005,-4.02010e-002
 9.468000000000e-005,-4.02010e-002
 9.472000000000e-005,-8.04020e-002
 9.476000000000e-005,-4.02010e-002
 9.480000000000e-005,-4.02010e-002
 9.484000000000e-005,-8.04020e-002
 9.488000000000e-005,-4.02010e-002
 9.492000000000e-005,-4.02010e-002
 9.496000000000e-005,-4.02010e-002
 9.500000000000e-005,-4.02010e-002
 9.504000000000e-005,-4.02010e-002
 9.508000000000e-005,-4.02010e-002
 9.512000000000e-005,-4.02010e-002
 9.516000000000e-005,-4.02010e-002
 9.520000000000e-005,-4.02010e-002
 9.524000000000e-005,-4.02010e-002
 9.528000000000e-005,-4.02010e-002
 9.532000000000e-005,-4.02010e-002
 9.536000000000e-005,-4.02010e-002
 9.540000000000e-005,-4.02010e-002
 9.544000000000e-005,-4.02010e-002
 9.548000000000e-005,-4.02010e-002
 9.552000000000e-005,-4.02010e-002
 9.556000000000e-005,-4.02010e-002
 9.560000000000e-005,-4.02010e-002
 9.564000000000e-005,-4.02010e-002
 9.568000000000e-005,-4.02010e-002
 9.572000000000e-005,-4.02010e-002
 9.576000000000e-005,-4.02010e-002
 9.580000000000e-005,-8.04020e-002
 9.584000000000e-005,-4.02010e-002
 9.588000000000e-005,-4.02010e-002
 9.592000000000e-005,-4.02010e-002
 9.596000000000e-005,-4.02010e-002
 9.600000000000e-005,-4.02010e-002
 9.604000000000e-005,-4.02010e-002
 9.608000000000e-005,-4.02010e-002
 9.612000000000e-005,-4.02010e-002
 9.616000000000e-005,-4.02010e-002
 9.620000000000e-005,-4.02010e-002
 9.624000000000e-005,-4.02010e-002
 9.628000000000e-005,-4.02010e-002
 9.632000000000e-005,-4.02010e-002
 9.636000000000e-005,-4.02010e-002
 9.640000000000e-005,-4.02010e-002
 9.644000000000e-005,-4.02010e-002
 9.648000000000e-005,-4.02010e-002
 9.652000000000e-005,-4.02010e-002
 9.656000000000e-005,-4.02010e-002
 9.660000000000e-005,-4.02010e-002
 9.664000000000e-005,-4.02010e-002
 9.668000000000e-005,-4.02010e-002
 9.672000000000e-005,-4.02010e-002
 9.676000000000e-005,-4.02010e-002
 9.680000000000e-005,-4.02010e-002
 9.684000000000e-005,-4.02010e-002
 9.688000000000e-005,-4.02010e-002
 9.692000000000e-005,-4.02010e-002
 9.696000000000e-005,-4.02010e-002
 9.700000000000e-005,-4.02010e-002
 9.704000000000e-005,-4.02010e-002
 9.708000000000e-005,-4.02010e-002
 9.712000000000e-005,-4.02010e-002
 9.716000000000e-005,-4.02010e-002
 9.720000000000e-005,-4.02010e-002
 9.724000000000e-005,-4.02010e-002
 9.728000000000e-005,-4.02010e-002
 9.732000000000e-005,-4.02010e-002
 9.736000000000e-005,-4.02010e-002
 9.740000000000e-005,-4.02010e-002
 9.744000000000e-005,-4.02010e-002
 9.748000000000e-005,-4.02010e-002
 9.752000000000e-005,-4.02010e-002
 9.756000000000e-005,-4.02010e-002
 9.760000000000e-005,-4.02010e-002
 9.764000000000e-005,-4.02010e-002
 9.768000000000e-005,-4.02010e-002
 9.772000000000e-005,-4.02010e-002
 9.776000000000e-005,-4.02010e-002
 9.780000000000e-005,-4.02010e-002
 9.784000000000e-005,-4.02010e-002
 9.788000000000e-005,-4.02010e-002
 9.792000000000e-005,-4.02010e-002
 9.796000000000e-005,-4.02010e-002
 9.800000000000e-005,-4.02010e-002
 9.804000000000e-005,-4.02010e-002
 9.808000000000e-005,-4.02010e-002
 9.812000000000e-005,-4.02010e-002
 9.816000000000e-005,-4.02010e-002
 9.820000000000e-005,-8.04020e-002
 9.824000000000e-005,-4.02010e-002
 9.828000000000e-005,-4.02010e-002
 9.832000000000e-005,-4.02010e-002
 9.836000000000e-005,-4.02010e-002
 9.840000000000e-005,-4.02010e-002
 9.844000000000e-005,-4.02010e-002
 9.848000000000e-005,-4.02010e-002
 9.852000000000e-005,-4.02010e-002
 9.856000000000e-005,-4.02010e-002
 9.860000000000e-005,-4.02010e-002
 9.864000000000e-005,-4.02010e-002
 9.868000000000e-005,-4.02010e-002
 9.872000000000e-005,-4.02010e-002
 9.876000000000e-005,-4.02010e-002
 9.880000000000e-005,-4.02010e-002
 9.884000000000e-005,-4.02010e-002
 9.888000000000e-005,-4.02010e-002
 9.892000000000e-005,-4.02010e-002
 9.896000000000e-005,-4.02010e-002
 9.900000000000e-005,-4.02010e-002
 9.904000000000e-005,-4.02010e-002
 9.908000000000e-005,-4.02010e-002
 9.912000000000e-005,-4.02010e-002
 9.916000000000e-005,-4.02010e-002
 9.920000000000e-005,-4.02010e-002
 9.924000000000e-005,-4.02010e-002
 9.928000000000e-005,-4.02010e-002
 9.932000000000e-005,-4.02010e-002
 9.936000000000e-005,-4.02010e-002
 9.940000000000e-005,-4.02010e-002
 9.944000000000e-005,-4.02010e-002
 9.948000000000e-005,-4.02010e-002
 9.952000000000e-005,-4.02010e-002
 9.956000000000e-005,-4.02010e-002
 9.960000000000e-005,-4.02010e-002
 9.964000000000e-005,-4.02010e-002
 9.968000000000e-005,-4.02010e-002
 9.972000000000e-005,-4.02010e-002
 9.976000000000e-005,-4.02010e-002
 9.980000000000e-005,-4.02010e-002
 9.984000000000e-005,-4.02010e-002
 9.988000000000e-005,-8.04020e-002
 9.992000000000e-005,-4.02010e-002
 9.996000000000e-005,-8.04020e-002
 1.000000000000e-004,-4.02010e-002
 1.000400000000e-004,-4.02010e-002
 1.000800000000e-004,-4.02010e-002
 1.001200000000e-004,-4.02010e-002
 1.001600000000e-004,-4.02010e-002
 1.002000000000e-004,-4.02010e-002
 1.002400000000e-004,-4.02010e-002
 1.002800000000e-004,-4.02010e-002
 1.003200000000e-004,-4.02010e-002
 1.003600000000e-004,-4.02010e-002
 1.004000000000e-004,-4.02010e-002
 1.004400000000e-004,-4.02010e-002
 1.004800000000e-004,-4.02010e-002
 1.005200000000e-004,-4.02010e-002
 1.005600000000e-004,-4.02010e-002
 1.006000000000e-004,-4.02010e-002
 1.006400000000e-004,-4.02010e-002
 1.006800000000e-004,-4.02010e-002
 1.007200000000e-004,-4.02010e-002
 1.007600000000e-004,-8.04020e-002
 1.008000000000e-004,-4.02010e-002
 1.008400000000e-004,-4.02010e-002
 1.008800000000e-004,-8.04020e-002
 1.009200000000e-004,-4.02010e-002
 1.009600000000e-004,-4.02010e-002
 1.010000000000e-004,-4.02010e-002
 1.010400000000e-004,-4.02010e-002
 1.010800000000e-004,-4.02010e-002
 1.011200000000e-004,-4.02010e-002
 1.011600000000e-004,-4.02010e-002
 1.012000000000e-004,-8.04020e-002
 1.012400000000e-004,-4.02010e-002
 1.012800000000e-004,-4.02010e-002
 1.013200000000e-004,-4.02010e-002
 1.013600000000e-004,-4.02010e-002
 1.014000000000e-004,-4.02010e-002
 1.014400000000e-004,-4.02010e-002
 1.014800000000e-004,-4.02010e-002
 1.015200000000e-004,-4.02010e-002
 1.015600000000e-004,-4.02010e-002
 1.016000000000e-004,-4.02010e-002
 1.016400000000e-004,-8.04020e-002
 1.016800000000e-004,-4.02010e-002
 1.017200000000e-004,-4.02010e-002
 1.017600000000e-004,-4.02010e-002
 1.018000000000e-004,-4.02010e-002
 1.018400000000e-004,-4.02010e-002
 1.018800000000e-004,-8.04020e-002
 1.019200000000e-004,-8.04020e-002
 1.019600000000e-004,-4.02010e-002
 1.020000000000e-004,-8.04020e-002
 1.020400000000e-004,-8.04020e-002
 1.020800000000e-004,-4.02010e-002
 1.021200000000e-004,-4.02010e-002
 1.021600000000e-004,-4.02010e-002
 1.022000000000e-004,-8.04020e-002
 1.022400000000e-004,-4.02010e-002
 1.022800000000e-004,-4.02010e-002
 1.023200000000e-004,-4.02010e-002
 1.023600000000e-004,-4.02010e-002
 1.024000000000e-004,-4.02010e-002
 1.024400000000e-004,-8.04020e-002
 1.024800000000e-004,-8.04020e-002
 1.025200000000e-004,-8.04020e-002
 1.025600000000e-004,-8.04020e-002
 1.026000000000e-004,-4.02010e-002
 1.026400000000e-004,-4.02010e-002
 1.026800000000e-004,-8.04020e-002
 1.027200000000e-004,-4.02010e-002
 1.027600000000e-004,-4.02010e-002
 1.028000000000e-004,-4.02010e-002
 1.028400000000e-004,-4.02010e-002
 1.028800000000e-004,-4.02010e-002
 1.029200000000e-004,-4.02010e-002
 1.029600000000e-004,-4.02010e-002
 1.030000000000e-004,-4.02010e-002
 1.030400000000e-004,-4.02010e-002
 1.030800000000e-004,-4.02010e-002
 1.031200000000e-004,-4.02010e-002
 1.031600000000e-004,-4.02010e-002
 1.032000000000e-004,-4.02010e-002
 1.032400000000e-004,-4.02010e-002
 1.032800000000e-004,-4.02010e-002
 1.033200000000e-004,-8.04020e-002
 1.033600000000e-004,-4.02010e-002
 1.034000000000e-004,-4.02010e-002
 1.034400000000e-004,-4.02010e-002
 1.034800000000e-004,-4.02010e-002
 1.035200000000e-004,-4.02010e-002
 1.035600000000e-004,-4.02010e-002
 1.036000000000e-004,-4.02010e-002
 1.036400000000e-004,-4.02010e-002
 1.036800000000e-004,-4.02010e-002
 1.037200000000e-004,-4.02010e-002
 1.037600000000e-004,-4.02010e-002
 1.038000000000e-004,-4.02010e-002
 1.038400000000e-004,-4.02010e-002
 1.038800000000e-004,-4.02010e-002
 1.039200000000e-004,-4.02010e-002
 1.039600000000e-004,-4.02010e-002
 1.040000000000e-004,-4.02010e-002
 1.040400000000e-004,-4.02010e-002
 1.040800000000e-004,-4.02010e-002
 1.041200000000e-004,-4.02010e-002
 1.041600000000e-004,-8.04020e-002
 1.042000000000e-004,-4.02010e-002
 1.042400000000e-004,-4.02010e-002
 1.042800000000e-004,-4.02010e-002
 1.043200000000e-004,-4.02010e-002
 1.043600000000e-004,-4.02010e-002
 1.044000000000e-004,-4.02010e-002
 1.044400000000e-004,-4.02010e-002
 1.044800000000e-004,-4.02010e-002
 1.045200000000e-004,-4.02010e-002
 1.045600000000e-004,-4.02010e-002
 1.046000000000e-004,-4.02010e-002
 1.046400000000e-004,-4.02010e-002
 1.046800000000e-004,-4.02010e-002
 1.047200000000e-004,-4.02010e-002
 1.047600000000e-004, 0.00000e+000
 1.048000000000e-004,-4.02010e-002
 1.048400000000e-004,-4.02010e-002
 1.048800000000e-004,-4.02010e-002
 1.049200000000e-004,-4.02010e-002
 1.049600000000e-004,-4.02010e-002
 1.050000000000e-004,-4.02010e-002
 1.050400000000e-004,-4.02010e-002
 1.050800000000e-004,-4.02010e-002
 1.051200000000e-004,-4.02010e-002
 1.051600000000e-004,-4.02010e-002
 1.052000000000e-004,-4.02010e-002
 1.052400000000e-004,-4.02010e-002
 1.052800000000e-004,-4.02010e-002
 1.053200000000e-004,-4.02010e-002
 1.053600000000e-004,-4.02010e-002
 1.054000000000e-004,-4.02010e-002
 1.054400000000e-004,-4.02010e-002
 1.054800000000e-004,-4.02010e-002
 1.055200000000e-004,-4.02010e-002
 1.055600000000e-004,-4.02010e-002
 1.056000000000e-004,-4.02010e-002
 1.056400000000e-004,-4.02010e-002
 1.056800000000e-004,-4.02010e-002
 1.057200000000e-004,-4.02010e-002
 1.057600000000e-004,-4.02010e-002
 1.058000000000e-004,-4.02010e-002
 1.058400000000e-004,-4.02010e-002
 1.058800000000e-004,-4.02010e-002
 1.059200000000e-004,-4.02010e-002
 1.059600000000e-004,-4.02010e-002
 1.060000000000e-004,-4.02010e-002
 1.060400000000e-004,-4.02010e-002
 1.060800000000e-004,-4.02010e-002
 1.061200000000e-004,-4.02010e-002
 1.061600000000e-004,-4.02010e-002
 1.062000000000e-004,-4.02010e-002
 1.062400000000e-004,-4.02010e-002
 1.062800000000e-004,-4.02010e-002
 1.063200000000e-004,-4.02010e-002
 1.063600000000e-004,-4.02010e-002
 1.064000000000e-004,-4.02010e-002
 1.064400000000e-004,-4.02010e-002
 1.064800000000e-004,-4.02010e-002
 1.065200000000e-004,-4.02010e-002
 1.065600000000e-004,-4.02010e-002
 1.066000000000e-004,-4.02010e-002
 1.066400000000e-004,-8.04020e-002
 1.066800000000e-004,-8.04020e-002
 1.067200000000e-004,-4.02010e-002
 1.067600000000e-004,-4.02010e-002
 1.068000000000e-004,-4.02010e-002
 1.068400000000e-004,-4.02010e-002
 1.068800000000e-004,-4.02010e-002
 1.069200000000e-004,-4.02010e-002
 1.069600000000e-004,-4.02010e-002
 1.070000000000e-004,-4.02010e-002
 1.070400000000e-004,-4.02010e-002
 1.070800000000e-004,-4.02010e-002
 1.071200000000e-004,-4.02010e-002
 1.071600000000e-004,-4.02010e-002
 1.072000000000e-004,-8.04020e-002
 1.072400000000e-004,-8.04020e-002
 1.072800000000e-004,-4.02010e-002
 1.073200000000e-004,-4.02010e-002
 1.073600000000e-004,-4.02010e-002
 1.074000000000e-004,-8.04020e-002
 1.074400000000e-004,-4.02010e-002
 1.074800000000e-004,-4.02010e-002
 1.075200000000e-004,-4.02010e-002
 1.075600000000e-004,-4.02010e-002
 1.076000000000e-004,-4.02010e-002
 1.076400000000e-004,-4.02010e-002
 1.076800000000e-004,-8.04020e-002
 1.077200000000e-004,-4.02010e-002
 1.077600000000e-004,-4.02010e-002
 1.078000000000e-004,-4.02010e-002
 1.078400000000e-004,-4.02010e-002
 1.078800000000e-004,-8.04020e-002
 1.079200000000e-004,-4.02010e-002
 1.079600000000e-004,-4.02010e-002
 1.080000000000e-004,-4.02010e-002
 1.080400000000e-004,-4.02010e-002
 1.080800000000e-004,-4.02010e-002
 1.081200000000e-004,-4.02010e-002
 1.081600000000e-004,-4.02010e-002
 1.082000000000e-004,-4.02010e-002
 1.082400000000e-004,-4.02010e-002
 1.082800000000e-004,-4.02010e-002
 1.083200000000e-004,-4.02010e-002
 1.083600000000e-004,-4.02010e-002
 1.084000000000e-004,-4.02010e-002
 1.084400000000e-004,-4.02010e-002
 1.084800000000e-004,-4.02010e-002
 1.085200000000e-004,-4.02010e-002
 1.085600000000e-004,-4.02010e-002
 1.086000000000e-004,-4.02010e-002
 1.086400000000e-004,-4.02010e-002
 1.086800000000e-004,-4.02010e-002
 1.087200000000e-004,-4.02010e-002
 1.087600000000e-004,-4.02010e-002
 1.088000000000e-004,-4.02010e-002
 1.088400000000e-004,-4.02010e-002
 1.088800000000e-004,-4.02010e-002
 1.089200000000e-004,-4.02010e-002
 1.089600000000e-004,-4.02010e-002
 1.090000000000e-004,-4.02010e-002
 1.090400000000e-004,-4.02010e-002
 1.090800000000e-004,-4.02010e-002
 1.091200000000e-004,-4.02010e-002
 1.091600000000e-004,-4.02010e-002
 1.092000000000e-004,-4.02010e-002
 1.092400000000e-004,-4.02010e-002
 1.092800000000e-004,-4.02010e-002
 1.093200000000e-004, 0.00000e+000
 1.093600000000e-004,-4.02010e-002
 1.094000000000e-004,-4.02010e-002
 1.094400000000e-004,-4.02010e-002
 1.094800000000e-004,-4.02010e-002
 1.095200000000e-004,-4.02010e-002
 1.095600000000e-004,-4.02010e-002
 1.096000000000e-004,-8.04020e-002
 1.096400000000e-004,-4.02010e-002
 1.096800000000e-004,-4.02010e-002
 1.097200000000e-004,-4.02010e-002
 1.097600000000e-004,-4.02010e-002
 1.098000000000e-004,-4.02010e-002
 1.098400000000e-004,-4.02010e-002
 1.098800000000e-004,-4.02010e-002
 1.099200000000e-004,-4.02010e-002
 1.099600000000e-004,-4.02010e-002
 1.100000000000e-004,-4.02010e-002
 1.100400000000e-004,-4.02010e-002
 1.100800000000e-004,-4.02010e-002
 1.101200000000e-004,-4.02010e-002
 1.101600000000e-004,-4.02010e-002
 1.102000000000e-004,-4.02010e-002
 1.102400000000e-004,-4.02010e-002
 1.102800000000e-004,-4.02010e-002
 1.103200000000e-004,-4.02010e-002
 1.103600000000e-004,-4.02010e-002
 1.104000000000e-004,-4.02010e-002
 1.104400000000e-004,-4.02010e-002
 1.104800000000e-004,-4.02010e-002
 1.105200000000e-004,-4.02010e-002
 1.105600000000e-004,-4.02010e-002
 1.106000000000e-004,-4.02010e-002
 1.106400000000e-004,-4.02010e-002
 1.106800000000e-004,-4.02010e-002
 1.107200000000e-004,-4.02010e-002
 1.107600000000e-004,-4.02010e-002
 1.108000000000e-004,-4.02010e-002
 1.108400000000e-004,-4.02010e-002
 1.108800000000e-004,-4.02010e-002
 1.109200000000e-004,-4.02010e-002
 1.109600000000e-004,-4.02010e-002
 1.110000000000e-004,-4.02010e-002
 1.110400000000e-004,-4.02010e-002
 1.110800000000e-004,-4.02010e-002
 1.111200000000e-004,-4.02010e-002
 1.111600000000e-004,-4.02010e-002
 1.112000000000e-004,-4.02010e-002
 1.112400000000e-004,-4.02010e-002
 1.112800000000e-004,-4.02010e-002
 1.113200000000e-004,-8.04020e-002
 1.113600000000e-004,-4.02010e-002
 1.114000000000e-004,-4.02010e-002
 1.114400000000e-004,-4.02010e-002
 1.114800000000e-004,-4.02010e-002
 1.115200000000e-004,-4.02010e-002
 1.115600000000e-004,-4.02010e-002
 1.116000000000e-004,-4.02010e-002
 1.116400000000e-004,-4.02010e-002
 1.116800000000e-004,-4.02010e-002
 1.117200000000e-004,-4.02010e-002
 1.117600000000e-004,-4.02010e-002
 1.118000000000e-004,-4.02010e-002
 1.118400000000e-004,-4.02010e-002
 1.118800000000e-004,-4.02010e-002
 1.119200000000e-004,-4.02010e-002
 1.119600000000e-004,-8.04020e-002
 1.120000000000e-004,-4.02010e-002
 1.120400000000e-004,-4.02010e-002
 1.120800000000e-004,-4.02010e-002
 1.121200000000e-004,-4.02010e-002
 1.121600000000e-004,-8.04020e-002
 1.122000000000e-004,-8.04020e-002
 1.122400000000e-004,-8.04020e-002
 1.122800000000e-004,-4.02010e-002
 1.123200000000e-004,-4.02010e-002
 1.123600000000e-004,-4.02010e-002
 1.124000000000e-004,-4.02010e-002
 1.124400000000e-004,-4.02010e-002
 1.124800000000e-004,-4.02010e-002
 1.125200000000e-004,-4.02010e-002
 1.125600000000e-004,-4.02010e-002
 1.126000000000e-004,-4.02010e-002
 1.126400000000e-004,-4.02010e-002
 1.126800000000e-004,-4.02010e-002
 1.127200000000e-004,-4.02010e-002
 1.127600000000e-004,-4.02010e-002
 1.128000000000e-004,-4.02010e-002
 1.128400000000e-004,-4.02010e-002
 1.128800000000e-004,-4.02010e-002
 1.129200000000e-004,-8.04020e-002
 1.129600000000e-004,-4.02010e-002
 1.130000000000e-004,-4.02010e-002
 1.130400000000e-004,-4.02010e-002
 1.130800000000e-004,-4.02010e-002
 1.131200000000e-004,-4.02010e-002
 1.131600000000e-004,-4.02010e-002
 1.132000000000e-004,-4.02010e-002
 1.132400000000e-004,-4.02010e-002
 1.132800000000e-004,-4.02010e-002
 1.133200000000e-004,-4.02010e-002
 1.133600000000e-004,-4.02010e-002
 1.134000000000e-004,-4.02010e-002
 1.134400000000e-004,-4.02010e-002
 1.134800000000e-004,-4.02010e-002
 1.135200000000e-004,-4.02010e-002
 1.135600000000e-004,-4.02010e-002
 1.136000000000e-004,-4.02010e-002
 1.136400000000e-004,-4.02010e-002
 1.136800000000e-004,-4.02010e-002
 1.137200000000e-004,-4.02010e-002
 1.137600000000e-004,-4.02010e-002
 1.138000000000e-004, 0.00000e+000
 1.138400000000e-004,-4.02010e-002
 1.138800000000e-004,-4.02010e-002
 1.139200000000e-004,-4.02010e-002
 1.139600000000e-004,-4.02010e-002
 1.140000000000e-004,-4.02010e-002
 1.140400000000e-004,-4.02010e-002
 1.140800000000e-004,-4.02010e-002
 1.141200000000e-004,-4.02010e-002
 1.141600000000e-004,-4.02010e-002
 1.142000000000e-004,-4.02010e-002
 1.142400000000e-004,-4.02010e-002
 1.142800000000e-004,-4.02010e-002
 1.143200000000e-004,-4.02010e-002
 1.143600000000e-004,-4.02010e-002
 1.144000000000e-004,-4.02010e-002
 1.144400000000e-004,-4.02010e-002
 1.144800000000e-004,-4.02010e-002
 1.145200000000e-004,-4.02010e-002
 1.145600000000e-004,-4.02010e-002
 1.146000000000e-004,-4.02010e-002
 1.146400000000e-004,-4.02010e-002
 1.146800000000e-004,-4.02010e-002
 1.147200000000e-004,-4.02010e-002
 1.147600000000e-004,-4.02010e-002
 1.148000000000e-004,-4.02010e-002
 1.148400000000e-004,-4.02010e-002
 1.148800000000e-004,-4.02010e-002
 1.149200000000e-004,-4.02010e-002
 1.149600000000e-004,-4.02010e-002
 1.150000000000e-004,-4.02010e-002
 1.150400000000e-004,-4.02010e-002
 1.150800000000e-004,-4.02010e-002
 1.151200000000e-004,-4.02010e-002
 1.151600000000e-004,-4.02010e-002
 1.152000000000e-004,-4.02010e-002
 1.152400000000e-004,-4.02010e-002
 1.152800000000e-004,-4.02010e-002
 1.153200000000e-004,-4.02010e-002
 1.153600000000e-004,-4.02010e-002
 1.154000000000e-004,-4.02010e-002
 1.154400000000e-004,-4.02010e-002
 1.154800000000e-004,-4.02010e-002
 1.155200000000e-004,-4.02010e-002
 1.155600000000e-004,-4.02010e-002
 1.156000000000e-004,-4.02010e-002
 1.156400000000e-004,-4.02010e-002
 1.156800000000e-004,-4.02010e-002
 1.157200000000e-004,-4.02010e-002
 1.157600000000e-004,-4.02010e-002
 1.158000000000e-004,-4.02010e-002
 1.158400000000e-004,-4.02010e-002
 1.158800000000e-004,-4.02010e-002
 1.159200000000e-004,-4.02010e-002
 1.159600000000e-004,-4.02010e-002
 1.160000000000e-004,-8.04020e-002
 1.160400000000e-004,-4.02010e-002
 1.160800000000e-004,-8.04020e-002
 1.161200000000e-004,-8.04020e-002
 1.161600000000e-004,-4.02010e-002
 1.162000000000e-004,-4.02010e-002
 1.162400000000e-004,-4.02010e-002
 1.162800000000e-004,-4.02010e-002
 1.163200000000e-004,-4.02010e-002
 1.163600000000e-004,-4.02010e-002
 1.164000000000e-004,-4.02010e-002
 1.164400000000e-004,-4.02010e-002
 1.164800000000e-004,-4.02010e-002
 1.165200000000e-004,-4.02010e-002
 1.165600000000e-004,-4.02010e-002
 1.166000000000e-004,-4.02010e-002
 1.166400000000e-004,-4.02010e-002
 1.166800000000e-004,-4.02010e-002
 1.167200000000e-004,-4.02010e-002
 1.167600000000e-004,-4.02010e-002
 1.168000000000e-004,-4.02010e-002
 1.168400000000e-004,-4.02010e-002
 1.168800000000e-004,-8.04020e-002
 1.169200000000e-004,-4.02010e-002
 1.169600000000e-004,-4.02010e-002
 1.170000000000e-004,-4.02010e-002
 1.170400000000e-004,-4.02010e-002
 1.170800000000e-004,-4.02010e-002
 1.171200000000e-004,-4.02010e-002
 1.171600000000e-004,-4.02010e-002
 1.172000000000e-004,-4.02010e-002
 1.172400000000e-004,-4.02010e-002
 1.172800000000e-004,-4.02010e-002
 1.173200000000e-004,-4.02010e-002
 1.173600000000e-004,-4.02010e-002
 1.174000000000e-004,-4.02010e-002
 1.174400000000e-004,-4.02010e-002
 1.174800000000e-004,-4.02010e-002
 1.175200000000e-004,-4.02010e-002
 1.175600000000e-004,-4.02010e-002
 1.176000000000e-004,-4.02010e-002
 1.176400000000e-004,-4.02010e-002
 1.176800000000e-004,-4.02010e-002
 1.177200000000e-004,-4.02010e-002
 1.177600000000e-004,-4.02010e-002
 1.178000000000e-004,-8.04020e-002
 1.178400000000e-004,-4.02010e-002
 1.178800000000e-004,-4.02010e-002
 1.179200000000e-004,-4.02010e-002
 1.179600000000e-004,-4.02010e-002
 1.180000000000e-004,-4.02010e-002
 1.180400000000e-004,-4.02010e-002
 1.180800000000e-004,-4.02010e-002
 1.181200000000e-004,-4.02010e-002
 1.181600000000e-004,-4.02010e-002
 1.182000000000e-004,-8.04020e-002
 1.182400000000e-004,-4.02010e-002
 1.182800000000e-004,-4.02010e-002
 1.183200000000e-004,-4.02010e-002
 1.183600000000e-004,-4.02010e-002
 1.184000000000e-004,-4.02010e-002
 1.184400000000e-004,-4.02010e-002
 1.184800000000e-004,-4.02010e-002
 1.185200000000e-004,-4.02010e-002
 1.185600000000e-004,-4.02010e-002
 1.186000000000e-004,-4.02010e-002
 1.186400000000e-004,-4.02010e-002
 1.186800000000e-004,-4.02010e-002
 1.187200000000e-004,-4.02010e-002
 1.187600000000e-004,-4.02010e-002
 1.188000000000e-004,-4.02010e-002
 1.188400000000e-004,-4.02010e-002
 1.188800000000e-004,-8.04020e-002
 1.189200000000e-004,-4.02010e-002
 1.189600000000e-004,-4.02010e-002
 1.190000000000e-004,-4.02010e-002
 1.190400000000e-004,-4.02010e-002
 1.190800000000e-004,-4.02010e-002
 1.191200000000e-004,-4.02010e-002
 1.191600000000e-004,-4.02010e-002
 1.192000000000e-004,-4.02010e-002
 1.192400000000e-004,-4.02010e-002
 1.192800000000e-004,-4.02010e-002
 1.193200000000e-004,-4.02010e-002
 1.193600000000e-004,-4.02010e-002
 1.194000000000e-004,-8.04020e-002
 1.194400000000e-004,-8.04020e-002
 1.194800000000e-004,-4.02010e-002
 1.195200000000e-004,-4.02010e-002
 1.195600000000e-004,-4.02010e-002
 1.196000000000e-004,-4.02010e-002
 1.196400000000e-004,-4.02010e-002
 1.196800000000e-004,-4.02010e-002
 1.197200000000e-004,-4.02010e-002
 1.197600000000e-004,-4.02010e-002
 1.198000000000e-004,-4.02010e-002
 1.198400000000e-004,-8.04020e-002
 1.198800000000e-004,-4.02010e-002
 1.199200000000e-004,-4.02010e-002
 1.199600000000e-004,-4.02010e-002
 1.200000000000e-004,-4.02010e-002
 1.200400000000e-004,-4.02010e-002
 1.200800000000e-004,-4.02010e-002
 1.201200000000e-004,-4.02010e-002
 1.201600000000e-004,-4.02010e-002
 1.202000000000e-004,-8.04020e-002
 1.202400000000e-004,-4.02010e-002
 1.202800000000e-004,-4.02010e-002
 1.203200000000e-004,-4.02010e-002
 1.203600000000e-004,-4.02010e-002
 1.204000000000e-004,-4.02010e-002
 1.204400000000e-004,-4.02010e-002
 1.204800000000e-004,-4.02010e-002
 1.205200000000e-004,-4.02010e-002
 1.205600000000e-004,-4.02010e-002
 1.206000000000e-004,-4.02010e-002
 1.206400000000e-004,-4.02010e-002
 1.206800000000e-004,-4.02010e-002
 1.207200000000e-004,-4.02010e-002
 1.207600000000e-004,-8.04020e-002
 1.208000000000e-004,-4.02010e-002
 1.208400000000e-004,-4.02010e-002
 1.208800000000e-004,-4.02010e-002
 1.209200000000e-004,-4.02010e-002
 1.209600000000e-004,-4.02010e-002
 1.210000000000e-004,-4.02010e-002
 1.210400000000e-004,-4.02010e-002
 1.210800000000e-004,-4.02010e-002
 1.211200000000e-004,-8.04020e-002
 1.211600000000e-004,-4.02010e-002
 1.212000000000e-004,-8.04020e-002
 1.212400000000e-004,-8.04020e-002
 1.212800000000e-004,-4.02010e-002
 1.213200000000e-004,-4.02010e-002
 1.213600000000e-004,-4.02010e-002
 1.214000000000e-004,-4.02010e-002
 1.214400000000e-004,-4.02010e-002
 1.214800000000e-004,-4.02010e-002
 1.215200000000e-004,-4.02010e-002
 1.215600000000e-004,-8.04020e-002
 1.216000000000e-004,-8.04020e-002
 1.216400000000e-004,-4.02010e-002
 1.216800000000e-004,-4.02010e-002
 1.217200000000e-004,-4.02010e-002
 1.217600000000e-004,-4.02010e-002
 1.218000000000e-004,-4.02010e-002
 1.218400000000e-004,-4.02010e-002
 1.218800000000e-004,-4.02010e-002
 1.219200000000e-004,-4.02010e-002
 1.219600000000e-004,-8.04020e-002
 1.220000000000e-004,-4.02010e-002
 1.220400000000e-004,-4.02010e-002
 1.220800000000e-004,-4.02010e-002
 1.221200000000e-004,-4.02010e-002
 1.221600000000e-004,-4.02010e-002
 1.222000000000e-004,-4.02010e-002
 1.222400000000e-004,-4.02010e-002
 1.222800000000e-004,-4.02010e-002
 1.223200000000e-004,-4.02010e-002
 1.223600000000e-004,-4.02010e-002
 1.224000000000e-004,-4.02010e-002
 1.224400000000e-004,-8.04020e-002
 1.224800000000e-004,-4.02010e-002
 1.225200000000e-004,-4.02010e-002
 1.225600000000e-004,-4.02010e-002
 1.226000000000e-004,-4.02010e-002
 1.226400000000e-004,-4.02010e-002
 1.226800000000e-004,-4.02010e-002
 1.227200000000e-004,-4.02010e-002
 1.227600000000e-004,-4.02010e-002
 1.228000000000e-004,-8.04020e-002
 1.228400000000e-004,-4.02010e-002
 1.228800000000e-004,-4.02010e-002
 1.229200000000e-004,-4.02010e-002
 1.229600000000e-004,-4.02010e-002
 1.230000000000e-004,-4.02010e-002
 1.230400000000e-004,-4.02010e-002
 1.230800000000e-004,-4.02010e-002
 1.231200000000e-004,-4.02010e-002
 1.231600000000e-004,-4.02010e-002
 1.232000000000e-004,-4.02010e-002
 1.232400000000e-004,-4.02010e-002
 1.232800000000e-004,-4.02010e-002
 1.233200000000e-004,-4.02010e-002
 1.233600000000e-004,-8.04020e-002
 1.234000000000e-004,-4.02010e-002
 1.234400000000e-004,-4.02010e-002
 1.234800000000e-004,-4.02010e-002
 1.235200000000e-004,-4.02010e-002
 1.235600000000e-004,-4.02010e-002
 1.236000000000e-004,-4.02010e-002
 1.236400000000e-004,-4.02010e-002
 1.236800000000e-004,-4.02010e-002
 1.237200000000e-004,-8.04020e-002
 1.237600000000e-004,-4.02010e-002
 1.238000000000e-004,-8.04020e-002
 1.238400000000e-004,-4.02010e-002
 1.238800000000e-004,-4.02010e-002
 1.239200000000e-004,-4.02010e-002
 1.239600000000e-004,-4.02010e-002
 1.240000000000e-004,-4.02010e-002
 1.240400000000e-004,-4.02010e-002
 1.240800000000e-004,-4.02010e-002
 1.241200000000e-004,-4.02010e-002
 1.241600000000e-004,-4.02010e-002
 1.242000000000e-004,-4.02010e-002
 1.242400000000e-004,-4.02010e-002
 1.242800000000e-004,-8.04020e-002
 1.243200000000e-004,-8.04020e-002
 1.243600000000e-004,-4.02010e-002
 1.244000000000e-004,-4.02010e-002
 1.244400000000e-004,-4.02010e-002
 1.244800000000e-004,-4.02010e-002
 1.245200000000e-004,-4.02010e-002
 1.245600000000e-004,-4.02010e-002
 1.246000000000e-004,-4.02010e-002
 1.246400000000e-004,-4.02010e-002
 1.246800000000e-004,-4.02010e-002
 1.247200000000e-004,-4.02010e-002
 1.247600000000e-004,-8.04020e-002
 1.248000000000e-004,-4.02010e-002
 1.248400000000e-004,-4.02010e-002
 1.248800000000e-004,-4.02010e-002
 1.249200000000e-004,-4.02010e-002
 1.249600000000e-004,-8.04020e-002
 1.250000000000e-004,-8.04020e-002
 1.250400000000e-004,-4.02010e-002
 1.250800000000e-004,-4.02010e-002
 1.251200000000e-004,-4.02010e-002
 1.251600000000e-004,-4.02010e-002
 1.252000000000e-004,-4.02010e-002
 1.252400000000e-004,-4.02010e-002
 1.252800000000e-004,-4.02010e-002
 1.253200000000e-004,-4.02010e-002
 1.253600000000e-004,-4.02010e-002
 1.254000000000e-004,-4.02010e-002
 1.254400000000e-004,-4.02010e-002
 1.254800000000e-004,-4.02010e-002
 1.255200000000e-004,-4.02010e-002
 1.255600000000e-004,-4.02010e-002
 1.256000000000e-004,-4.02010e-002
 1.256400000000e-004,-4.02010e-002
 1.256800000000e-004,-4.02010e-002
 1.257200000000e-004,-4.02010e-002
 1.257600000000e-004,-4.02010e-002
 1.258000000000e-004,-4.02010e-002
 1.258400000000e-004,-4.02010e-002
 1.258800000000e-004,-4.02010e-002
 1.259200000000e-004,-4.02010e-002
 1.259600000000e-004,-4.02010e-002
 1.260000000000e-004,-8.04020e-002
 1.260400000000e-004,-4.02010e-002
 1.260800000000e-004,-4.02010e-002
 1.261200000000e-004,-4.02010e-002
 1.261600000000e-004,-4.02010e-002
 1.262000000000e-004,-4.02010e-002
 1.262400000000e-004,-4.02010e-002
 1.262800000000e-004,-4.02010e-002
 1.263200000000e-004,-4.02010e-002
 1.263600000000e-004,-8.04020e-002
 1.264000000000e-004,-4.02010e-002
 1.264400000000e-004,-4.02010e-002
 1.264800000000e-004,-4.02010e-002
 1.265200000000e-004,-4.02010e-002
 1.265600000000e-004,-4.02010e-002
 1.266000000000e-004,-4.02010e-002
 1.266400000000e-004,-4.02010e-002
 1.266800000000e-004,-4.02010e-002
 1.267200000000e-004,-4.02010e-002
 1.267600000000e-004,-4.02010e-002
 1.268000000000e-004,-4.02010e-002
 1.268400000000e-004,-4.02010e-002
 1.268800000000e-004,-8.04020e-002
 1.269200000000e-004,-8.04020e-002
 1.269600000000e-004,-4.02010e-002
 1.270000000000e-004,-4.02010e-002
 1.270400000000e-004,-4.02010e-002
 1.270800000000e-004,-4.02010e-002
 1.271200000000e-004,-4.02010e-002
 1.271600000000e-004,-4.02010e-002
 1.272000000000e-004,-4.02010e-002
 1.272400000000e-004,-4.02010e-002
 1.272800000000e-004,-4.02010e-002
 1.273200000000e-004,-4.02010e-002
 1.273600000000e-004,-8.04020e-002
 1.274000000000e-004,-8.04020e-002
 1.274400000000e-004,-4.02010e-002
 1.274800000000e-004,-4.02010e-002
 1.275200000000e-004,-4.02010e-002
 1.275600000000e-004,-4.02010e-002
 1.276000000000e-004,-4.02010e-002
 1.276400000000e-004,-4.02010e-002
 1.276800000000e-004,-4.02010e-002
 1.277200000000e-004,-4.02010e-002
 1.277600000000e-004,-4.02010e-002
 1.278000000000e-004,-4.02010e-002
 1.278400000000e-004,-8.04020e-002
 1.278800000000e-004,-4.02010e-002
 1.279200000000e-004,-4.02010e-002
 1.279600000000e-004,-4.02010e-002
 1.280000000000e-004,-4.02010e-002
 1.280400000000e-004,-4.02010e-002
 1.280800000000e-004,-4.02010e-002
 1.281200000000e-004,-8.04020e-002
 1.281600000000e-004,-4.02010e-002
 1.282000000000e-004,-4.02010e-002
 1.282400000000e-004,-4.02010e-002
 1.282800000000e-004,-4.02010e-002
 1.283200000000e-004,-4.02010e-002
 1.283600000000e-004,-4.02010e-002
 1.284000000000e-004,-4.02010e-002
 1.284400000000e-004,-4.02010e-002
 1.284800000000e-004,-4.02010e-002
 1.285200000000e-004,-4.02010e-002
 1.285600000000e-004,-4.02010e-002
 1.286000000000e-004,-4.02010e-002
 1.286400000000e-004,-4.02010e-002
 1.286800000000e-004,-8.04020e-002
 1.287200000000e-004,-4.02010e-002
 1.287600000000e-004,-4.02010e-002
 1.288000000000e-004,-4.02010e-002
 1.288400000000e-004,-4.02010e-002
 1.288800000000e-004,-4.02010e-002
 1.289200000000e-004,-4.02010e-002
 1.289600000000e-004,-4.02010e-002
 1.290000000000e-004,-4.02010e-002
 1.290400000000e-004,-4.02010e-002
 1.290800000000e-004,-4.02010e-002
 1.291200000000e-004,-4.02010e-002
 1.291600000000e-004,-8.04020e-002
 1.292000000000e-004,-4.02010e-002
 1.292400000000e-004,-4.02010e-002
 1.292800000000e-004,-4.02010e-002
 1.293200000000e-004,-4.02010e-002
 1.293600000000e-004,-4.02010e-002
 1.294000000000e-004,-8.04020e-002
 1.294400000000e-004,-4.02010e-002
 1.294800000000e-004,-4.02010e-002
 1.295200000000e-004,-4.02010e-002
 1.295600000000e-004,-4.02010e-002
 1.296000000000e-004,-4.02010e-002
 1.296400000000e-004,-4.02010e-002
 1.296800000000e-004,-4.02010e-002
 1.297200000000e-004,-4.02010e-002
 1.297600000000e-004,-4.02010e-002
 1.298000000000e-004,-4.02010e-002
 1.298400000000e-004,-4.02010e-002
 1.298800000000e-004,-4.02010e-002
 1.299200000000e-004,-8.04020e-002
 1.299600000000e-004,-4.02010e-002
 1.300000000000e-004,-4.02010e-002
 1.300400000000e-004,-4.02010e-002
 1.300800000000e-004,-4.02010e-002
 1.301200000000e-004,-4.02010e-002
 1.301600000000e-004,-4.02010e-002
 1.302000000000e-004,-4.02010e-002
 1.302400000000e-004,-4.02010e-002
 1.302800000000e-004,-4.02010e-002
 1.303200000000e-004,-4.02010e-002
 1.303600000000e-004,-4.02010e-002
 1.304000000000e-004,-4.02010e-002
 1.304400000000e-004,-4.02010e-002
 1.304800000000e-004,-8.04020e-002
 1.305200000000e-004,-4.02010e-002
 1.305600000000e-004,-4.02010e-002
 1.306000000000e-004,-4.02010e-002
 1.306400000000e-004,-4.02010e-002
 1.306800000000e-004,-4.02010e-002
 1.307200000000e-004,-4.02010e-002
 1.307600000000e-004,-4.02010e-002
 1.308000000000e-004,-4.02010e-002
 1.308400000000e-004,-4.02010e-002
 1.308800000000e-004,-4.02010e-002
 1.309200000000e-004,-4.02010e-002
 1.309600000000e-004,-4.02010e-002
 1.310000000000e-004,-4.02010e-002
 1.310400000000e-004,-4.02010e-002
 1.310800000000e-004,-4.02010e-002
 1.311200000000e-004,-4.02010e-002
 1.311600000000e-004,-4.02010e-002
 1.312000000000e-004,-4.02010e-002
 1.312400000000e-004,-4.02010e-002
 1.312800000000e-004,-4.02010e-002
 1.313200000000e-004,-4.02010e-002
 1.313600000000e-004,-4.02010e-002
 1.314000000000e-004,-4.02010e-002
 1.314400000000e-004,-4.02010e-002
 1.314800000000e-004,-4.02010e-002
 1.315200000000e-004,-4.02010e-002
 1.315600000000e-004,-4.02010e-002
 1.316000000000e-004,-4.02010e-002
 1.316400000000e-004,-4.02010e-002
 1.316800000000e-004,-4.02010e-002
 1.317200000000e-004,-4.02010e-002
 1.317600000000e-004,-4.02010e-002
 1.318000000000e-004,-8.04020e-002
 1.318400000000e-004,-4.02010e-002
 1.318800000000e-004,-4.02010e-002
 1.319200000000e-004,-4.02010e-002
 1.319600000000e-004,-4.02010e-002
 1.320000000000e-004,-4.02010e-002
 1.320400000000e-004,-4.02010e-002
 1.320800000000e-004,-4.02010e-002
 1.321200000000e-004,-4.02010e-002
 1.321600000000e-004,-4.02010e-002
 1.322000000000e-004,-4.02010e-002
 1.322400000000e-004,-4.02010e-002
 1.322800000000e-004,-4.02010e-002
 1.323200000000e-004,-4.02010e-002
 1.323600000000e-004,-4.02010e-002
 1.324000000000e-004,-4.02010e-002
 1.324400000000e-004,-4.02010e-002
 1.324800000000e-004,-8.04020e-002
 1.325200000000e-004,-4.02010e-002
 1.325600000000e-004,-4.02010e-002
 1.326000000000e-004,-4.02010e-002
 1.326400000000e-004,-4.02010e-002
 1.326800000000e-004,-4.02010e-002
 1.327200000000e-004,-4.02010e-002
 1.327600000000e-004,-4.02010e-002
 1.328000000000e-004,-4.02010e-002
 1.328400000000e-004,-4.02010e-002
 1.328800000000e-004,-4.02010e-002
 1.329200000000e-004,-8.04020e-002
 1.329600000000e-004,-8.04020e-002
 1.330000000000e-004,-4.02010e-002
 1.330400000000e-004,-4.02010e-002
 1.330800000000e-004,-4.02010e-002
 1.331200000000e-004,-4.02010e-002
 1.331600000000e-004,-4.02010e-002
 1.332000000000e-004,-4.02010e-002
 1.332400000000e-004,-4.02010e-002
 1.332800000000e-004,-4.02010e-002
 1.333200000000e-004,-4.02010e-002
 1.333600000000e-004,-4.02010e-002
 1.334000000000e-004,-4.02010e-002
 1.334400000000e-004,-4.02010e-002
 1.334800000000e-004,-4.02010e-002
 1.335200000000e-004,-4.02010e-002
 1.335600000000e-004,-4.02010e-002
 1.336000000000e-004,-4.02010e-002
 1.336400000000e-004,-4.02010e-002
 1.336800000000e-004,-4.02010e-002
 1.337200000000e-004,-4.02010e-002
 1.337600000000e-004,-4.02010e-002
 1.338000000000e-004,-4.02010e-002
 1.338400000000e-004,-4.02010e-002
 1.338800000000e-004,-4.02010e-002
 1.339200000000e-004,-4.02010e-002
 1.339600000000e-004,-4.02010e-002
 1.340000000000e-004,-4.02010e-002
 1.340400000000e-004,-8.04020e-002
 1.340800000000e-004,-4.02010e-002
 1.341200000000e-004,-4.02010e-002
 1.341600000000e-004,-4.02010e-002
 1.342000000000e-004,-8.04020e-002
 1.342400000000e-004,-4.02010e-002
 1.342800000000e-004,-8.04020e-002
 1.343200000000e-004,-4.02010e-002
 1.343600000000e-004,-4.02010e-002
 1.344000000000e-004,-8.04020e-002
 1.344400000000e-004,-8.04020e-002
 1.344800000000e-004,-4.02010e-002
 1.345200000000e-004,-8.04020e-002
 1.345600000000e-004,-4.02010e-002
 1.346000000000e-004,-4.02010e-002
 1.346400000000e-004,-4.02010e-002
 1.346800000000e-004,-4.02010e-002
 1.347200000000e-004,-8.04020e-002
 1.347600000000e-004,-4.02010e-002
 1.348000000000e-004,-4.02010e-002
 1.348400000000e-004,-4.02010e-002
 1.348800000000e-004,-4.02010e-002
 1.349200000000e-004,-4.02010e-002
 1.349600000000e-004,-4.02010e-002
 1.350000000000e-004,-4.02010e-002
 1.350400000000e-004,-8.04020e-002
 1.350800000000e-004,-8.04020e-002
 1.351200000000e-004,-4.02010e-002
 1.351600000000e-004,-4.02010e-002
 1.352000000000e-004,-4.02010e-002
 1.352400000000e-004,-4.02010e-002
 1.352800000000e-004,-4.02010e-002
 1.353200000000e-004,-4.02010e-002
 1.353600000000e-004,-8.04020e-002
 1.354000000000e-004,-4.02010e-002
 1.354400000000e-004,-4.02010e-002
 1.354800000000e-004,-4.02010e-002
 1.355200000000e-004,-4.02010e-002
 1.355600000000e-004,-4.02010e-002
 1.356000000000e-004,-4.02010e-002
 1.356400000000e-004,-4.02010e-002
 1.356800000000e-004,-4.02010e-002
 1.357200000000e-004,-4.02010e-002
 1.357600000000e-004,-4.02010e-002
 1.358000000000e-004,-4.02010e-002
 1.358400000000e-004,-4.02010e-002
 1.358800000000e-004,-4.02010e-002
 1.359200000000e-004,-4.02010e-002
 1.359600000000e-004,-4.02010e-002
 1.360000000000e-004,-8.04020e-002
 1.360400000000e-004,-4.02010e-002
 1.360800000000e-004,-4.02010e-002
 1.361200000000e-004,-4.02010e-002
 1.361600000000e-004,-4.02010e-002
 1.362000000000e-004,-8.04020e-002
 1.362400000000e-004,-4.02010e-002
 1.362800000000e-004,-4.02010e-002
 1.363200000000e-004,-4.02010e-002
 1.363600000000e-004,-4.02010e-002
 1.364000000000e-004,-4.02010e-002
 1.364400000000e-004,-4.02010e-002
 1.364800000000e-004,-4.02010e-002
 1.365200000000e-004,-4.02010e-002
 1.365600000000e-004,-4.02010e-002
 1.366000000000e-004,-4.02010e-002
 1.366400000000e-004,-4.02010e-002
 1.366800000000e-004,-8.04020e-002
 1.367200000000e-004,-4.02010e-002
 1.367600000000e-004,-4.02010e-002
 1.368000000000e-004,-4.02010e-002
 1.368400000000e-004,-8.04020e-002
 1.368800000000e-004,-4.02010e-002
 1.369200000000e-004,-4.02010e-002
 1.369600000000e-004,-4.02010e-002
 1.370000000000e-004,-4.02010e-002
 1.370400000000e-004,-4.02010e-002
 1.370800000000e-004,-4.02010e-002
 1.371200000000e-004,-4.02010e-002
 1.371600000000e-004,-4.02010e-002
 1.372000000000e-004,-4.02010e-002
 1.372400000000e-004,-4.02010e-002
 1.372800000000e-004,-4.02010e-002
 1.373200000000e-004,-4.02010e-002
 1.373600000000e-004,-4.02010e-002
 1.374000000000e-004,-4.02010e-002
 1.374400000000e-004,-4.02010e-002
 1.374800000000e-004,-4.02010e-002
 1.375200000000e-004,-4.02010e-002
 1.375600000000e-004,-4.02010e-002
 1.376000000000e-004,-4.02010e-002
 1.376400000000e-004,-4.02010e-002
 1.376800000000e-004,-4.02010e-002
 1.377200000000e-004,-4.02010e-002
 1.377600000000e-004,-4.02010e-002
 1.378000000000e-004,-4.02010e-002
 1.378400000000e-004,-4.02010e-002
 1.378800000000e-004,-4.02010e-002
 1.379200000000e-004,-4.02010e-002
 1.379600000000e-004,-4.02010e-002
 1.380000000000e-004,-4.02010e-002
 1.380400000000e-004,-4.02010e-002
 1.380800000000e-004,-4.02010e-002
 1.381200000000e-004,-4.02010e-002
 1.381600000000e-004,-4.02010e-002
 1.382000000000e-004,-4.02010e-002
 1.382400000000e-004,-4.02010e-002
 1.382800000000e-004,-8.04020e-002
 1.383200000000e-004,-4.02010e-002
 1.383600000000e-004,-4.02010e-002
 1.384000000000e-004,-4.02010e-002
 1.384400000000e-004,-4.02010e-002
 1.384800000000e-004,-4.02010e-002
 1.385200000000e-004,-4.02010e-002
 1.385600000000e-004,-4.02010e-002
 1.386000000000e-004,-4.02010e-002
 1.386400000000e-004,-4.02010e-002
 1.386800000000e-004,-4.02010e-002
 1.387200000000e-004,-4.02010e-002
 1.387600000000e-004,-4.02010e-002
 1.388000000000e-004,-4.02010e-002
 1.388400000000e-004,-4.02010e-002
 1.388800000000e-004,-4.02010e-002
 1.389200000000e-004,-4.02010e-002
 1.389600000000e-004,-4.02010e-002
 1.390000000000e-004,-4.02010e-002
 1.390400000000e-004,-4.02010e-002
 1.390800000000e-004,-8.04020e-002
 1.391200000000e-004,-4.02010e-002
 1.391600000000e-004,-4.02010e-002
 1.392000000000e-004,-4.02010e-002
 1.392400000000e-004,-4.02010e-002
 1.392800000000e-004,-4.02010e-002
 1.393200000000e-004,-4.02010e-002
 1.393600000000e-004,-4.02010e-002
 1.394000000000e-004,-4.02010e-002
 1.394400000000e-004,-4.02010e-002
 1.394800000000e-004,-8.04020e-002
 1.395200000000e-004,-4.02010e-002
 1.395600000000e-004,-4.02010e-002
 1.396000000000e-004,-4.02010e-002
 1.396400000000e-004,-4.02010e-002
 1.396800000000e-004,-4.02010e-002
 1.397200000000e-004,-4.02010e-002
 1.397600000000e-004,-4.02010e-002
 1.398000000000e-004,-4.02010e-002
 1.398400000000e-004,-4.02010e-002
 1.398800000000e-004,-4.02010e-002
 1.399200000000e-004,-4.02010e-002
 1.399600000000e-004,-8.04020e-002
 1.400000000000e-004,-4.02010e-002
 1.400400000000e-004,-4.02010e-002
 1.400800000000e-004,-4.02010e-002
 1.401200000000e-004,-4.02010e-002
 1.401600000000e-004,-4.02010e-002
 1.402000000000e-004,-4.02010e-002
 1.402400000000e-004,-4.02010e-002
 1.402800000000e-004,-4.02010e-002
 1.403200000000e-004,-4.02010e-002
 1.403600000000e-004,-4.02010e-002
 1.404000000000e-004,-4.02010e-002
 1.404400000000e-004,-4.02010e-002
 1.404800000000e-004,-4.02010e-002
 1.405200000000e-004,-4.02010e-002
 1.405600000000e-004,-4.02010e-002
 1.406000000000e-004,-4.02010e-002
 1.406400000000e-004,-4.02010e-002
 1.406800000000e-004,-4.02010e-002
 1.407200000000e-004,-4.02010e-002
 1.407600000000e-004,-4.02010e-002
 1.408000000000e-004,-4.02010e-002
 1.408400000000e-004,-8.04020e-002
 1.408800000000e-004,-8.04020e-002
 1.409200000000e-004,-4.02010e-002
 1.409600000000e-004,-4.02010e-002
 1.410000000000e-004,-4.02010e-002
 1.410400000000e-004,-8.04020e-002
 1.410800000000e-004,-4.02010e-002
 1.411200000000e-004,-4.02010e-002
 1.411600000000e-004,-4.02010e-002
 1.412000000000e-004,-8.04020e-002
 1.412400000000e-004,-4.02010e-002
 1.412800000000e-004,-8.04020e-002
 1.413200000000e-004,-4.02010e-002
 1.413600000000e-004,-4.02010e-002
 1.414000000000e-004,-4.02010e-002
 1.414400000000e-004,-4.02010e-002
 1.414800000000e-004,-4.02010e-002
 1.415200000000e-004,-4.02010e-002
 1.415600000000e-004,-4.02010e-002
 1.416000000000e-004,-4.02010e-002
 1.416400000000e-004,-4.02010e-002
 1.416800000000e-004,-4.02010e-002
 1.417200000000e-004,-8.04020e-002
 1.417600000000e-004,-8.04020e-002
 1.418000000000e-004,-4.02010e-002
 1.418400000000e-004,-4.02010e-002
 1.418800000000e-004,-4.02010e-002
 1.419200000000e-004,-8.04020e-002
 1.419600000000e-004,-4.02010e-002
 1.420000000000e-004,-4.02010e-002
 1.420400000000e-004,-4.02010e-002
 1.420800000000e-004,-4.02010e-002
 1.421200000000e-004,-4.02010e-002
 1.421600000000e-004,-8.04020e-002
 1.422000000000e-004,-4.02010e-002
 1.422400000000e-004,-4.02010e-002
 1.422800000000e-004,-4.02010e-002
 1.423200000000e-004,-4.02010e-002
 1.423600000000e-004,-4.02010e-002
 1.424000000000e-004,-4.02010e-002
 1.424400000000e-004,-4.02010e-002
 1.424800000000e-004,-8.04020e-002
 1.425200000000e-004,-4.02010e-002
 1.425600000000e-004,-4.02010e-002
 1.426000000000e-004,-4.02010e-002
 1.426400000000e-004,-4.02010e-002
 1.426800000000e-004,-4.02010e-002
 1.427200000000e-004,-4.02010e-002
 1.427600000000e-004,-4.02010e-002
 1.428000000000e-004,-4.02010e-002
 1.428400000000e-004,-4.02010e-002
 1.428800000000e-004,-4.02010e-002
 1.429200000000e-004,-4.02010e-002
 1.429600000000e-004,-4.02010e-002
 1.430000000000e-004,-4.02010e-002
 1.430400000000e-004,-4.02010e-002
 1.430800000000e-004,-8.04020e-002
 1.431200000000e-004,-4.02010e-002
 1.431600000000e-004,-4.02010e-002
 1.432000000000e-004,-8.04020e-002
 1.432400000000e-004,-4.02010e-002
 1.432800000000e-004,-4.02010e-002
 1.433200000000e-004,-4.02010e-002
 1.433600000000e-004,-8.04020e-002
 1.434000000000e-004,-4.02010e-002
 1.434400000000e-004,-4.02010e-002
 1.434800000000e-004,-4.02010e-002
 1.435200000000e-004,-4.02010e-002
 1.435600000000e-004,-4.02010e-002
 1.436000000000e-004,-4.02010e-002
 1.436400000000e-004,-4.02010e-002
 1.436800000000e-004,-4.02010e-002
 1.437200000000e-004,-8.04020e-002
 1.437600000000e-004,-4.02010e-002
 1.438000000000e-004,-4.02010e-002
 1.438400000000e-004,-4.02010e-002
 1.438800000000e-004,-4.02010e-002
 1.439200000000e-004,-4.02010e-002
 1.439600000000e-004,-4.02010e-002
 1.440000000000e-004,-4.02010e-002
 1.440400000000e-004,-4.02010e-002
 1.440800000000e-004,-4.02010e-002
 1.441200000000e-004,-4.02010e-002
 1.441600000000e-004,-4.02010e-002
 1.442000000000e-004,-4.02010e-002
 1.442400000000e-004,-4.02010e-002
 1.442800000000e-004,-4.02010e-002
 1.443200000000e-004,-4.02010e-002
 1.443600000000e-004,-4.02010e-002
 1.444000000000e-004,-4.02010e-002
 1.444400000000e-004,-4.02010e-002
 1.444800000000e-004,-4.02010e-002
 1.445200000000e-004,-4.02010e-002
 1.445600000000e-004,-4.02010e-002
 1.446000000000e-004,-4.02010e-002
 1.446400000000e-004,-8.04020e-002
 1.446800000000e-004,-8.04020e-002
 1.447200000000e-004,-4.02010e-002
 1.447600000000e-004,-4.02010e-002
 1.448000000000e-004,-4.02010e-002
 1.448400000000e-004,-4.02010e-002
 1.448800000000e-004,-4.02010e-002
 1.449200000000e-004,-8.04020e-002
 1.449600000000e-004,-4.02010e-002
 1.450000000000e-004,-4.02010e-002
 1.450400000000e-004,-8.04020e-002
 1.450800000000e-004,-8.04020e-002
 1.451200000000e-004,-8.04020e-002
 1.451600000000e-004,-4.02010e-002
 1.452000000000e-004,-4.02010e-002
 1.452400000000e-004,-4.02010e-002
 1.452800000000e-004,-4.02010e-002
 1.453200000000e-004,-4.02010e-002
 1.453600000000e-004,-4.02010e-002
 1.454000000000e-004,-4.02010e-002
 1.454400000000e-004,-4.02010e-002
 1.454800000000e-004,-4.02010e-002
 1.455200000000e-004,-4.02010e-002
 1.455600000000e-004,-4.02010e-002
 1.456000000000e-004,-4.02010e-002
 1.456400000000e-004,-4.02010e-002
 1.456800000000e-004,-4.02010e-002
 1.457200000000e-004,-4.02010e-002
 1.457600000000e-004,-4.02010e-002
 1.458000000000e-004,-4.02010e-002
 1.458400000000e-004,-4.02010e-002
 1.458800000000e-004,-4.02010e-002
 1.459200000000e-004,-4.02010e-002
 1.459600000000e-004,-4.02010e-002
 1.460000000000e-004,-4.02010e-002
 1.460400000000e-004,-4.02010e-002
 1.460800000000e-004,-4.02010e-002
 1.461200000000e-004,-4.02010e-002
 1.461600000000e-004,-4.02010e-002
 1.462000000000e-004,-4.02010e-002
 1.462400000000e-004,-4.02010e-002
 1.462800000000e-004,-4.02010e-002
 1.463200000000e-004,-4.02010e-002
 1.463600000000e-004,-4.02010e-002
 1.464000000000e-004,-4.02010e-002
 1.464400000000e-004,-4.02010e-002
 1.464800000000e-004,-4.02010e-002
 1.465200000000e-004,-4.02010e-002
 1.465600000000e-004,-4.02010e-002
 1.466000000000e-004,-4.02010e-002
 1.466400000000e-004,-8.04020e-002
 1.466800000000e-004,-4.02010e-002
 1.467200000000e-004,-4.02010e-002
 1.467600000000e-004,-4.02010e-002
 1.468000000000e-004,-4.02010e-002
 1.468400000000e-004,-4.02010e-002
 1.468800000000e-004,-4.02010e-002
 1.469200000000e-004,-4.02010e-002
 1.469600000000e-004,-4.02010e-002
 1.470000000000e-004,-4.02010e-002
 1.470400000000e-004,-4.02010e-002
 1.470800000000e-004,-4.02010e-002
 1.471200000000e-004,-4.02010e-002
 1.471600000000e-004,-4.02010e-002
 1.472000000000e-004,-4.02010e-002
 1.472400000000e-004,-4.02010e-002
 1.472800000000e-004,-4.02010e-002
 1.473200000000e-004,-4.02010e-002
 1.473600000000e-004,-4.02010e-002
 1.474000000000e-004,-4.02010e-002
 1.474400000000e-004,-4.02010e-002
 1.474800000000e-004,-4.02010e-002
 1.475200000000e-004,-4.02010e-002
 1.475600000000e-004,-4.02010e-002
 1.476000000000e-004,-4.02010e-002
 1.476400000000e-004,-4.02010e-002
 1.476800000000e-004,-4.02010e-002
 1.477200000000e-004,-8.04020e-002
 1.477600000000e-004,-8.04020e-002
 1.478000000000e-004,-4.02010e-002
 1.478400000000e-004,-4.02010e-002
 1.478800000000e-004,-4.02010e-002
 1.479200000000e-004,-4.02010e-002
 1.479600000000e-004,-4.02010e-002
 1.480000000000e-004,-4.02010e-002
 1.480400000000e-004,-4.02010e-002
 1.480800000000e-004,-4.02010e-002
 1.481200000000e-004,-4.02010e-002
 1.481600000000e-004,-4.02010e-002
 1.482000000000e-004,-4.02010e-002
 1.482400000000e-004,-4.02010e-002
 1.482800000000e-004,-4.02010e-002
 1.483200000000e-004,-4.02010e-002
 1.483600000000e-004,-8.04020e-002
 1.484000000000e-004,-4.02010e-002
 1.484400000000e-004,-4.02010e-002
 1.484800000000e-004,-4.02010e-002
 1.485200000000e-004,-4.02010e-002
 1.485600000000e-004,-4.02010e-002
 1.486000000000e-004,-4.02010e-002
 1.486400000000e-004,-4.02010e-002
 1.486800000000e-004,-8.04020e-002
 1.487200000000e-004,-4.02010e-002
 1.487600000000e-004,-8.04020e-002
 1.488000000000e-004,-4.02010e-002
 1.488400000000e-004,-4.02010e-002
 1.488800000000e-004,-4.02010e-002
 1.489200000000e-004,-4.02010e-002
 1.489600000000e-004,-4.02010e-002
 1.490000000000e-004,-4.02010e-002
 1.490400000000e-004,-4.02010e-002
 1.490800000000e-004,-4.02010e-002
 1.491200000000e-004,-4.02010e-002
 1.491600000000e-004,-4.02010e-002
 1.492000000000e-004,-4.02010e-002
 1.492400000000e-004,-4.02010e-002
 1.492800000000e-004,-4.02010e-002
 1.493200000000e-004,-4.02010e-002
 1.493600000000e-004,-8.04020e-002
 1.494000000000e-004,-4.02010e-002
 1.494400000000e-004,-4.02010e-002
 1.494800000000e-004,-8.04020e-002
 1.495200000000e-004,-4.02010e-002
 1.495600000000e-004,-8.04020e-002
 1.496000000000e-004,-8.04020e-002
 1.496400000000e-004,-4.02010e-002
 1.496800000000e-004,-4.02010e-002
 1.497200000000e-004,-4.02010e-002
 1.497600000000e-004,-4.02010e-002
 1.498000000000e-004,-8.04020e-002
 1.498400000000e-004,-4.02010e-002
 1.498800000000e-004,-4.02010e-002
 1.499200000000e-004,-8.04020e-002
 1.499600000000e-004,-4.02010e-002
 1.500000000000e-004,-8.04020e-002
 1.500400000000e-004,-4.02010e-002
 1.500800000000e-004,-4.02010e-002
 1.501200000000e-004,-4.02010e-002
 1.501600000000e-004,-4.02010e-002
 1.502000000000e-004,-4.02010e-002
 1.502400000000e-004,-4.02010e-002
 1.502800000000e-004,-4.02010e-002
 1.503200000000e-004,-4.02010e-002
 1.503600000000e-004,-4.02010e-002
 1.504000000000e-004,-4.02010e-002
 1.504400000000e-004,-4.02010e-002
 1.504800000000e-004,-4.02010e-002
 1.505200000000e-004,-4.02010e-002
 1.505600000000e-004,-4.02010e-002
 1.506000000000e-004,-8.04020e-002
 1.506400000000e-004,-4.02010e-002
 1.506800000000e-004,-4.02010e-002
 1.507200000000e-004,-4.02010e-002
 1.507600000000e-004,-4.02010e-002
 1.508000000000e-004,-4.02010e-002
 1.508400000000e-004,-4.02010e-002
 1.508800000000e-004,-4.02010e-002
 1.509200000000e-004,-4.02010e-002
 1.509600000000e-004,-4.02010e-002
 1.510000000000e-004,-4.02010e-002
 1.510400000000e-004,-4.02010e-002
 1.510800000000e-004,-4.02010e-002
 1.511200000000e-004,-4.02010e-002
 1.511600000000e-004,-4.02010e-002
 1.512000000000e-004,-4.02010e-002
 1.512400000000e-004,-4.02010e-002
 1.512800000000e-004,-4.02010e-002
 1.513200000000e-004,-4.02010e-002
 1.513600000000e-004,-4.02010e-002
 1.514000000000e-004,-4.02010e-002
 1.514400000000e-004,-4.02010e-002
 1.514800000000e-004,-4.02010e-002
 1.515200000000e-004,-4.02010e-002
 1.515600000000e-004,-4.02010e-002
 1.516000000000e-004,-4.02010e-002
 1.516400000000e-004,-8.04020e-002
 1.516800000000e-004,-4.02010e-002
 1.517200000000e-004,-4.02010e-002
 1.517600000000e-004,-4.02010e-002
 1.518000000000e-004,-4.02010e-002
 1.518400000000e-004,-4.02010e-002
 1.518800000000e-004,-4.02010e-002
 1.519200000000e-004,-4.02010e-002
 1.519600000000e-004,-4.02010e-002
 1.520000000000e-004,-4.02010e-002
 1.520400000000e-004, 0.00000e+000
 1.520800000000e-004,-4.02010e-002
 1.521200000000e-004,-4.02010e-002
 1.521600000000e-004,-4.02010e-002
 1.522000000000e-004,-4.02010e-002
 1.522400000000e-004,-4.02010e-002
 1.522800000000e-004,-4.02010e-002
 1.523200000000e-004,-4.02010e-002
 1.523600000000e-004,-4.02010e-002
 1.524000000000e-004,-4.02010e-002
 1.524400000000e-004,-8.04020e-002
 1.524800000000e-004,-4.02010e-002
 1.525200000000e-004,-4.02010e-002
 1.525600000000e-004,-4.02010e-002
 1.526000000000e-004,-4.02010e-002
 1.526400000000e-004,-4.02010e-002
 1.526800000000e-004,-4.02010e-002
 1.527200000000e-004,-4.02010e-002
 1.527600000000e-004,-4.02010e-002
 1.528000000000e-004,-4.02010e-002
 1.528400000000e-004,-4.02010e-002
 1.528800000000e-004,-4.02010e-002
 1.529200000000e-004,-4.02010e-002
 1.529600000000e-004,-8.04020e-002
 1.530000000000e-004,-4.02010e-002
 1.530400000000e-004,-4.02010e-002
 1.530800000000e-004,-4.02010e-002
 1.531200000000e-004,-4.02010e-002
 1.531600000000e-004,-4.02010e-002
 1.532000000000e-004,-4.02010e-002
 1.532400000000e-004,-4.02010e-002
 1.532800000000e-004,-4.02010e-002
 1.533200000000e-004,-4.02010e-002
 1.533600000000e-004,-4.02010e-002
 1.534000000000e-004,-4.02010e-002
 1.534400000000e-004,-4.02010e-002
 1.534800000000e-004,-4.02010e-002
 1.535200000000e-004,-4.02010e-002
 1.535600000000e-004,-4.02010e-002
 1.536000000000e-004,-4.02010e-002
 1.536400000000e-004,-4.02010e-002
 1.536800000000e-004,-4.02010e-002
 1.537200000000e-004,-4.02010e-002
 1.537600000000e-004,-8.04020e-002
 1.538000000000e-004,-4.02010e-002
 1.538400000000e-004,-4.02010e-002
 1.538800000000e-004,-4.02010e-002
 1.539200000000e-004,-4.02010e-002
 1.539600000000e-004,-8.04020e-002
 1.540000000000e-004,-4.02010e-002
 1.540400000000e-004,-4.02010e-002
 1.540800000000e-004,-4.02010e-002
 1.541200000000e-004,-4.02010e-002
 1.541600000000e-004,-4.02010e-002
 1.542000000000e-004,-4.02010e-002
 1.542400000000e-004,-8.04020e-002
 1.542800000000e-004,-4.02010e-002
 1.543200000000e-004,-4.02010e-002
 1.543600000000e-004,-4.02010e-002
 1.544000000000e-004,-4.02010e-002
 1.544400000000e-004,-4.02010e-002
 1.544800000000e-004,-4.02010e-002
 1.545200000000e-004,-8.04020e-002
 1.545600000000e-004,-4.02010e-002
 1.546000000000e-004,-4.02010e-002
 1.546400000000e-004,-4.02010e-002
 1.546800000000e-004,-4.02010e-002
 1.547200000000e-004,-4.02010e-002
 1.547600000000e-004,-4.02010e-002
 1.548000000000e-004,-4.02010e-002
 1.548400000000e-004,-8.04020e-002
 1.548800000000e-004,-4.02010e-002
 1.549200000000e-004,-4.02010e-002
 1.549600000000e-004,-4.02010e-002
 1.550000000000e-004,-4.02010e-002
 1.550400000000e-004,-4.02010e-002
 1.550800000000e-004,-4.02010e-002
 1.551200000000e-004,-4.02010e-002
 1.551600000000e-004,-4.02010e-002
 1.552000000000e-004,-4.02010e-002
 1.552400000000e-004,-4.02010e-002
 1.552800000000e-004,-8.04020e-002
 1.553200000000e-004,-8.04020e-002
 1.553600000000e-004,-4.02010e-002
 1.554000000000e-004,-8.04020e-002
 1.554400000000e-004,-4.02010e-002
 1.554800000000e-004,-4.02010e-002
 1.555200000000e-004,-4.02010e-002
 1.555600000000e-004,-4.02010e-002
 1.556000000000e-004,-8.04020e-002
 1.556400000000e-004,-4.02010e-002
 1.556800000000e-004,-8.04020e-002
 1.557200000000e-004,-4.02010e-002
 1.557600000000e-004,-4.02010e-002
 1.558000000000e-004,-4.02010e-002
 1.558400000000e-004,-4.02010e-002
 1.558800000000e-004,-8.04020e-002
 1.559200000000e-004,-4.02010e-002
 1.559600000000e-004,-4.02010e-002
 1.560000000000e-004,-8.04020e-002
 1.560400000000e-004,-4.02010e-002
 1.560800000000e-004,-4.02010e-002
 1.561200000000e-004,-4.02010e-002
 1.561600000000e-004,-4.02010e-002
 1.562000000000e-004,-4.02010e-002
 1.562400000000e-004,-4.02010e-002
 1.562800000000e-004,-4.02010e-002
 1.563200000000e-004,-4.02010e-002
 1.563600000000e-004,-8.04020e-002
 1.564000000000e-004,-4.02010e-002
 1.564400000000e-004,-4.02010e-002
 1.564800000000e-004,-8.04020e-002
 1.565200000000e-004,-4.02010e-002
 1.565600000000e-004,-4.02010e-002
 1.566000000000e-004,-4.02010e-002
 1.566400000000e-004,-8.04020e-002
 1.566800000000e-004,-4.02010e-002
 1.567200000000e-004,-4.02010e-002
 1.567600000000e-004,-4.02010e-002
 1.568000000000e-004,-8.04020e-002
 1.568400000000e-004,-4.02010e-002
 1.568800000000e-004, 0.00000e+000
 1.569200000000e-004,-4.02010e-002
 1.569600000000e-004,-4.02010e-002
 1.570000000000e-004,-8.04020e-002
 1.570400000000e-004,-4.02010e-002
 1.570800000000e-004,-4.02010e-002
 1.571200000000e-004,-8.04020e-002
 1.571600000000e-004,-4.02010e-002
 1.572000000000e-004,-8.04020e-002
 1.572400000000e-004,-4.02010e-002
 1.572800000000e-004,-4.02010e-002
 1.573200000000e-004,-4.02010e-002
 1.573600000000e-004,-4.02010e-002
 1.574000000000e-004,-4.02010e-002
 1.574400000000e-004,-4.02010e-002
 1.574800000000e-004,-4.02010e-002
 1.575200000000e-004,-4.02010e-002
 1.575600000000e-004,-4.02010e-002
 1.576000000000e-004,-4.02010e-002
 1.576400000000e-004,-4.02010e-002
 1.576800000000e-004,-4.02010e-002
 1.577200000000e-004,-4.02010e-002
 1.577600000000e-004,-4.02010e-002
 1.578000000000e-004,-4.02010e-002
 1.578400000000e-004,-4.02010e-002
 1.578800000000e-004,-4.02010e-002
 1.579200000000e-004,-4.02010e-002
 1.579600000000e-004,-4.02010e-002
 1.580000000000e-004,-4.02010e-002
 1.580400000000e-004,-4.02010e-002
 1.580800000000e-004,-4.02010e-002
 1.581200000000e-004,-4.02010e-002
 1.581600000000e-004,-4.02010e-002
 1.582000000000e-004,-4.02010e-002
 1.582400000000e-004,-4.02010e-002
 1.582800000000e-004,-4.02010e-002
 1.583200000000e-004,-4.02010e-002
 1.583600000000e-004,-4.02010e-002
 1.584000000000e-004,-4.02010e-002
 1.584400000000e-004,-4.02010e-002
 1.584800000000e-004,-4.02010e-002
 1.585200000000e-004,-4.02010e-002
 1.585600000000e-004,-4.02010e-002
 1.586000000000e-004,-4.02010e-002
 1.586400000000e-004,-8.04020e-002
 1.586800000000e-004,-4.02010e-002
 1.587200000000e-004,-4.02010e-002
 1.587600000000e-004,-4.02010e-002
 1.588000000000e-004,-4.02010e-002
 1.588400000000e-004,-4.02010e-002
 1.588800000000e-004,-8.04020e-002
 1.589200000000e-004,-4.02010e-002
 1.589600000000e-004,-4.02010e-002
 1.590000000000e-004,-4.02010e-002
 1.590400000000e-004,-4.02010e-002
 1.590800000000e-004,-4.02010e-002
 1.591200000000e-004,-4.02010e-002
 1.591600000000e-004,-4.02010e-002
 1.592000000000e-004,-4.02010e-002
 1.592400000000e-004,-4.02010e-002
 1.592800000000e-004,-4.02010e-002
 1.593200000000e-004,-4.02010e-002
 1.593600000000e-004,-4.02010e-002
 1.594000000000e-004,-4.02010e-002
 1.594400000000e-004,-4.02010e-002
 1.594800000000e-004,-4.02010e-002
 1.595200000000e-004,-4.02010e-002
 1.595600000000e-004,-4.02010e-002
 1.596000000000e-004,-4.02010e-002
 1.596400000000e-004,-4.02010e-002
 1.596800000000e-004,-8.04020e-002
 1.597200000000e-004,-4.02010e-002
 1.597600000000e-004,-4.02010e-002
 1.598000000000e-004,-4.02010e-002
 1.598400000000e-004,-4.02010e-002
 1.598800000000e-004,-4.02010e-002
 1.599200000000e-004,-8.04020e-002
 1.599600000000e-004,-4.02010e-002
 1.600000000000e-004,-4.02010e-002
 1.600400000000e-004,-4.02010e-002
 1.600800000000e-004,-4.02010e-002
 1.601200000000e-004,-4.02010e-002
 1.601600000000e-004,-4.02010e-002
 1.602000000000e-004,-4.02010e-002
 1.602400000000e-004,-4.02010e-002
 1.602800000000e-004,-4.02010e-002
 1.603200000000e-004,-4.02010e-002
 1.603600000000e-004,-4.02010e-002
 1.604000000000e-004,-4.02010e-002
 1.604400000000e-004,-4.02010e-002
 1.604800000000e-004,-4.02010e-002
 1.605200000000e-004,-4.02010e-002
 1.605600000000e-004,-4.02010e-002
 1.606000000000e-004,-4.02010e-002
 1.606400000000e-004,-4.02010e-002
 1.606800000000e-004,-4.02010e-002
 1.607200000000e-004,-4.02010e-002
 1.607600000000e-004,-4.02010e-002
 1.608000000000e-004,-8.04020e-002
 1.608400000000e-004,-4.02010e-002
 1.608800000000e-004,-4.02010e-002
 1.609200000000e-004,-4.02010e-002
 1.609600000000e-004,-4.02010e-002
 1.610000000000e-004,-8.04020e-002
 1.610400000000e-004,-4.02010e-002
 1.610800000000e-004,-4.02010e-002
 1.611200000000e-004,-4.02010e-002
 1.611600000000e-004,-4.02010e-002
 1.612000000000e-004,-4.02010e-002
 1.612400000000e-004,-4.02010e-002
 1.612800000000e-004,-4.02010e-002
 1.613200000000e-004,-4.02010e-002
 1.613600000000e-004,-4.02010e-002
 1.614000000000e-004,-4.02010e-002
 1.614400000000e-004,-4.02010e-002
 1.614800000000e-004,-4.02010e-002
 1.615200000000e-004,-4.02010e-002
 1.615600000000e-004,-8.04020e-002
 1.616000000000e-004,-4.02010e-002
 1.616400000000e-004,-4.02010e-002
 1.616800000000e-004,-4.02010e-002
 1.617200000000e-004,-4.02010e-002
 1.617600000000e-004,-4.02010e-002
 1.618000000000e-004,-4.02010e-002
 1.618400000000e-004,-4.02010e-002
 1.618800000000e-004,-4.02010e-002
 1.619200000000e-004,-4.02010e-002
 1.619600000000e-004,-4.02010e-002
 1.620000000000e-004,-4.02010e-002
 1.620400000000e-004,-4.02010e-002
 1.620800000000e-004,-4.02010e-002
 1.621200000000e-004,-4.02010e-002
 1.621600000000e-004,-4.02010e-002
 1.622000000000e-004,-4.02010e-002
 1.622400000000e-004,-4.02010e-002
 1.622800000000e-004,-4.02010e-002
 1.623200000000e-004,-4.02010e-002
 1.623600000000e-004,-4.02010e-002
 1.624000000000e-004,-4.02010e-002
 1.624400000000e-004,-4.02010e-002
 1.624800000000e-004,-4.02010e-002
 1.625200000000e-004,-4.02010e-002
 1.625600000000e-004,-4.02010e-002
 1.626000000000e-004,-8.04020e-002
 1.626400000000e-004,-4.02010e-002
 1.626800000000e-004,-4.02010e-002
 1.627200000000e-004,-4.02010e-002
 1.627600000000e-004,-8.04020e-002
 1.628000000000e-004,-4.02010e-002
 1.628400000000e-004,-4.02010e-002
 1.628800000000e-004,-4.02010e-002
 1.629200000000e-004,-4.02010e-002
 1.629600000000e-004,-4.02010e-002
 1.630000000000e-004,-4.02010e-002
 1.630400000000e-004,-4.02010e-002
 1.630800000000e-004,-4.02010e-002
 1.631200000000e-004, 0.00000e+000
 1.631600000000e-004,-4.02010e-002
 1.632000000000e-004,-4.02010e-002
 1.632400000000e-004,-4.02010e-002
 1.632800000000e-004,-4.02010e-002
 1.633200000000e-004,-4.02010e-002
 1.633600000000e-004,-4.02010e-002
 1.634000000000e-004,-4.02010e-002
 1.634400000000e-004,-4.02010e-002
 1.634800000000e-004,-4.02010e-002
 1.635200000000e-004,-4.02010e-002
 1.635600000000e-004,-4.02010e-002
 1.636000000000e-004,-4.02010e-002
 1.636400000000e-004,-4.02010e-002
 1.636800000000e-004,-4.02010e-002
 1.637200000000e-004,-4.02010e-002
 1.637600000000e-004,-4.02010e-002
 1.638000000000e-004,-4.02010e-002
 1.638400000000e-004,-4.02010e-002
 1.638800000000e-004,-4.02010e-002
 1.639200000000e-004,-4.02010e-002
 1.639600000000e-004,-4.02010e-002
 1.640000000000e-004,-4.02010e-002
 1.640400000000e-004,-4.02010e-002
 1.640800000000e-004,-4.02010e-002
 1.641200000000e-004,-4.02010e-002
 1.641600000000e-004,-4.02010e-002
 1.642000000000e-004,-4.02010e-002
 1.642400000000e-004,-4.02010e-002
 1.642800000000e-004,-4.02010e-002
 1.643200000000e-004,-4.02010e-002
 1.643600000000e-004,-4.02010e-002
 1.644000000000e-004,-4.02010e-002
 1.644400000000e-004,-4.02010e-002
 1.644800000000e-004,-4.02010e-002
 1.645200000000e-004,-4.02010e-002
 1.645600000000e-004,-4.02010e-002
 1.646000000000e-004,-4.02010e-002
 1.646400000000e-004,-4.02010e-002
 1.646800000000e-004,-4.02010e-002
 1.647200000000e-004,-4.02010e-002
 1.647600000000e-004,-4.02010e-002
 1.648000000000e-004,-4.02010e-002
 1.648400000000e-004,-4.02010e-002
 1.648800000000e-004,-4.02010e-002
 1.649200000000e-004,-4.02010e-002
 1.649600000000e-004,-4.02010e-002
 1.650000000000e-004,-8.04020e-002
 1.650400000000e-004,-4.02010e-002
 1.650800000000e-004,-4.02010e-002
 1.651200000000e-004,-4.02010e-002
 1.651600000000e-004,-4.02010e-002
 1.652000000000e-004,-4.02010e-002
 1.652400000000e-004,-4.02010e-002
 1.652800000000e-004,-4.02010e-002
 1.653200000000e-004,-4.02010e-002
 1.653600000000e-004,-4.02010e-002
 1.654000000000e-004,-4.02010e-002
 1.654400000000e-004,-4.02010e-002
 1.654800000000e-004,-4.02010e-002
 1.655200000000e-004,-4.02010e-002
 1.655600000000e-004,-8.04020e-002
 1.656000000000e-004,-4.02010e-002
 1.656400000000e-004,-4.02010e-002
 1.656800000000e-004,-4.02010e-002
 1.657200000000e-004,-4.02010e-002
 1.657600000000e-004,-4.02010e-002
 1.658000000000e-004,-8.04020e-002
 1.658400000000e-004,-4.02010e-002
 1.658800000000e-004,-4.02010e-002
 1.659200000000e-004,-4.02010e-002
 1.659600000000e-004,-4.02010e-002
 1.660000000000e-004,-4.02010e-002
 1.660400000000e-004,-4.02010e-002
 1.660800000000e-004,-4.02010e-002
 1.661200000000e-004,-4.02010e-002
 1.661600000000e-004,-4.02010e-002
 1.662000000000e-004,-4.02010e-002
 1.662400000000e-004,-4.02010e-002
 1.662800000000e-004,-4.02010e-002
 1.663200000000e-004,-4.02010e-002
 1.663600000000e-004,-4.02010e-002
 1.664000000000e-004,-4.02010e-002
 1.664400000000e-004,-8.04020e-002
 1.664800000000e-004,-4.02010e-002
 1.665200000000e-004,-8.04020e-002
 1.665600000000e-004,-4.02010e-002
 1.666000000000e-004,-4.02010e-002
 1.666400000000e-004,-4.02010e-002
 1.666800000000e-004,-4.02010e-002
 1.667200000000e-004,-4.02010e-002
 1.667600000000e-004,-4.02010e-002
 1.668000000000e-004,-4.02010e-002
 1.668400000000e-004,-4.02010e-002
 1.668800000000e-004,-4.02010e-002
 1.669200000000e-004,-4.02010e-002
 1.669600000000e-004,-4.02010e-002
 1.670000000000e-004,-4.02010e-002
 1.670400000000e-004,-4.02010e-002
 1.670800000000e-004,-4.02010e-002
 1.671200000000e-004,-4.02010e-002
 1.671600000000e-004,-4.02010e-002
 1.672000000000e-004,-4.02010e-002
 1.672400000000e-004,-4.02010e-002
 1.672800000000e-004,-4.02010e-002
 1.673200000000e-004,-4.02010e-002
 1.673600000000e-004,-4.02010e-002
 1.674000000000e-004,-4.02010e-002
 1.674400000000e-004,-4.02010e-002
 1.674800000000e-004,-4.02010e-002
 1.675200000000e-004,-4.02010e-002
 1.675600000000e-004,-4.02010e-002
 1.676000000000e-004,-4.02010e-002
 1.676400000000e-004,-4.02010e-002
 1.676800000000e-004,-4.02010e-002
 1.677200000000e-004,-4.02010e-002
 1.677600000000e-004,-4.02010e-002
 1.678000000000e-004,-4.02010e-002
 1.678400000000e-004,-4.02010e-002
 1.678800000000e-004,-4.02010e-002
 1.679200000000e-004,-4.02010e-002
 1.679600000000e-004,-4.02010e-002
 1.680000000000e-004,-4.02010e-002
 1.680400000000e-004,-8.04020e-002
 1.680800000000e-004,-4.02010e-002
 1.681200000000e-004,-4.02010e-002
 1.681600000000e-004,-4.02010e-002
 1.682000000000e-004,-4.02010e-002
 1.682400000000e-004,-8.04020e-002
 1.682800000000e-004,-4.02010e-002
 1.683200000000e-004,-4.02010e-002
 1.683600000000e-004,-4.02010e-002
 1.684000000000e-004,-4.02010e-002
 1.684400000000e-004,-4.02010e-002
 1.684800000000e-004,-4.02010e-002
 1.685200000000e-004,-8.04020e-002
 1.685600000000e-004,-4.02010e-002
 1.686000000000e-004,-4.02010e-002
 1.686400000000e-004,-4.02010e-002
 1.686800000000e-004,-4.02010e-002
 1.687200000000e-004,-4.02010e-002
 1.687600000000e-004,-4.02010e-002
 1.688000000000e-004,-4.02010e-002
 1.688400000000e-004,-4.02010e-002
 1.688800000000e-004,-4.02010e-002
 1.689200000000e-004,-4.02010e-002
 1.689600000000e-004,-4.02010e-002
 1.690000000000e-004,-4.02010e-002
 1.690400000000e-004,-8.04020e-002
 1.690800000000e-004,-4.02010e-002
 1.691200000000e-004,-4.02010e-002
 1.691600000000e-004,-4.02010e-002
 1.692000000000e-004,-4.02010e-002
 1.692400000000e-004,-4.02010e-002
 1.692800000000e-004,-4.02010e-002
 1.693200000000e-004,-4.02010e-002
 1.693600000000e-004,-4.02010e-002
 1.694000000000e-004,-4.02010e-002
 1.694400000000e-004,-8.04020e-002
 1.694800000000e-004,-4.02010e-002
 1.695200000000e-004,-4.02010e-002
 1.695600000000e-004,-4.02010e-002
 1.696000000000e-004,-4.02010e-002
 1.696400000000e-004,-4.02010e-002
 1.696800000000e-004,-8.04020e-002
 1.697200000000e-004,-4.02010e-002
 1.697600000000e-004,-4.02010e-002
 1.698000000000e-004,-4.02010e-002
 1.698400000000e-004,-4.02010e-002
 1.698800000000e-004,-4.02010e-002
 1.699200000000e-004,-4.02010e-002
 1.699600000000e-004,-4.02010e-002
 1.700000000000e-004,-4.02010e-002
 1.700400000000e-004,-4.02010e-002
 1.700800000000e-004,-4.02010e-002
 1.701200000000e-004,-4.02010e-002
 1.701600000000e-004,-4.02010e-002
 1.702000000000e-004,-4.02010e-002
 1.702400000000e-004,-4.02010e-002
 1.702800000000e-004,-4.02010e-002
 1.703200000000e-004,-4.02010e-002
 1.703600000000e-004,-4.02010e-002
 1.704000000000e-004,-4.02010e-002
 1.704400000000e-004,-4.02010e-002
 1.704800000000e-004,-4.02010e-002
 1.705200000000e-004,-4.02010e-002
 1.705600000000e-004,-4.02010e-002
 1.706000000000e-004,-4.02010e-002
 1.706400000000e-004,-4.02010e-002
 1.706800000000e-004,-4.02010e-002
 1.707200000000e-004,-4.02010e-002
 1.707600000000e-004,-4.02010e-002
 1.708000000000e-004,-4.02010e-002
 1.708400000000e-004,-8.04020e-002
 1.708800000000e-004,-4.02010e-002
 1.709200000000e-004,-4.02010e-002
 1.709600000000e-004,-8.04020e-002
 1.710000000000e-004,-4.02010e-002
 1.710400000000e-004,-4.02010e-002
 1.710800000000e-004,-4.02010e-002
 1.711200000000e-004,-4.02010e-002
 1.711600000000e-004,-4.02010e-002
 1.712000000000e-004,-4.02010e-002
 1.712400000000e-004,-4.02010e-002
 1.712800000000e-004,-4.02010e-002
 1.713200000000e-004,-4.02010e-002
 1.713600000000e-004,-4.02010e-002
 1.714000000000e-004,-4.02010e-002
 1.714400000000e-004,-4.02010e-002
 1.714800000000e-004,-4.02010e-002
 1.715200000000e-004,-4.02010e-002
 1.715600000000e-004,-4.02010e-002
 1.716000000000e-004,-4.02010e-002
 1.716400000000e-004,-4.02010e-002
 1.716800000000e-004,-4.02010e-002
 1.717200000000e-004,-4.02010e-002
 1.717600000000e-004,-4.02010e-002
 1.718000000000e-004,-4.02010e-002
 1.718400000000e-004,-4.02010e-002
 1.718800000000e-004,-8.04020e-002
 1.719200000000e-004,-4.02010e-002
 1.719600000000e-004,-4.02010e-002
 1.720000000000e-004,-8.04020e-002
 1.720400000000e-004,-4.02010e-002
 1.720800000000e-004,-4.02010e-002
 1.721200000000e-004,-4.02010e-002
 1.721600000000e-004,-4.02010e-002
 1.722000000000e-004,-4.02010e-002
 1.722400000000e-004,-4.02010e-002
 1.722800000000e-004,-4.02010e-002
 1.723200000000e-004,-4.02010e-002
 1.723600000000e-004,-4.02010e-002
 1.724000000000e-004,-4.02010e-002
 1.724400000000e-004,-4.02010e-002
 1.724800000000e-004,-4.02010e-002
 1.725200000000e-004,-4.02010e-002
 1.725600000000e-004,-4.02010e-002
 1.726000000000e-004,-4.02010e-002
 1.726400000000e-004,-4.02010e-002
 1.726800000000e-004,-8.04020e-002
 1.727200000000e-004,-4.02010e-002
 1.727600000000e-004,-8.04020e-002
 1.728000000000e-004,-4.02010e-002
 1.728400000000e-004,-4.02010e-002
 1.728800000000e-004,-4.02010e-002
 1.729200000000e-004,-4.02010e-002
 1.729600000000e-004,-4.02010e-002
 1.730000000000e-004,-4.02010e-002
 1.730400000000e-004,-4.02010e-002
 1.730800000000e-004,-4.02010e-002
 1.731200000000e-004,-4.02010e-002
 1.731600000000e-004,-4.02010e-002
 1.732000000000e-004,-4.02010e-002
 1.732400000000e-004,-4.02010e-002
 1.732800000000e-004,-4.02010e-002
 1.733200000000e-004,-4.02010e-002
 1.733600000000e-004,-4.02010e-002
 1.734000000000e-004,-4.02010e-002
 1.734400000000e-004,-4.02010e-002
 1.734800000000e-004,-4.02010e-002
 1.735200000000e-004,-4.02010e-002
 1.735600000000e-004,-4.02010e-002
 1.736000000000e-004,-4.02010e-002
 1.736400000000e-004,-4.02010e-002
 1.736800000000e-004,-8.04020e-002
 1.737200000000e-004,-4.02010e-002
 1.737600000000e-004,-8.04020e-002
 1.738000000000e-004,-4.02010e-002
 1.738400000000e-004,-4.02010e-002
 1.738800000000e-004,-4.02010e-002
 1.739200000000e-004,-8.04020e-002
 1.739600000000e-004,-4.02010e-002
 1.740000000000e-004,-4.02010e-002
 1.740400000000e-004,-4.02010e-002
 1.740800000000e-004,-4.02010e-002
 1.741200000000e-004,-4.02010e-002
 1.741600000000e-004,-8.04020e-002
 1.742000000000e-004,-4.02010e-002
 1.742400000000e-004,-8.04020e-002
 1.742800000000e-004,-4.02010e-002
 1.743200000000e-004,-4.02010e-002
 1.743600000000e-004,-4.02010e-002
 1.744000000000e-004,-4.02010e-002
 1.744400000000e-004,-4.02010e-002
 1.744800000000e-004,-4.02010e-002
 1.745200000000e-004,-4.02010e-002
 1.745600000000e-004,-4.02010e-002
 1.746000000000e-004,-4.02010e-002
 1.746400000000e-004,-4.02010e-002
 1.746800000000e-004,-4.02010e-002
 1.747200000000e-004,-8.04020e-002
 1.747600000000e-004,-4.02010e-002
 1.748000000000e-004,-4.02010e-002
 1.748400000000e-004,-8.04020e-002
 1.748800000000e-004,-8.04020e-002
 1.749200000000e-004,-4.02010e-002
 1.749600000000e-004,-4.02010e-002
 1.750000000000e-004,-4.02010e-002
 1.750400000000e-004,-4.02010e-002
 1.750800000000e-004,-4.02010e-002
 1.751200000000e-004,-4.02010e-002
 1.751600000000e-004,-4.02010e-002
 1.752000000000e-004,-4.02010e-002
 1.752400000000e-004,-4.02010e-002
 1.752800000000e-004,-4.02010e-002
 1.753200000000e-004,-4.02010e-002
 1.753600000000e-004,-4.02010e-002
 1.754000000000e-004,-4.02010e-002
 1.754400000000e-004,-8.04020e-002
 1.754800000000e-004,-4.02010e-002
 1.755200000000e-004,-4.02010e-002
 1.755600000000e-004,-4.02010e-002
 1.756000000000e-004, 0.00000e+000
 1.756400000000e-004,-4.02010e-002
 1.756800000000e-004,-4.02010e-002
 1.757200000000e-004,-4.02010e-002
 1.757600000000e-004,-4.02010e-002
 1.758000000000e-004,-4.02010e-002
 1.758400000000e-004,-4.02010e-002
 1.758800000000e-004,-8.04020e-002
 1.759200000000e-004,-4.02010e-002
 1.759600000000e-004,-4.02010e-002
 1.760000000000e-004,-4.02010e-002
 1.760400000000e-004,-4.02010e-002
 1.760800000000e-004,-4.02010e-002
 1.761200000000e-004,-4.02010e-002
 1.761600000000e-004,-4.02010e-002
 1.762000000000e-004,-4.02010e-002
 1.762400000000e-004,-4.02010e-002
 1.762800000000e-004,-4.02010e-002
 1.763200000000e-004,-4.02010e-002
 1.763600000000e-004,-4.02010e-002
 1.764000000000e-004,-4.02010e-002
 1.764400000000e-004,-4.02010e-002
 1.764800000000e-004,-4.02010e-002
 1.765200000000e-004,-4.02010e-002
 1.765600000000e-004,-4.02010e-002
 1.766000000000e-004,-4.02010e-002
 1.766400000000e-004,-4.02010e-002
 1.766800000000e-004,-4.02010e-002
 1.767200000000e-004,-4.02010e-002
 1.767600000000e-004,-4.02010e-002
 1.768000000000e-004,-4.02010e-002
 1.768400000000e-004,-4.02010e-002
 1.768800000000e-004,-4.02010e-002
 1.769200000000e-004,-4.02010e-002
 1.769600000000e-004,-4.02010e-002
 1.770000000000e-004,-4.02010e-002
 1.770400000000e-004,-8.04020e-002
 1.770800000000e-004,-4.02010e-002
 1.771200000000e-004,-4.02010e-002
 1.771600000000e-004,-4.02010e-002
 1.772000000000e-004,-4.02010e-002
 1.772400000000e-004,-4.02010e-002
 1.772800000000e-004,-8.04020e-002
 1.773200000000e-004, 0.00000e+000
 1.773600000000e-004,-4.02010e-002
 1.774000000000e-004,-4.02010e-002
 1.774400000000e-004,-4.02010e-002
 1.774800000000e-004,-4.02010e-002
 1.775200000000e-004,-4.02010e-002
 1.775600000000e-004,-4.02010e-002
 1.776000000000e-004,-4.02010e-002
 1.776400000000e-004,-4.02010e-002
 1.776800000000e-004,-4.02010e-002
 1.777200000000e-004,-4.02010e-002
 1.777600000000e-004,-4.02010e-002
 1.778000000000e-004,-4.02010e-002
 1.778400000000e-004,-4.02010e-002
 1.778800000000e-004,-4.02010e-002
 1.779200000000e-004,-4.02010e-002
 1.779600000000e-004,-4.02010e-002
 1.780000000000e-004,-4.02010e-002
 1.780400000000e-004,-4.02010e-002
 1.780800000000e-004,-4.02010e-002
 1.781200000000e-004,-4.02010e-002
 1.781600000000e-004,-4.02010e-002
 1.782000000000e-004,-4.02010e-002
 1.782400000000e-004,-4.02010e-002
 1.782800000000e-004,-4.02010e-002
 1.783200000000e-004,-4.02010e-002
 1.783600000000e-004,-4.02010e-002
 1.784000000000e-004,-4.02010e-002
 1.784400000000e-004,-4.02010e-002
 1.784800000000e-004,-4.02010e-002
 1.785200000000e-004,-4.02010e-002
 1.785600000000e-004,-4.02010e-002
 1.786000000000e-004,-8.04020e-002
 1.786400000000e-004,-4.02010e-002
 1.786800000000e-004,-4.02010e-002
 1.787200000000e-004,-4.02010e-002
 1.787600000000e-004,-4.02010e-002
 1.788000000000e-004,-8.04020e-002
 1.788400000000e-004,-4.02010e-002
 1.788800000000e-004,-4.02010e-002
 1.789200000000e-004,-4.02010e-002
 1.789600000000e-004,-4.02010e-002
 1.790000000000e-004,-4.02010e-002
 1.790400000000e-004,-8.04020e-002
 1.790800000000e-004,-4.02010e-002
 1.791200000000e-004,-4.02010e-002
 1.791600000000e-004,-4.02010e-002
 1.792000000000e-004,-4.02010e-002
 1.792400000000e-004,-4.02010e-002
 1.792800000000e-004,-4.02010e-002
 1.793200000000e-004,-4.02010e-002
 1.793600000000e-004,-4.02010e-002
 1.794000000000e-004,-8.04020e-002
 1.794400000000e-004,-4.02010e-002
 1.794800000000e-004,-4.02010e-002
 1.795200000000e-004,-4.02010e-002
 1.795600000000e-004,-4.02010e-002
 1.796000000000e-004,-4.02010e-002
 1.796400000000e-004,-4.02010e-002
 1.796800000000e-004,-4.02010e-002
 1.797200000000e-004,-4.02010e-002
 1.797600000000e-004,-4.02010e-002
 1.798000000000e-004,-4.02010e-002
 1.798400000000e-004,-8.04020e-002
 1.798800000000e-004,-4.02010e-002
 1.799200000000e-004,-4.02010e-002
 1.799600000000e-004,-4.02010e-002
 1.800000000000e-004,-4.02010e-002
 1.800400000000e-004,-4.02010e-002
 1.800800000000e-004,-4.02010e-002
 1.801200000000e-004,-4.02010e-002
 1.801600000000e-004,-4.02010e-002
 1.802000000000e-004,-4.02010e-002
 1.802400000000e-004,-4.02010e-002
 1.802800000000e-004,-4.02010e-002
 1.803200000000e-004,-4.02010e-002
 1.803600000000e-004,-4.02010e-002
 1.804000000000e-004,-4.02010e-002
 1.804400000000e-004,-4.02010e-002
 1.804800000000e-004,-4.02010e-002
 1.805200000000e-004,-4.02010e-002
 1.805600000000e-004,-4.02010e-002
 1.806000000000e-004,-4.02010e-002
 1.806400000000e-004,-8.04020e-002
 1.806800000000e-004,-4.02010e-002
 1.807200000000e-004,-4.02010e-002
 1.807600000000e-004,-4.02010e-002
 1.808000000000e-004,-8.04020e-002
 1.808400000000e-004,-4.02010e-002
 1.808800000000e-004,-4.02010e-002
 1.809200000000e-004,-8.04020e-002
 1.809600000000e-004,-4.02010e-002
 1.810000000000e-004,-4.02010e-002
 1.810400000000e-004,-4.02010e-002
 1.810800000000e-004,-4.02010e-002
 1.811200000000e-004,-4.02010e-002
 1.811600000000e-004,-4.02010e-002
 1.812000000000e-004,-4.02010e-002
 1.812400000000e-004,-4.02010e-002
 1.812800000000e-004,-4.02010e-002
 1.813200000000e-004,-4.02010e-002
 1.813600000000e-004,-4.02010e-002
 1.814000000000e-004,-4.02010e-002
 1.814400000000e-004,-4.02010e-002
 1.814800000000e-004,-4.02010e-002
 1.815200000000e-004,-4.02010e-002
 1.815600000000e-004,-8.04020e-002
 1.816000000000e-004,-4.02010e-002
 1.816400000000e-004,-4.02010e-002
 1.816800000000e-004,-8.04020e-002
 1.817200000000e-004,-8.04020e-002
 1.817600000000e-004,-4.02010e-002
 1.818000000000e-004,-4.02010e-002
 1.818400000000e-004,-4.02010e-002
 1.818800000000e-004,-4.02010e-002
 1.819200000000e-004,-4.02010e-002
 1.819600000000e-004,-4.02010e-002
 1.820000000000e-004,-4.02010e-002
 1.820400000000e-004,-4.02010e-002
 1.820800000000e-004,-4.02010e-002
 1.821200000000e-004,-4.02010e-002
 1.821600000000e-004,-4.02010e-002
 1.822000000000e-004,-4.02010e-002
 1.822400000000e-004,-4.02010e-002
 1.822800000000e-004,-4.02010e-002
 1.823200000000e-004,-4.02010e-002
 1.823600000000e-004,-8.04020e-002
 1.824000000000e-004,-4.02010e-002
 1.824400000000e-004,-4.02010e-002
 1.824800000000e-004,-4.02010e-002
 1.825200000000e-004,-4.02010e-002
 1.825600000000e-004,-4.02010e-002
 1.826000000000e-004,-4.02010e-002
 1.826400000000e-004,-4.02010e-002
 1.826800000000e-004,-4.02010e-002
 1.827200000000e-004,-4.02010e-002
 1.827600000000e-004,-4.02010e-002
 1.828000000000e-004,-4.02010e-002
 1.828400000000e-004,-4.02010e-002
 1.828800000000e-004,-4.02010e-002
 1.829200000000e-004,-4.02010e-002
 1.829600000000e-004,-4.02010e-002
 1.830000000000e-004,-4.02010e-002
 1.830400000000e-004,-4.02010e-002
 1.830800000000e-004,-4.02010e-002
 1.831200000000e-004,-4.02010e-002
 1.831600000000e-004,-4.02010e-002
 1.832000000000e-004,-4.02010e-002
 1.832400000000e-004,-4.02010e-002
 1.832800000000e-004,-4.02010e-002
 1.833200000000e-004,-4.02010e-002
 1.833600000000e-004,-4.02010e-002
 1.834000000000e-004,-4.02010e-002
 1.834400000000e-004,-4.02010e-002
 1.834800000000e-004,-4.02010e-002
 1.835200000000e-004,-4.02010e-002
 1.835600000000e-004,-4.02010e-002
 1.836000000000e-004,-4.02010e-002
 1.836400000000e-004,-4.02010e-002
 1.836800000000e-004,-4.02010e-002
 1.837200000000e-004,-4.02010e-002
 1.837600000000e-004,-4.02010e-002
 1.838000000000e-004,-4.02010e-002
 1.838400000000e-004,-4.02010e-002
 1.838800000000e-004,-4.02010e-002
 1.839200000000e-004,-4.02010e-002
 1.839600000000e-004,-4.02010e-002
 1.840000000000e-004,-4.02010e-002
 1.840400000000e-004,-4.02010e-002
 1.840800000000e-004,-4.02010e-002
 1.841200000000e-004,-4.02010e-002
 1.841600000000e-004,-4.02010e-002
 1.842000000000e-004,-8.04020e-002
 1.842400000000e-004,-4.02010e-002
 1.842800000000e-004,-4.02010e-002
 1.843200000000e-004,-4.02010e-002
 1.843600000000e-004,-4.02010e-002
 1.844000000000e-004,-4.02010e-002
 1.844400000000e-004,-4.02010e-002
 1.844800000000e-004,-4.02010e-002
 1.845200000000e-004,-4.02010e-002
 1.845600000000e-004,-4.02010e-002
 1.846000000000e-004,-4.02010e-002
 1.846400000000e-004,-4.02010e-002
 1.846800000000e-004,-4.02010e-002
 1.847200000000e-004,-4.02010e-002
 1.847600000000e-004,-4.02010e-002
 1.848000000000e-004,-4.02010e-002
 1.848400000000e-004,-4.02010e-002
 1.848800000000e-004,-4.02010e-002
 1.849200000000e-004,-4.02010e-002
 1.849600000000e-004,-4.02010e-002
 1.850000000000e-004,-4.02010e-002
 1.850400000000e-004,-4.02010e-002
 1.850800000000e-004,-4.02010e-002
 1.851200000000e-004,-8.04020e-002
 1.851600000000e-004,-4.02010e-002
 1.852000000000e-004,-4.02010e-002
 1.852400000000e-004,-4.02010e-002
 1.852800000000e-004,-4.02010e-002
 1.853200000000e-004,-4.02010e-002
 1.853600000000e-004,-4.02010e-002
 1.854000000000e-004,-4.02010e-002
 1.854400000000e-004,-4.02010e-002
 1.854800000000e-004,-8.04020e-002
 1.855200000000e-004,-4.02010e-002
 1.855600000000e-004,-4.02010e-002
 1.856000000000e-004,-4.02010e-002
 1.856400000000e-004,-4.02010e-002
 1.856800000000e-004,-4.02010e-002
 1.857200000000e-004,-4.02010e-002
 1.857600000000e-004,-8.04020e-002
 1.858000000000e-004,-4.02010e-002
 1.858400000000e-004,-4.02010e-002
 1.858800000000e-004,-4.02010e-002
 1.859200000000e-004,-4.02010e-002
 1.859600000000e-004,-8.04020e-002
 1.860000000000e-004,-4.02010e-002
 1.860400000000e-004,-4.02010e-002
 1.860800000000e-004,-4.02010e-002
 1.861200000000e-004,-4.02010e-002
 1.861600000000e-004,-4.02010e-002
 1.862000000000e-004,-4.02010e-002
 1.862400000000e-004,-4.02010e-002
 1.862800000000e-004,-4.02010e-002
 1.863200000000e-004,-4.02010e-002
 1.863600000000e-004,-4.02010e-002
 1.864000000000e-004,-4.02010e-002
 1.864400000000e-004,-4.02010e-002
 1.864800000000e-004,-4.02010e-002
 1.865200000000e-004,-4.02010e-002
 1.865600000000e-004,-8.04020e-002
 1.866000000000e-004,-4.02010e-002
 1.866400000000e-004,-4.02010e-002
 1.866800000000e-004,-4.02010e-002
 1.867200000000e-004,-4.02010e-002
 1.867600000000e-004,-4.02010e-002
 1.868000000000e-004,-4.02010e-002
 1.868400000000e-004,-4.02010e-002
 1.868800000000e-004,-4.02010e-002
 1.869200000000e-004,-4.02010e-002
 1.869600000000e-004,-4.02010e-002
 1.870000000000e-004,-8.04020e-002
 1.870400000000e-004,-4.02010e-002
 1.870800000000e-004,-4.02010e-002
 1.871200000000e-004,-4.02010e-002
 1.871600000000e-004,-4.02010e-002
 1.872000000000e-004,-4.02010e-002
 1.872400000000e-004,-4.02010e-002
 1.872800000000e-004,-4.02010e-002
 1.873200000000e-004,-4.02010e-002
 1.873600000000e-004,-4.02010e-002
 1.874000000000e-004,-8.04020e-002
 1.874400000000e-004,-8.04020e-002
 1.874800000000e-004,-8.04020e-002
 1.875200000000e-004,-4.02010e-002
 1.875600000000e-004,-4.02010e-002
 1.876000000000e-004,-4.02010e-002
 1.876400000000e-004,-4.02010e-002
 1.876800000000e-004,-4.02010e-002
 1.877200000000e-004,-4.02010e-002
 1.877600000000e-004,-4.02010e-002
 1.878000000000e-004,-4.02010e-002
 1.878400000000e-004,-4.02010e-002
 1.878800000000e-004,-8.04020e-002
 1.879200000000e-004,-4.02010e-002
 1.879600000000e-004,-4.02010e-002
 1.880000000000e-004,-4.02010e-002
 1.880400000000e-004,-4.02010e-002
 1.880800000000e-004,-4.02010e-002
 1.881200000000e-004,-4.02010e-002
 1.881600000000e-004,-4.02010e-002
 1.882000000000e-004,-4.02010e-002
 1.882400000000e-004,-4.02010e-002
 1.882800000000e-004,-4.02010e-002
 1.883200000000e-004,-4.02010e-002
 1.883600000000e-004,-4.02010e-002
 1.884000000000e-004,-4.02010e-002
 1.884400000000e-004,-4.02010e-002
 1.884800000000e-004,-4.02010e-002
 1.885200000000e-004,-4.02010e-002
 1.885600000000e-004,-4.02010e-002
 1.886000000000e-004,-4.02010e-002
 1.886400000000e-004,-4.02010e-002
 1.886800000000e-004,-4.02010e-002
 1.887200000000e-004,-4.02010e-002
 1.887600000000e-004,-4.02010e-002
 1.888000000000e-004,-4.02010e-002
 1.888400000000e-004,-4.02010e-002
 1.888800000000e-004,-4.02010e-002
 1.889200000000e-004,-4.02010e-002
 1.889600000000e-004,-4.02010e-002
 1.890000000000e-004,-4.02010e-002
 1.890400000000e-004,-4.02010e-002
 1.890800000000e-004,-8.04020e-002
 1.891200000000e-004,-4.02010e-002
 1.891600000000e-004,-4.02010e-002
 1.892000000000e-004,-4.02010e-002
 1.892400000000e-004,-4.02010e-002
 1.892800000000e-004,-4.02010e-002
 1.893200000000e-004,-4.02010e-002
 1.893600000000e-004,-4.02010e-002
 1.894000000000e-004,-4.02010e-002
 1.894400000000e-004,-4.02010e-002
 1.894800000000e-004,-8.04020e-002
 1.895200000000e-004,-4.02010e-002
 1.895600000000e-004,-4.02010e-002
 1.896000000000e-004,-4.02010e-002
 1.896400000000e-004,-4.02010e-002
 1.896800000000e-004,-4.02010e-002
 1.897200000000e-004,-4.02010e-002
 1.897600000000e-004,-4.02010e-002
 1.898000000000e-004,-4.02010e-002
 1.898400000000e-004,-4.02010e-002
 1.898800000000e-004,-4.02010e-002
 1.899200000000e-004,-4.02010e-002
 1.899600000000e-004,-4.02010e-002
 1.900000000000e-004,-8.04020e-002
 1.900400000000e-004,-4.02010e-002
 1.900800000000e-004,-8.04020e-002
 1.901200000000e-004,-4.02010e-002
 1.901600000000e-004,-4.02010e-002
 1.902000000000e-004,-4.02010e-002
 1.902400000000e-004,-4.02010e-002
 1.902800000000e-004,-4.02010e-002
 1.903200000000e-004,-4.02010e-002
 1.903600000000e-004,-4.02010e-002
 1.904000000000e-004,-4.02010e-002
 1.904400000000e-004,-8.04020e-002
 1.904800000000e-004,-4.02010e-002
 1.905200000000e-004,-4.02010e-002
 1.905600000000e-004,-4.02010e-002
 1.906000000000e-004,-4.02010e-002
 1.906400000000e-004,-4.02010e-002
 1.906800000000e-004,-4.02010e-002
 1.907200000000e-004,-4.02010e-002
 1.907600000000e-004,-8.04020e-002
 1.908000000000e-004,-4.02010e-002
 1.908400000000e-004,-4.02010e-002
 1.908800000000e-004,-4.02010e-002
 1.909200000000e-004,-4.02010e-002
 1.909600000000e-004,-4.02010e-002
 1.910000000000e-004,-4.02010e-002
 1.910400000000e-004,-4.02010e-002
 1.910800000000e-004,-4.02010e-002
 1.911200000000e-004,-4.02010e-002
 1.911600000000e-004,-4.02010e-002
 1.912000000000e-004,-4.02010e-002
 1.912400000000e-004,-4.02010e-002
 1.912800000000e-004,-4.02010e-002
 1.913200000000e-004,-8.04020e-002
 1.913600000000e-004,-4.02010e-002
 1.914000000000e-004,-4.02010e-002
 1.914400000000e-004,-4.02010e-002
 1.914800000000e-004,-4.02010e-002
 1.915200000000e-004,-8.04020e-002
 1.915600000000e-004,-4.02010e-002
 1.916000000000e-004,-8.04020e-002
 1.916400000000e-004,-4.02010e-002
 1.916800000000e-004,-4.02010e-002
 1.917200000000e-004,-4.02010e-002
 1.917600000000e-004,-4.02010e-002
 1.918000000000e-004,-4.02010e-002
 1.918400000000e-004,-4.02010e-002
 1.918800000000e-004,-4.02010e-002
 1.919200000000e-004,-4.02010e-002
 1.919600000000e-004,-4.02010e-002
 1.920000000000e-004,-8.04020e-002
 1.920400000000e-004,-4.02010e-002
 1.920800000000e-004,-4.02010e-002
 1.921200000000e-004,-4.02010e-002
 1.921600000000e-004,-4.02010e-002
 1.922000000000e-004,-4.02010e-002
 1.922400000000e-004,-4.02010e-002
 1.922800000000e-004,-4.02010e-002
 1.923200000000e-004,-4.02010e-002
 1.923600000000e-004,-4.02010e-002
 1.924000000000e-004,-4.02010e-002
 1.924400000000e-004,-4.02010e-002
 1.924800000000e-004,-4.02010e-002
 1.925200000000e-004,-4.02010e-002
 1.925600000000e-004,-4.02010e-002
 1.926000000000e-004,-4.02010e-002
 1.926400000000e-004,-4.02010e-002
 1.926800000000e-004,-4.02010e-002
 1.927200000000e-004,-4.02010e-002
 1.927600000000e-004,-4.02010e-002
 1.928000000000e-004,-4.02010e-002
 1.928400000000e-004,-4.02010e-002
 1.928800000000e-004,-4.02010e-002
 1.929200000000e-004,-4.02010e-002
 1.929600000000e-004,-8.04020e-002
 1.930000000000e-004,-4.02010e-002
 1.930400000000e-004,-4.02010e-002
 1.930800000000e-004,-4.02010e-002
 1.931200000000e-004,-4.02010e-002
 1.931600000000e-004,-8.04020e-002
 1.932000000000e-004,-4.02010e-002
 1.932400000000e-004,-4.02010e-002
 1.932800000000e-004,-8.04020e-002
 1.933200000000e-004,-4.02010e-002
 1.933600000000e-004,-4.02010e-002
 1.934000000000e-004,-4.02010e-002
 1.934400000000e-004,-4.02010e-002
 1.934800000000e-004,-4.02010e-002
 1.935200000000e-004,-4.02010e-002
 1.935600000000e-004,-8.04020e-002
 1.936000000000e-004,-4.02010e-002
 1.936400000000e-004,-4.02010e-002
 1.936800000000e-004,-4.02010e-002
 1.937200000000e-004,-8.04020e-002
 1.937600000000e-004,-4.02010e-002
 1.938000000000e-004,-4.02010e-002
 1.938400000000e-004,-4.02010e-002
 1.938800000000e-004,-4.02010e-002
 1.939200000000e-004,-4.02010e-002
 1.939600000000e-004,-4.02010e-002
 1.940000000000e-004,-4.02010e-002
 1.940400000000e-004,-4.02010e-002
 1.940800000000e-004,-4.02010e-002
 1.941200000000e-004,-4.02010e-002
 1.941600000000e-004,-4.02010e-002
 1.942000000000e-004,-4.02010e-002
 1.942400000000e-004,-4.02010e-002
 1.942800000000e-004,-4.02010e-002
 1.943200000000e-004,-4.02010e-002
 1.943600000000e-004,-8.04020e-002
 1.944000000000e-004,-4.02010e-002
 1.944400000000e-004,-4.02010e-002
 1.944800000000e-004,-4.02010e-002
 1.945200000000e-004,-4.02010e-002
 1.945600000000e-004,-4.02010e-002
 1.946000000000e-004,-4.02010e-002
 1.946400000000e-004,-4.02010e-002
 1.946800000000e-004,-8.04020e-002
 1.947200000000e-004,-4.02010e-002
 1.947600000000e-004,-4.02010e-002
 1.948000000000e-004,-4.02010e-002
 1.948400000000e-004,-4.02010e-002
 1.948800000000e-004,-4.02010e-002
 1.949200000000e-004,-4.02010e-002
 1.949600000000e-004,-8.04020e-002
 1.950000000000e-004,-4.02010e-002
 1.950400000000e-004,-4.02010e-002
 1.950800000000e-004,-8.04020e-002
 1.951200000000e-004,-4.02010e-002
 1.951600000000e-004,-4.02010e-002
 1.952000000000e-004,-4.02010e-002
 1.952400000000e-004,-4.02010e-002
 1.952800000000e-004,-4.02010e-002
 1.953200000000e-004,-4.02010e-002
 1.953600000000e-004,-4.02010e-002
 1.954000000000e-004,-4.02010e-002
 1.954400000000e-004,-4.02010e-002
 1.954800000000e-004,-4.02010e-002
 1.955200000000e-004,-4.02010e-002
 1.955600000000e-004,-4.02010e-002
 1.956000000000e-004,-8.04020e-002
 1.956400000000e-004,-8.04020e-002
 1.956800000000e-004,-4.02010e-002
 1.957200000000e-004,-4.02010e-002
 1.957600000000e-004,-4.02010e-002
 1.958000000000e-004,-4.02010e-002
 1.958400000000e-004,-4.02010e-002
 1.958800000000e-004,-4.02010e-002
 1.959200000000e-004,-4.02010e-002
 1.959600000000e-004,-4.02010e-002
 1.960000000000e-004,-4.02010e-002
 1.960400000000e-004,-4.02010e-002
 1.960800000000e-004,-4.02010e-002
 1.961200000000e-004,-4.02010e-002
 1.961600000000e-004,-1.20603e-001
 1.962000000000e-004,-3.61809e-001
 1.962400000000e-004,-6.03015e-001
 1.962800000000e-004,-6.83417e-001
 1.963200000000e-004,-1.04523e+000
 1.963600000000e-004,-1.28643e+000
 1.964000000000e-004,-1.12563e+000
 1.964400000000e-004,-7.23618e-001
 1.964800000000e-004, 3.61809e-001
 1.965200000000e-004, 1.32663e+000
 1.965600000000e-004, 1.88945e+000
 1.966000000000e-004, 2.41206e+000
 1.966400000000e-004, 2.37186e+000
 1.966800000000e-004, 2.21106e+000
 1.967200000000e-004, 2.01005e+000
 1.967600000000e-004, 9.64824e-001
 1.968000000000e-004, 2.01005e-001
 1.968400000000e-004,-8.04020e-002
 1.968800000000e-004,-1.12563e+000
 1.969200000000e-004,-2.09045e+000
 1.969600000000e-004,-3.01508e+000
 1.970000000000e-004,-3.49749e+000
 1.970400000000e-004,-3.49749e+000
 1.970800000000e-004,-3.45729e+000
 1.971200000000e-004,-3.45729e+000
 1.971600000000e-004, 1.20603e+000
 1.972000000000e-004, 2.45226e+000
 1.972400000000e-004, 2.45226e+000
 1.972800000000e-004, 2.45226e+000
 1.973200000000e-004, 2.41206e+000
 1.973600000000e-004, 1.12563e+000
 1.974000000000e-004,-2.73367e+000
 1.974400000000e-004,-3.33668e+000
 1.974800000000e-004,-3.53769e+000
 1.975200000000e-004,-2.93467e+000
 1.975600000000e-004,-6.03015e-001
 1.976000000000e-004, 9.24623e-001
 1.976400000000e-004, 1.48744e+000
 1.976800000000e-004, 1.84925e+000
 1.977200000000e-004, 1.56784e+000
 1.977600000000e-004, 4.02010e-001
 1.978000000000e-004, 1.20603e-001
 1.978400000000e-004,-6.83417e-001
 1.978800000000e-004,-8.84422e-001
 1.979200000000e-004,-6.83417e-001
 1.979600000000e-004,-3.21608e-001
 1.980000000000e-004,-4.02010e-002
 1.980400000000e-004, 4.02010e-002
 1.980800000000e-004, 2.01005e-001
 1.981200000000e-004, 1.60804e-001
 1.981600000000e-004, 1.20603e-001
 1.982000000000e-004, 8.04020e-002
 1.982400000000e-004, 0.00000e+000
 1.982800000000e-004,-4.02010e-002
 1.983200000000e-004,-8.04020e-002
 1.983600000000e-004,-4.02010e-002
 1.984000000000e-004,-4.02010e-002
 1.984400000000e-004,-4.02010e-002
 1.984800000000e-004,-4.02010e-002
 1.985200000000e-004,-8.04020e-002
 1.985600000000e-004,-4.02010e-002
 1.986000000000e-004,-4.02010e-002
 1.986400000000e-004,-8.04020e-002
 1.986800000000e-004,-4.02010e-002
 1.987200000000e-004,-4.02010e-002
 1.987600000000e-004, 0.00000e+000
 1.988000000000e-004,-4.02010e-002
 1.988400000000e-004,-4.02010e-002
 1.988800000000e-004,-4.02010e-002
 1.989200000000e-004,-8.04020e-002
 1.989600000000e-004,-8.04020e-002
 1.990000000000e-004,-1.20603e-001
 1.990400000000e-004,-1.20603e-001
 1.990800000000e-004,-4.02010e-002
 1.991200000000e-004,-4.02010e-002
 1.991600000000e-004, 4.02010e-002
 1.992000000000e-004, 1.60804e-001
 1.992400000000e-004, 2.41206e-001
 1.992800000000e-004, 3.21608e-001
 1.993200000000e-004, 2.81407e-001
 1.993600000000e-004, 2.01005e-001
 1.994000000000e-004, 8.04020e-002
 1.994400000000e-004,-3.21608e-001
 1.994800000000e-004,-4.82412e-001
 1.995200000000e-004,-7.23618e-001
 1.995600000000e-004,-8.04020e-001
 1.996000000000e-004,-7.63819e-001
 1.996400000000e-004,-6.43216e-001
 1.996800000000e-004,-4.42211e-001
 1.997200000000e-004,-1.60804e-001
 1.997600000000e-004,-8.04020e-002
 1.998000000000e-004, 2.41206e-001
 1.998400000000e-004, 3.61809e-001
 1.998800000000e-004, 6.03015e-001
 1.999200000000e-004, 9.64824e-001
 1.999600000000e-004, 1.12563e+000
 2.000000000000e-004, 1.08543e+000
 2.000400000000e-004, 7.63819e-001
 2.000800000000e-004,-4.02010e-002
 2.001200000000e-004,-4.42211e-001
 2.001600000000e-004,-1.00503e+000
 2.002000000000e-004,-1.32663e+000
 2.002400000000e-004,-1.08543e+000
 2.002800000000e-004,-5.22613e-001
 2.003200000000e-004, 1.20603e-001
 2.003600000000e-004, 2.01005e-001
 2.004000000000e-004, 6.43216e-001
 2.004400000000e-004, 6.83417e-001
 2.004800000000e-004, 3.61809e-001
 2.005200000000e-004, 4.02010e-002
 2.005600000000e-004,-3.21608e-001
 2.006000000000e-004,-4.02010e-001
 2.006400000000e-004,-4.42211e-001
 2.006800000000e-004,-3.21608e-001
 2.007200000000e-004,-1.60804e-001
 2.007600000000e-004,-4.02010e-002
 2.008000000000e-004, 4.02010e-002
 2.008400000000e-004, 8.04020e-002
 2.008800000000e-004, 4.02010e-002
 2.009200000000e-004, 4.02010e-002
 2.009600000000e-004, 0.00000e+000
 2.010000000000e-004,-4.02010e-002
 2.010400000000e-004,-4.02010e-002
 2.010800000000e-004,-4.02010e-002
 2.011200000000e-004,-8.04020e-002
 2.011600000000e-004,-8.04020e-002
 2.012000000000e-004,-8.04020e-002
 2.012400000000e-004,-8.04020e-002
 2.012800000000e-004,-8.04020e-002
 2.013200000000e-004,-4.02010e-002
 2.013600000000e-004, 0.00000e+000
 2.014000000000e-004, 4.02010e-002
 2.014400000000e-004, 4.02010e-002
 2.014800000000e-004, 4.02010e-002
 2.015200000000e-004, 0.00000e+000
 2.015600000000e-004,-4.02010e-002
 2.016000000000e-004,-8.04020e-002
 2.016400000000e-004,-8.04020e-002
 2.016800000000e-004,-1.20603e-001
 2.017200000000e-004,-8.04020e-002
 2.017600000000e-004,-8.04020e-002
 2.018000000000e-004,-4.02010e-002
 2.018400000000e-004,-4.02010e-002
 2.018800000000e-004,-4.02010e-002
 2.019200000000e-004,-4.02010e-002
 2.019600000000e-004,-4.02010e-002
 2.020000000000e-004,-4.02010e-002
 2.020400000000e-004,-4.02010e-002
 2.020800000000e-004,-8.04020e-002
 2.021200000000e-004,-4.02010e-002
 2.021600000000e-004, 4.02010e-002
 2.022000000000e-004, 4.02010e-002
 2.022400000000e-004, 1.20603e-001
 2.022800000000e-004, 1.60804e-001
 2.023200000000e-004, 1.60804e-001
 2.023600000000e-004, 8.04020e-002
 2.024000000000e-004,-4.02010e-002
 2.024400000000e-004,-2.81407e-001
 2.024800000000e-004,-3.21608e-001
 2.025200000000e-004,-4.42211e-001
 2.025600000000e-004,-5.22613e-001
 2.026000000000e-004,-5.22613e-001
 2.026400000000e-004,-3.61809e-001
 2.026800000000e-004,-3.21608e-001
 2.027200000000e-004,-1.20603e-001
 2.027600000000e-004, 4.02010e-002
 2.028000000000e-004, 4.02010e-001
 2.028400000000e-004, 4.82412e-001
 2.028800000000e-004, 6.03015e-001
 2.029200000000e-004, 6.43216e-001
 2.029600000000e-004, 4.02010e-001
 2.030000000000e-004, 2.01005e-001
 2.030400000000e-004, 8.04020e-002
 2.030800000000e-004,-4.02010e-001
 2.031200000000e-004,-6.43216e-001
 2.031600000000e-004,-7.23618e-001
 2.032000000000e-004,-5.22613e-001
 2.032400000000e-004,-2.01005e-001
 2.032800000000e-004, 4.02010e-002
 2.033200000000e-004, 2.81407e-001
 2.033600000000e-004, 3.61809e-001
 2.034000000000e-004, 3.61809e-001
 2.034400000000e-004, 1.60804e-001
 2.034800000000e-004, 0.00000e+000
 2.035200000000e-004,-2.01005e-001
 2.035600000000e-004,-2.81407e-001
 2.036000000000e-004,-2.81407e-001
 2.036400000000e-004,-2.41206e-001
 2.036800000000e-004,-1.20603e-001
 2.037200000000e-004,-8.04020e-002
 2.037600000000e-004, 0.00000e+000
 2.038000000000e-004, 4.02010e-002
 2.038400000000e-004, 8.04020e-002
 2.038800000000e-004, 8.04020e-002
 2.039200000000e-004, 8.04020e-002
 2.039600000000e-004, 4.02010e-002
 2.040000000000e-004,-4.02010e-002
 2.040400000000e-004,-1.20603e-001
 2.040800000000e-004,-2.41206e-001
 2.041200000000e-004,-2.41206e-001
 2.041600000000e-004,-2.41206e-001
 2.042000000000e-004, 0.00000e+000
 2.042400000000e-004, 1.20603e-001
 2.042800000000e-004, 1.60804e-001
 2.043200000000e-004, 2.01005e-001
 2.043600000000e-004, 1.60804e-001
 2.044000000000e-004, 0.00000e+000
 2.044400000000e-004,-8.04020e-002
 2.044800000000e-004,-2.01005e-001
 2.045200000000e-004,-2.41206e-001
 2.045600000000e-004,-2.41206e-001
 2.046000000000e-004,-2.01005e-001
 2.046400000000e-004,-8.04020e-002
 2.046800000000e-004, 4.02010e-002
 2.047200000000e-004, 1.20603e-001
 2.047600000000e-004, 1.60804e-001
 2.048000000000e-004, 1.60804e-001
 2.048400000000e-004, 8.04020e-002
 2.048800000000e-004,-4.02010e-002
 2.049200000000e-004,-1.60804e-001
 2.049600000000e-004,-2.81407e-001
 2.050000000000e-004,-3.61809e-001
 2.050400000000e-004,-4.82412e-001
 2.050800000000e-004,-4.42211e-001
 2.051200000000e-004,-2.81407e-001
 2.051600000000e-004,-8.04020e-002
 2.052000000000e-004, 2.01005e-001
 2.052400000000e-004, 4.02010e-001
 2.052800000000e-004, 6.43216e-001
 2.053200000000e-004, 6.83417e-001
 2.053600000000e-004, 3.21608e-001
 2.054000000000e-004, 0.00000e+000
 2.054400000000e-004,-3.61809e-001
 2.054800000000e-004,-6.43216e-001
 2.055200000000e-004,-8.44221e-001
 2.055600000000e-004,-8.44221e-001
 2.056000000000e-004,-6.83417e-001
 2.056400000000e-004,-1.60804e-001
 2.056800000000e-004,-4.02010e-002
 2.057200000000e-004, 2.01005e-001
 2.057600000000e-004, 4.42211e-001
 2.058000000000e-004, 4.82412e-001
 2.058400000000e-004, 4.42211e-001
 2.058800000000e-004, 3.21608e-001
 2.059200000000e-004, 2.01005e-001
 2.059600000000e-004, 0.00000e+000
 2.060000000000e-004,-1.20603e-001
 2.060400000000e-004,-2.41206e-001
 2.060800000000e-004,-4.02010e-001
 2.061200000000e-004,-3.61809e-001
 2.061600000000e-004,-2.81407e-001
 2.062000000000e-004,-2.41206e-001
 2.062400000000e-004,-1.20603e-001
 2.062800000000e-004, 4.02010e-002
 2.063200000000e-004, 8.04020e-002
 2.063600000000e-004, 8.04020e-002
 2.064000000000e-004, 8.04020e-002
 2.064400000000e-004, 0.00000e+000
 2.064800000000e-004,-4.02010e-002
 2.065200000000e-004,-8.04020e-002
 2.065600000000e-004,-8.04020e-002
 2.066000000000e-004,-8.04020e-002
 2.066400000000e-004,-8.04020e-002
 2.066800000000e-004,-8.04020e-002
 2.067200000000e-004,-4.02010e-002
 2.067600000000e-004, 0.00000e+000
 2.068000000000e-004, 4.02010e-002
 2.068400000000e-004, 4.02010e-002
 2.068800000000e-004, 0.00000e+000
 2.069200000000e-004,-4.02010e-002
 2.069600000000e-004,-1.60804e-001
 2.070000000000e-004,-2.01005e-001
 2.070400000000e-004,-2.01005e-001
 2.070800000000e-004,-1.20603e-001
 2.071200000000e-004,-4.02010e-002
 2.071600000000e-004, 1.20603e-001
 2.072000000000e-004, 1.60804e-001
 2.072400000000e-004, 1.60804e-001
 2.072800000000e-004, 1.20603e-001
 2.073200000000e-004, 0.00000e+000
 2.073600000000e-004,-8.04020e-002
 2.074000000000e-004,-1.60804e-001
 2.074400000000e-004,-1.60804e-001
 2.074800000000e-004,-1.60804e-001
 2.075200000000e-004,-8.04020e-002
 2.075600000000e-004, 0.00000e+000
 2.076000000000e-004, 4.02010e-002
 2.076400000000e-004, 8.04020e-002
 2.076800000000e-004, 4.02010e-002
 2.077200000000e-004,-8.04020e-002
 2.077600000000e-004,-2.01005e-001
 2.078000000000e-004,-3.21608e-001
 2.078400000000e-004,-4.02010e-001
 2.078800000000e-004,-4.02010e-001
 2.079200000000e-004,-2.81407e-001
 2.079600000000e-004,-1.60804e-001
 2.080000000000e-004, 1.20603e-001
 2.080400000000e-004, 3.21608e-001
 2.080800000000e-004, 4.02010e-001
 2.081200000000e-004, 4.02010e-001
 2.081600000000e-004, 3.61809e-001
 2.082000000000e-004, 2.81407e-001
 2.082400000000e-004, 4.02010e-002
 2.082800000000e-004,-1.60804e-001
 2.083200000000e-004,-2.41206e-001
 2.083600000000e-004,-4.02010e-001
 2.084000000000e-004,-4.42211e-001
 2.084400000000e-004,-3.61809e-001
 2.084800000000e-004,-2.41206e-001
 2.085200000000e-004,-1.60804e-001
 2.085600000000e-004,-4.02010e-002
 2.086000000000e-004, 4.02010e-002
 2.086400000000e-004, 4.02010e-002
 2.086800000000e-004, 8.04020e-002
 2.087200000000e-004, 4.02010e-002
 2.087600000000e-004, 8.04020e-002
 2.088000000000e-004, 8.04020e-002
 2.088400000000e-004, 1.20603e-001
 2.088800000000e-004, 1.20603e-001
 2.089200000000e-004, 1.20603e-001
 2.089600000000e-004,-4.02010e-002
 2.090000000000e-004,-8.04020e-002
 2.090400000000e-004,-2.01005e-001
 2.090800000000e-004,-2.41206e-001
 2.091200000000e-004,-2.01005e-001
 2.091600000000e-004,-2.01005e-001
 2.092000000000e-004,-1.20603e-001
 2.092400000000e-004,-8.04020e-002
 2.092800000000e-004,-8.04020e-002
 2.093200000000e-004,-8.04020e-002
 2.093600000000e-004,-8.04020e-002
 2.094000000000e-004,-4.02010e-002
 2.094400000000e-004, 0.00000e+000
 2.094800000000e-004, 0.00000e+000
 2.095200000000e-004, 1.20603e-001
 2.095600000000e-004, 1.60804e-001
 2.096000000000e-004, 8.04020e-002
 2.096400000000e-004, 4.02010e-002
 2.096800000000e-004, 0.00000e+000
 2.097200000000e-004,-1.20603e-001
 2.097600000000e-004,-2.01005e-001
 2.098000000000e-004,-2.01005e-001
 2.098400000000e-004,-2.01005e-001
 2.098800000000e-004,-1.60804e-001
 2.099200000000e-004,-1.20603e-001
 2.099600000000e-004,-4.02010e-002
 2.100000000000e-004, 0.00000e+000
 2.100400000000e-004, 4.02010e-002
 2.100800000000e-004, 1.20603e-001
 2.101200000000e-004, 8.04020e-002
 2.101600000000e-004, 8.04020e-002
 2.102000000000e-004, 8.04020e-002
 2.102400000000e-004, 0.00000e+000
 2.102800000000e-004, 0.00000e+000
 2.103200000000e-004,-4.02010e-002
 2.103600000000e-004,-4.02010e-002
 2.104000000000e-004,-4.02010e-002
 2.104400000000e-004,-8.04020e-002
 2.104800000000e-004,-1.20603e-001
 2.105200000000e-004,-1.60804e-001
 2.105600000000e-004,-2.01005e-001
 2.106000000000e-004,-2.81407e-001
 2.106400000000e-004,-2.81407e-001
 2.106800000000e-004,-2.41206e-001
 2.107200000000e-004,-1.20603e-001
 2.107600000000e-004, 4.02010e-002
 2.108000000000e-004, 2.01005e-001
 2.108400000000e-004, 3.21608e-001
 2.108800000000e-004, 3.21608e-001
 2.109200000000e-004, 2.41206e-001
 2.109600000000e-004, 1.60804e-001
 2.110000000000e-004,-1.20603e-001
 2.110400000000e-004,-3.21608e-001
 2.110800000000e-004,-3.61809e-001
 2.111200000000e-004,-3.21608e-001
 2.111600000000e-004,-1.60804e-001
 2.112000000000e-004, 0.00000e+000
 2.112400000000e-004, 1.20603e-001
 2.112800000000e-004, 1.60804e-001
 2.113200000000e-004, 1.60804e-001
 2.113600000000e-004, 1.20603e-001
 2.114000000000e-004,-8.04020e-002
 2.114400000000e-004,-1.60804e-001
 2.114800000000e-004,-2.41206e-001
 2.115200000000e-004,-2.81407e-001
 2.115600000000e-004,-2.41206e-001
 2.116000000000e-004,-1.60804e-001
 2.116400000000e-004,-4.02010e-002
 2.116800000000e-004, 0.00000e+000
 2.117200000000e-004, 1.20603e-001
 2.117600000000e-004, 2.01005e-001
 2.118000000000e-004, 2.01005e-001
 2.118400000000e-004, 1.60804e-001
 2.118800000000e-004, 4.02010e-002
 2.119200000000e-004, 0.00000e+000
 2.119600000000e-004,-1.60804e-001
 2.120000000000e-004,-2.01005e-001
 2.120400000000e-004,-3.21608e-001
 2.120800000000e-004,-3.21608e-001
 2.121200000000e-004,-2.81407e-001
 2.121600000000e-004,-2.41206e-001
 2.122000000000e-004,-1.20603e-001
 2.122400000000e-004, 0.00000e+000
 2.122800000000e-004, 1.60804e-001
 2.123200000000e-004, 2.01005e-001
 2.123600000000e-004, 2.41206e-001
 2.124000000000e-004, 1.60804e-001
 2.124400000000e-004, 0.00000e+000
 2.124800000000e-004,-1.20603e-001
 2.125200000000e-004,-1.60804e-001
 2.125600000000e-004,-2.01005e-001
 2.126000000000e-004,-2.01005e-001
 2.126400000000e-004,-1.20603e-001
 2.126800000000e-004,-8.04020e-002
 2.127200000000e-004,-4.02010e-002
 2.127600000000e-004,-4.02010e-002
 2.128000000000e-004,-4.02010e-002
 2.128400000000e-004,-8.04020e-002
 2.128800000000e-004,-8.04020e-002
 2.129200000000e-004,-4.02010e-002
 2.129600000000e-004,-4.02010e-002
 2.130000000000e-004, 0.00000e+000
 2.130400000000e-004, 4.02010e-002
 2.130800000000e-004, 4.02010e-002
 2.131200000000e-004, 4.02010e-002
 2.131600000000e-004, 4.02010e-002
 2.132000000000e-004, 4.02010e-002
 2.132400000000e-004, 0.00000e+000
 2.132800000000e-004,-8.04020e-002
 2.133200000000e-004,-1.20603e-001
 2.133600000000e-004,-2.01005e-001
 2.134000000000e-004,-2.81407e-001
 2.134400000000e-004,-2.81407e-001
 2.134800000000e-004,-2.41206e-001
 2.135200000000e-004,-4.02010e-002
 2.135600000000e-004,-4.02010e-002
 2.136000000000e-004, 1.20603e-001
 2.136400000000e-004, 2.81407e-001
 2.136800000000e-004, 2.81407e-001
 2.137200000000e-004, 2.41206e-001
 2.137600000000e-004, 8.04020e-002
 2.138000000000e-004,-8.04020e-002
 2.138400000000e-004,-2.01005e-001
 2.138800000000e-004,-2.81407e-001
 2.139200000000e-004,-3.61809e-001
 2.139600000000e-004,-2.41206e-001
 2.140000000000e-004,-1.60804e-001
 2.140400000000e-004, 4.02010e-002
 2.140800000000e-004, 1.20603e-001
 2.141200000000e-004, 2.01005e-001
 2.141600000000e-004, 1.60804e-001
 2.142000000000e-004, 1.20603e-001
 2.142400000000e-004, 0.00000e+000
 2.142800000000e-004,-8.04020e-002
 2.143200000000e-004,-2.01005e-001
 2.143600000000e-004,-2.01005e-001
 2.144000000000e-004,-2.01005e-001
 2.144400000000e-004,-1.60804e-001
 2.144800000000e-004,-1.20603e-001
 2.145200000000e-004,-8.04020e-002
 2.145600000000e-004,-4.02010e-002
 2.146000000000e-004,-4.02010e-002
 2.146400000000e-004, 0.00000e+000
 2.146800000000e-004, 4.02010e-002
 2.147200000000e-004, 4.02010e-002
 2.147600000000e-004, 4.02010e-002
 2.148000000000e-004, 0.00000e+000
 2.148400000000e-004,-8.04020e-002
 2.148800000000e-004,-1.20603e-001
 2.149200000000e-004,-2.01005e-001
 2.149600000000e-004,-2.41206e-001
 2.150000000000e-004,-2.41206e-001
 2.150400000000e-004,-1.60804e-001
 2.150800000000e-004,-4.02010e-002
 2.151200000000e-004, 8.04020e-002
 2.151600000000e-004, 1.60804e-001
 2.152000000000e-004, 1.60804e-001
 2.152400000000e-004, 1.20603e-001
 2.152800000000e-004, 4.02010e-002
 2.153200000000e-004,-8.04020e-002
 2.153600000000e-004,-1.20603e-001
 2.154000000000e-004,-1.20603e-001
 2.154400000000e-004,-8.04020e-002
 2.154800000000e-004,-4.02010e-002
 2.155200000000e-004, 0.00000e+000
 2.155600000000e-004, 0.00000e+000
 2.156000000000e-004, 0.00000e+000
 2.156400000000e-004,-4.02010e-002
 2.156800000000e-004,-8.04020e-002
 2.157200000000e-004,-8.04020e-002
 2.157600000000e-004,-1.20603e-001
 2.158000000000e-004,-1.20603e-001
 2.158400000000e-004,-8.04020e-002
 2.158800000000e-004,-8.04020e-002
 2.159200000000e-004,-4.02010e-002
 2.159600000000e-004, 0.00000e+000
 2.160000000000e-004, 0.00000e+000
 2.160400000000e-004,-4.02010e-002
 2.160800000000e-004,-4.02010e-002
 2.161200000000e-004,-4.02010e-002
 2.161600000000e-004,-8.04020e-002
 2.162000000000e-004,-1.20603e-001
 2.162400000000e-004,-1.20603e-001
 2.162800000000e-004,-1.60804e-001
 2.163200000000e-004,-8.04020e-002
 2.163600000000e-004,-8.04020e-002
 2.164000000000e-004, 0.00000e+000
 2.164400000000e-004, 8.04020e-002
 2.164800000000e-004, 1.20603e-001
 2.165200000000e-004, 1.20603e-001
 2.165600000000e-004, 4.02010e-002
 2.166000000000e-004, 0.00000e+000
 2.166400000000e-004,-8.04020e-002
 2.166800000000e-004,-1.20603e-001
 2.167200000000e-004,-1.20603e-001
 2.167600000000e-004,-1.20603e-001
 2.168000000000e-004,-8.04020e-002
 2.168400000000e-004,-8.04020e-002
 2.168800000000e-004,-8.04020e-002
 2.169200000000e-004,-8.04020e-002
 2.169600000000e-004,-4.02010e-002
 2.170000000000e-004, 0.00000e+000
 2.170400000000e-004, 0.00000e+000
 2.170800000000e-004, 4.02010e-002
 2.171200000000e-004, 8.04020e-002
 2.171600000000e-004, 4.02010e-002
 2.172000000000e-004, 0.00000e+000
 2.172400000000e-004,-8.04020e-002
 2.172800000000e-004,-1.20603e-001
 2.173200000000e-004,-1.60804e-001
 2.173600000000e-004,-1.60804e-001
 2.174000000000e-004,-1.20603e-001
 2.174400000000e-004,-1.20603e-001
 2.174800000000e-004,-8.04020e-002
 2.175200000000e-004,-4.02010e-002
 2.175600000000e-004,-4.02010e-002
 2.176000000000e-004,-4.02010e-002
 2.176400000000e-004,-8.04020e-002
 2.176800000000e-004,-8.04020e-002
 2.177200000000e-004,-4.02010e-002
 2.177600000000e-004, 0.00000e+000
 2.178000000000e-004, 0.00000e+000
 2.178400000000e-004,-4.02010e-002
 2.178800000000e-004,-4.02010e-002
 2.179200000000e-004,-4.02010e-002
 2.179600000000e-004,-4.02010e-002
 2.180000000000e-004,-8.04020e-002
 2.180400000000e-004,-4.02010e-002
 2.180800000000e-004,-4.02010e-002
 2.181200000000e-004, 0.00000e+000
 2.181600000000e-004,-4.02010e-002
 2.182000000000e-004,-4.02010e-002
 2.182400000000e-004,-8.04020e-002
 2.182800000000e-004,-8.04020e-002
 2.183200000000e-004,-4.02010e-002
 2.183600000000e-004, 0.00000e+000
 2.184000000000e-004, 0.00000e+000
 2.184400000000e-004, 4.02010e-002
 2.184800000000e-004, 0.00000e+000
 2.185200000000e-004,-4.02010e-002
 2.185600000000e-004,-8.04020e-002
 2.186000000000e-004,-8.04020e-002
 2.186400000000e-004,-8.04020e-002
 2.186800000000e-004,-8.04020e-002
 2.187200000000e-004,-4.02010e-002
 2.187600000000e-004,-4.02010e-002
 2.188000000000e-004,-4.02010e-002
 2.188400000000e-004,-4.02010e-002
 2.188800000000e-004,-4.02010e-002
 2.189200000000e-004,-8.04020e-002
 2.189600000000e-004,-8.04020e-002
 2.190000000000e-004,-8.04020e-002
 2.190400000000e-004,-4.02010e-002
 2.190800000000e-004,-4.02010e-002
 2.191200000000e-004,-4.02010e-002
 2.191600000000e-004,-4.02010e-002
 2.192000000000e-004,-4.02010e-002
 2.192400000000e-004,-4.02010e-002
 2.192800000000e-004, 0.00000e+000
 2.193200000000e-004, 0.00000e+000
 2.193600000000e-004, 0.00000e+000
 2.194000000000e-004,-4.02010e-002
 2.194400000000e-004,-4.02010e-002
 2.194800000000e-004,-8.04020e-002
 2.195200000000e-004,-8.04020e-002
 2.195600000000e-004,-8.04020e-002
 2.196000000000e-004,-8.04020e-002
 2.196400000000e-004,-4.02010e-002
 2.196800000000e-004, 0.00000e+000
 2.197200000000e-004, 0.00000e+000
 2.197600000000e-004, 0.00000e+000
 2.198000000000e-004,-8.04020e-002
 2.198400000000e-004,-1.20603e-001
 2.198800000000e-004,-1.20603e-001
 2.199200000000e-004,-8.04020e-002
 2.199600000000e-004,-4.02010e-002
 2.200000000000e-004, 0.00000e+000
 2.200400000000e-004, 4.02010e-002
 2.200800000000e-004, 4.02010e-002
 2.201200000000e-004,-4.02010e-002
 2.201600000000e-004,-4.02010e-002
 2.202000000000e-004,-8.04020e-002
 2.202400000000e-004,-1.20603e-001
 2.202800000000e-004,-1.20603e-001
 2.203200000000e-004,-1.20603e-001
 2.203600000000e-004,-1.60804e-001
 2.204000000000e-004,-1.20603e-001
 2.204400000000e-004,-1.20603e-001
 2.204800000000e-004,-1.20603e-001
 2.205200000000e-004,-4.02010e-002
 2.205600000000e-004, 0.00000e+000
 2.206000000000e-004, 8.04020e-002
 2.206400000000e-004, 1.20603e-001
 2.206800000000e-004, 1.20603e-001
 2.207200000000e-004, 8.04020e-002
 2.207600000000e-004, 4.02010e-002
 2.208000000000e-004,-1.20603e-001
 2.208400000000e-004,-2.01005e-001
 2.208800000000e-004,-2.01005e-001
 2.209200000000e-004,-2.01005e-001
 2.209600000000e-004,-1.60804e-001
 2.210000000000e-004,-8.04020e-002
 2.210400000000e-004, 4.02010e-002
 2.210800000000e-004, 4.02010e-002
 2.211200000000e-004, 4.02010e-002
 2.211600000000e-004,-4.02010e-002
 2.212000000000e-004,-8.04020e-002
 2.212400000000e-004,-8.04020e-002
 2.212800000000e-004,-8.04020e-002
 2.213200000000e-004,-8.04020e-002
 2.213600000000e-004,-4.02010e-002
 2.214000000000e-004,-4.02010e-002
 2.214400000000e-004,-4.02010e-002
 2.214800000000e-004,-4.02010e-002
 2.215200000000e-004,-8.04020e-002
 2.215600000000e-004,-8.04020e-002
 2.216000000000e-004,-8.04020e-002
 2.216400000000e-004,-8.04020e-002
 2.216800000000e-004,-8.04020e-002
 2.217200000000e-004,-4.02010e-002
 2.217600000000e-004,-8.04020e-002
 2.218000000000e-004,-8.04020e-002
 2.218400000000e-004,-4.02010e-002
 2.218800000000e-004,-4.02010e-002
 2.219200000000e-004,-4.02010e-002
 2.219600000000e-004, 0.00000e+000
 2.220000000000e-004, 0.00000e+000
 2.220400000000e-004, 0.00000e+000
 2.220800000000e-004,-8.04020e-002
 2.221200000000e-004,-8.04020e-002
 2.221600000000e-004,-1.20603e-001
 2.222000000000e-004,-1.20603e-001
 2.222400000000e-004,-8.04020e-002
 2.222800000000e-004,-4.02010e-002
 2.223200000000e-004, 0.00000e+000
 2.223600000000e-004, 4.02010e-002
 2.224000000000e-004, 4.02010e-002
 2.224400000000e-004, 4.02010e-002
 2.224800000000e-004, 0.00000e+000
 2.225200000000e-004, 0.00000e+000
 2.225600000000e-004,-4.02010e-002
 2.226000000000e-004,-4.02010e-002
 2.226400000000e-004,-1.20603e-001
 2.226800000000e-004,-1.20603e-001
 2.227200000000e-004,-1.60804e-001
 2.227600000000e-004,-1.20603e-001
 2.228000000000e-004,-1.20603e-001
 2.228400000000e-004,-4.02010e-002
 2.228800000000e-004, 0.00000e+000
 2.229200000000e-004, 4.02010e-002
 2.229600000000e-004, 4.02010e-002
 2.230000000000e-004, 0.00000e+000
 2.230400000000e-004,-4.02010e-002
 2.230800000000e-004,-1.20603e-001
 2.231200000000e-004,-1.20603e-001
 2.231600000000e-004,-1.60804e-001
 2.232000000000e-004,-1.20603e-001
 2.232400000000e-004,-1.20603e-001
 2.232800000000e-004,-8.04020e-002
 2.233200000000e-004,-8.04020e-002
 2.233600000000e-004,-4.02010e-002
 2.234000000000e-004, 0.00000e+000
 2.234400000000e-004, 4.02010e-002
 2.234800000000e-004, 4.02010e-002
 2.235200000000e-004, 4.02010e-002
 2.235600000000e-004, 8.04020e-002
 2.236000000000e-004, 4.02010e-002
 2.236400000000e-004, 4.02010e-002
 2.236800000000e-004,-4.02010e-002
 2.237200000000e-004,-1.20603e-001
 2.237600000000e-004,-1.60804e-001
 2.238000000000e-004,-1.60804e-001
 2.238400000000e-004,-1.60804e-001
 2.238800000000e-004,-8.04020e-002
 2.239200000000e-004,-4.02010e-002
 2.239600000000e-004, 0.00000e+000
 2.240000000000e-004, 0.00000e+000
 2.240400000000e-004, 0.00000e+000
 2.240800000000e-004,-4.02010e-002
 2.241200000000e-004,-4.02010e-002
 2.241600000000e-004,-8.04020e-002
 2.242000000000e-004,-4.02010e-002
 2.242400000000e-004,-4.02010e-002
 2.242800000000e-004, 0.00000e+000
 2.243200000000e-004,-4.02010e-002
 2.243600000000e-004,-4.02010e-002
 2.244000000000e-004,-4.02010e-002
 2.244400000000e-004,-1.20603e-001
 2.244800000000e-004,-8.04020e-002
 2.245200000000e-004,-8.04020e-002
 2.245600000000e-004,-8.04020e-002
 2.246000000000e-004,-4.02010e-002
 2.246400000000e-004,-4.02010e-002
 2.246800000000e-004, 0.00000e+000
 2.247200000000e-004, 0.00000e+000
 2.247600000000e-004, 0.00000e+000
 2.248000000000e-004, 0.00000e+000
 2.248400000000e-004,-4.02010e-002
 2.248800000000e-004,-4.02010e-002
 2.249200000000e-004,-8.04020e-002
 2.249600000000e-004,-8.04020e-002
 2.250000000000e-004,-8.04020e-002
 2.250400000000e-004,-1.20603e-001
 2.250800000000e-004,-8.04020e-002
 2.251200000000e-004,-8.04020e-002
 2.251600000000e-004,-4.02010e-002
 2.252000000000e-004, 0.00000e+000
 2.252400000000e-004, 4.02010e-002
 2.252800000000e-004, 4.02010e-002
 2.253200000000e-004, 0.00000e+000
 2.253600000000e-004, 0.00000e+000
 2.254000000000e-004,-4.02010e-002
 2.254400000000e-004,-4.02010e-002
 2.254800000000e-004,-4.02010e-002
 2.255200000000e-004,-4.02010e-002
 2.255600000000e-004,-8.04020e-002
 2.256000000000e-004,-8.04020e-002
 2.256400000000e-004,-8.04020e-002
 2.256800000000e-004,-8.04020e-002
 2.257200000000e-004,-4.02010e-002
 2.257600000000e-004,-4.02010e-002
 2.258000000000e-004, 0.00000e+000
 2.258400000000e-004,-4.02010e-002
 2.258800000000e-004, 0.00000e+000
 2.259200000000e-004,-4.02010e-002
 2.259600000000e-004,-8.04020e-002
 2.260000000000e-004,-8.04020e-002
 2.260400000000e-004,-8.04020e-002
 2.260800000000e-004,-8.04020e-002
 2.261200000000e-004,-4.02010e-002
 2.261600000000e-004,-4.02010e-002
 2.262000000000e-004, 0.00000e+000
 2.262400000000e-004, 0.00000e+000
 2.262800000000e-004, 0.00000e+000
 2.263200000000e-004,-4.02010e-002
 2.263600000000e-004,-4.02010e-002
 2.264000000000e-004,-4.02010e-002
 2.264400000000e-004,-4.02010e-002
 2.264800000000e-004, 0.00000e+000
 2.265200000000e-004, 0.00000e+000
 2.265600000000e-004, 0.00000e+000
 2.266000000000e-004, 0.00000e+000
 2.266400000000e-004,-4.02010e-002
 2.266800000000e-004,-8.04020e-002
 2.267200000000e-004,-1.20603e-001
 2.267600000000e-004,-1.20603e-001
 2.268000000000e-004,-1.20603e-001
 2.268400000000e-004,-8.04020e-002
 2.268800000000e-004,-4.02010e-002
 2.269200000000e-004,-4.02010e-002
 2.269600000000e-004, 0.00000e+000
 2.270000000000e-004,-4.02010e-002
 2.270400000000e-004,-4.02010e-002
 2.270800000000e-004,-4.02010e-002
 2.271200000000e-004,-4.02010e-002
 2.271600000000e-004, 0.00000e+000
 2.272000000000e-004,-4.02010e-002
 2.272400000000e-004,-4.02010e-002
 2.272800000000e-004,-8.04020e-002
 2.273200000000e-004,-8.04020e-002
 2.273600000000e-004,-8.04020e-002
 2.274000000000e-004,-8.04020e-002
 2.274400000000e-004,-8.04020e-002
 2.274800000000e-004,-4.02010e-002
 2.275200000000e-004, 0.00000e+000
 2.275600000000e-004, 0.00000e+000
 2.276000000000e-004, 0.00000e+000
 2.276400000000e-004, 0.00000e+000
 2.276800000000e-004, 0.00000e+000
 2.277200000000e-004,-4.02010e-002
 2.277600000000e-004,-4.02010e-002
 2.278000000000e-004,-4.02010e-002
 2.278400000000e-004,-8.04020e-002
 2.278800000000e-004,-8.04020e-002
 2.279200000000e-004,-8.04020e-002
 2.279600000000e-004,-8.04020e-002
 2.280000000000e-004,-8.04020e-002
 2.280400000000e-004,-8.04020e-002
 2.280800000000e-004,-4.02010e-002
 2.281200000000e-004, 0.00000e+000
 2.281600000000e-004, 0.00000e+000
 2.282000000000e-004, 0.00000e+000
 2.282400000000e-004, 4.02010e-002
 2.282800000000e-004, 0.00000e+000
 2.283200000000e-004, 0.00000e+000
 2.283600000000e-004,-4.02010e-002
 2.284000000000e-004,-4.02010e-002
 2.284400000000e-004,-8.04020e-002
 2.284800000000e-004,-8.04020e-002
 2.285200000000e-004,-8.04020e-002
 2.285600000000e-004,-8.04020e-002
 2.286000000000e-004,-8.04020e-002
 2.286400000000e-004,-8.04020e-002
 2.286800000000e-004,-4.02010e-002
 2.287200000000e-004,-4.02010e-002
 2.287600000000e-004,-4.02010e-002
 2.288000000000e-004,-4.02010e-002
 2.288400000000e-004,-4.02010e-002
 2.288800000000e-004,-4.02010e-002
 2.289200000000e-004,-4.02010e-002
 2.289600000000e-004,-4.02010e-002
 2.290000000000e-004, 0.00000e+000
 2.290400000000e-004, 0.00000e+000
 2.290800000000e-004, 0.00000e+000
 2.291200000000e-004,-4.02010e-002
 2.291600000000e-004,-8.04020e-002
 2.292000000000e-004,-8.04020e-002
 2.292400000000e-004,-8.04020e-002
 2.292800000000e-004,-8.04020e-002
 2.293200000000e-004,-4.02010e-002
 2.293600000000e-004,-8.04020e-002
 2.294000000000e-004, 4.02010e-002
 2.294400000000e-004, 4.02010e-002
 2.294800000000e-004, 4.02010e-002
 2.295200000000e-004, 4.02010e-002
 2.295600000000e-004, 0.00000e+000
 2.296000000000e-004,-8.04020e-002
 2.296400000000e-004,-1.20603e-001
 2.296800000000e-004,-1.60804e-001
 2.297200000000e-004,-1.20603e-001
 2.297600000000e-004,-1.20603e-001
 2.298000000000e-004,-8.04020e-002
 2.298400000000e-004,-8.04020e-002
 2.298800000000e-004, 0.00000e+000
 2.299200000000e-004, 0.00000e+000
 2.299600000000e-004, 0.00000e+000
 2.300000000000e-004, 0.00000e+000
 2.300400000000e-004, 0.00000e+000
 2.300800000000e-004,-4.02010e-002
 2.301200000000e-004,-4.02010e-002
 2.301600000000e-004,-8.04020e-002
 2.302000000000e-004,-8.04020e-002
 2.302400000000e-004,-1.20603e-001
 2.302800000000e-004,-8.04020e-002
 2.303200000000e-004,-8.04020e-002
 2.303600000000e-004,-4.02010e-002
 2.304000000000e-004, 0.00000e+000
 2.304400000000e-004, 0.00000e+000
 2.304800000000e-004, 0.00000e+000
 2.305200000000e-004, 0.00000e+000
 2.305600000000e-004,-4.02010e-002
 2.306000000000e-004,-4.02010e-002
 2.306400000000e-004,-4.02010e-002
 2.306800000000e-004,-8.04020e-002
 2.307200000000e-004,-4.02010e-002
 2.307600000000e-004,-4.02010e-002
 2.308000000000e-004,-4.02010e-002
 2.308400000000e-004,-4.02010e-002
 2.308800000000e-004,-4.02010e-002
 2.309200000000e-004,-8.04020e-002
 2.309600000000e-004,-1.20603e-001
 2.310000000000e-004,-1.20603e-001
 2.310400000000e-004,-8.04020e-002
 2.310800000000e-004,-8.04020e-002
 2.311200000000e-004, 0.00000e+000
 2.311600000000e-004, 4.02010e-002
 2.312000000000e-004, 4.02010e-002
 2.312400000000e-004, 0.00000e+000
 2.312800000000e-004, 0.00000e+000
 2.313200000000e-004,-4.02010e-002
 2.313600000000e-004,-4.02010e-002
 2.314000000000e-004,-8.04020e-002
 2.314400000000e-004,-8.04020e-002
 2.314800000000e-004,-8.04020e-002
 2.315200000000e-004,-8.04020e-002
 2.315600000000e-004,-8.04020e-002
 2.316000000000e-004,-4.02010e-002
 2.316400000000e-004, 0.00000e+000
 2.316800000000e-004, 0.00000e+000
 2.317200000000e-004, 4.02010e-002
 2.317600000000e-004, 4.02010e-002
 2.318000000000e-004, 0.00000e+000
 2.318400000000e-004, 0.00000e+000
 2.318800000000e-004,-8.04020e-002
 2.319200000000e-004,-8.04020e-002
 2.319600000000e-004,-1.20603e-001
 2.320000000000e-004,-1.20603e-001
 2.320400000000e-004,-8.04020e-002
 2.320800000000e-004,-8.04020e-002
 2.321200000000e-004,-8.04020e-002
 2.321600000000e-004,-8.04020e-002
 2.322000000000e-004,-4.02010e-002
 2.322400000000e-004, 0.00000e+000
 2.322800000000e-004, 0.00000e+000
 2.323200000000e-004, 0.00000e+000
 2.323600000000e-004, 0.00000e+000
 2.324000000000e-004, 4.02010e-002
 2.324400000000e-004, 0.00000e+000
 2.324800000000e-004, 0.00000e+000
 2.325200000000e-004,-4.02010e-002
 2.325600000000e-004,-4.02010e-002
 2.326000000000e-004,-8.04020e-002
 2.326400000000e-004,-8.04020e-002
 2.326800000000e-004,-1.20603e-001
 2.327200000000e-004,-1.20603e-001
 2.327600000000e-004,-1.20603e-001
 2.328000000000e-004,-1.20603e-001
 2.328400000000e-004,-4.02010e-002
 2.328800000000e-004,-4.02010e-002
 2.329200000000e-004, 0.00000e+000
 2.329600000000e-004, 0.00000e+000
 2.330000000000e-004, 0.00000e+000
 2.330400000000e-004, 0.00000e+000
 2.330800000000e-004,-4.02010e-002
 2.331200000000e-004,-8.04020e-002
 2.331600000000e-004,-8.04020e-002
 2.332000000000e-004,-8.04020e-002
 2.332400000000e-004,-8.04020e-002
 2.332800000000e-004,-8.04020e-002
 2.333200000000e-004,-4.02010e-002
 2.333600000000e-004, 0.00000e+000
 2.334000000000e-004, 0.00000e+000
 2.334400000000e-004, 0.00000e+000
 2.334800000000e-004,-4.02010e-002
 2.335200000000e-004,-4.02010e-002
 2.335600000000e-004,-4.02010e-002
 2.336000000000e-004,-4.02010e-002
 2.336400000000e-004,-4.02010e-002
 2.336800000000e-004,-4.02010e-002
 2.337200000000e-004,-4.02010e-002
 2.337600000000e-004,-4.02010e-002
 2.338000000000e-004,-8.04020e-002
 2.338400000000e-004,-1.20603e-001
 2.338800000000e-004,-1.20603e-001
 2.339200000000e-004,-1.20603e-001
 2.339600000000e-004,-8.04020e-002
 2.340000000000e-004,-4.02010e-002
 2.340400000000e-004,-4.02010e-002
 2.340800000000e-004, 4.02010e-002
 2.341200000000e-004, 4.02010e-002
 2.341600000000e-004, 4.02010e-002
 2.342000000000e-004, 0.00000e+000
 2.342400000000e-004,-4.02010e-002
 2.342800000000e-004,-8.04020e-002
 2.343200000000e-004,-8.04020e-002
 2.343600000000e-004,-8.04020e-002
 2.344000000000e-004,-8.04020e-002
 2.344400000000e-004,-8.04020e-002
 2.344800000000e-004,-4.02010e-002
 2.345200000000e-004,-4.02010e-002
 2.345600000000e-004, 0.00000e+000
 2.346000000000e-004, 0.00000e+000
 2.346400000000e-004, 4.02010e-002
 2.346800000000e-004, 4.02010e-002
 2.347200000000e-004, 0.00000e+000
 2.347600000000e-004,-4.02010e-002
 2.348000000000e-004,-8.04020e-002
 2.348400000000e-004,-1.20603e-001
 2.348800000000e-004,-1.20603e-001
 2.349200000000e-004,-8.04020e-002
 2.349600000000e-004,-8.04020e-002
 2.350000000000e-004,-4.02010e-002
 2.350400000000e-004,-8.04020e-002
 2.350800000000e-004,-4.02010e-002
 2.351200000000e-004,-4.02010e-002
 2.351600000000e-004,-4.02010e-002
 2.352000000000e-004,-4.02010e-002
 2.352400000000e-004, 0.00000e+000
 2.352800000000e-004, 0.00000e+000
 2.353200000000e-004, 4.02010e-002
 2.353600000000e-004, 4.02010e-002
 2.354000000000e-004, 4.02010e-002
 2.354400000000e-004, 0.00000e+000
 2.354800000000e-004,-8.04020e-002
 2.355200000000e-004,-1.20603e-001
 2.355600000000e-004,-1.60804e-001
 2.356000000000e-004,-1.20603e-001
 2.356400000000e-004,-8.04020e-002
 2.356800000000e-004,-8.04020e-002
 2.357200000000e-004,-8.04020e-002
 2.357600000000e-004,-4.02010e-002
 2.358000000000e-004,-4.02010e-002
 2.358400000000e-004,-4.02010e-002
 2.358800000000e-004,-4.02010e-002
 2.359200000000e-004, 0.00000e+000
 2.359600000000e-004, 0.00000e+000
 2.360000000000e-004,-4.02010e-002
 2.360400000000e-004,-4.02010e-002
 2.360800000000e-004,-8.04020e-002
 2.361200000000e-004,-8.04020e-002
 2.361600000000e-004,-4.02010e-002
 2.362000000000e-004,-8.04020e-002
 2.362400000000e-004, 0.00000e+000
 2.362800000000e-004,-4.02010e-002
 2.363200000000e-004, 0.00000e+000
 2.363600000000e-004,-4.02010e-002
 2.364000000000e-004,-4.02010e-002
 2.364400000000e-004,-4.02010e-002
 2.364800000000e-004,-8.04020e-002
 2.365200000000e-004,-4.02010e-002
 2.365600000000e-004,-4.02010e-002
 2.366000000000e-004,-4.02010e-002
 2.366400000000e-004,-4.02010e-002
 2.366800000000e-004,-4.02010e-002
 2.367200000000e-004,-8.04020e-002
 2.367600000000e-004,-8.04020e-002
 2.368000000000e-004,-1.60804e-001
 2.368400000000e-004,-1.60804e-001
 2.368800000000e-004,-1.20603e-001
 2.369200000000e-004,-4.02010e-002
 2.369600000000e-004, 4.02010e-002
 2.370000000000e-004, 4.02010e-002
 2.370400000000e-004, 4.02010e-002
 2.370800000000e-004, 4.02010e-002
 2.371200000000e-004, 0.00000e+000
 2.371600000000e-004, 0.00000e+000
 2.372000000000e-004,-4.02010e-002
 2.372400000000e-004,-8.04020e-002
 2.372800000000e-004,-4.02010e-002
 2.373200000000e-004,-8.04020e-002
 2.373600000000e-004,-8.04020e-002
 2.374000000000e-004,-4.02010e-002
 2.374400000000e-004,-8.04020e-002
 2.374800000000e-004,-4.02010e-002
 2.375200000000e-004,-4.02010e-002
 2.375600000000e-004,-4.02010e-002
 2.376000000000e-004,-4.02010e-002
 2.376400000000e-004,-4.02010e-002
 2.376800000000e-004,-4.02010e-002
 2.377200000000e-004,-4.02010e-002
 2.377600000000e-004,-8.04020e-002
 2.378000000000e-004,-8.04020e-002
 2.378400000000e-004,-8.04020e-002
 2.378800000000e-004,-8.04020e-002
 2.379200000000e-004,-4.02010e-002
 2.379600000000e-004,-4.02010e-002
 2.380000000000e-004,-8.04020e-002
 2.380400000000e-004,-8.04020e-002
 2.380800000000e-004,-8.04020e-002
 2.381200000000e-004,-8.04020e-002
 2.381600000000e-004,-4.02010e-002
 2.382000000000e-004, 4.02010e-002
 2.382400000000e-004, 4.02010e-002
 2.382800000000e-004, 8.04020e-002
 2.383200000000e-004, 8.04020e-002
 2.383600000000e-004, 4.02010e-002
 2.384000000000e-004, 0.00000e+000
 2.384400000000e-004,-8.04020e-002
 2.384800000000e-004,-1.20603e-001
 2.385200000000e-004,-1.20603e-001
 2.385600000000e-004,-1.20603e-001
 2.386000000000e-004,-8.04020e-002
 2.386400000000e-004,-8.04020e-002
 2.386800000000e-004,-4.02010e-002
 2.387200000000e-004, 0.00000e+000
 2.387600000000e-004,-4.02010e-002
 2.388000000000e-004, 0.00000e+000
 2.388400000000e-004, 0.00000e+000
 2.388800000000e-004,-4.02010e-002
 2.389200000000e-004,-4.02010e-002
 2.389600000000e-004,-8.04020e-002
 2.390000000000e-004,-8.04020e-002
 2.390400000000e-004,-1.20603e-001
 2.390800000000e-004,-8.04020e-002
 2.391200000000e-004,-8.04020e-002
 2.391600000000e-004,-4.02010e-002
 2.392000000000e-004, 0.00000e+000
 2.392400000000e-004, 0.00000e+000
 2.392800000000e-004,-4.02010e-002
 2.393200000000e-004, 0.00000e+000
 2.393600000000e-004, 0.00000e+000
 2.394000000000e-004,-4.02010e-002
 2.394400000000e-004,-4.02010e-002
 2.394800000000e-004,-4.02010e-002
 2.395200000000e-004,-4.02010e-002
 2.395600000000e-004,-4.02010e-002
 2.396000000000e-004,-4.02010e-002
 2.396400000000e-004,-8.04020e-002
 2.396800000000e-004,-1.20603e-001
 2.397200000000e-004,-1.20603e-001
 2.397600000000e-004,-1.20603e-001
 2.398000000000e-004,-1.20603e-001
 2.398400000000e-004,-8.04020e-002
 2.398800000000e-004,-4.02010e-002
 2.399200000000e-004,-4.02010e-002
 2.399600000000e-004, 0.00000e+000
 2.400000000000e-004, 0.00000e+000
 2.400400000000e-004, 0.00000e+000
 2.400800000000e-004, 0.00000e+000
 2.401200000000e-004, 0.00000e+000
 2.401600000000e-004,-4.02010e-002
 2.402000000000e-004, 0.00000e+000
 2.402400000000e-004,-4.02010e-002
 2.402800000000e-004,-4.02010e-002
 2.403200000000e-004,-8.04020e-002
 2.403600000000e-004,-8.04020e-002
 2.404000000000e-004,-4.02010e-002
 2.404400000000e-004,-4.02010e-002
 2.404800000000e-004,-4.02010e-002
 2.405200000000e-004, 0.00000e+000
 2.405600000000e-004, 0.00000e+000
 2.406000000000e-004,-4.02010e-002
 2.406400000000e-004,-4.02010e-002
 2.406800000000e-004,-8.04020e-002
 2.407200000000e-004,-8.04020e-002
 2.407600000000e-004,-8.04020e-002
 2.408000000000e-004,-8.04020e-002
 2.408400000000e-004,-8.04020e-002
 2.408800000000e-004,-8.04020e-002
 2.409200000000e-004,-8.04020e-002
 2.409600000000e-004,-8.04020e-002
 2.410000000000e-004,-8.04020e-002
 2.410400000000e-004,-8.04020e-002
 2.410800000000e-004, 0.00000e+000
 2.411200000000e-004, 0.00000e+000
 2.411600000000e-004, 4.02010e-002
 2.412000000000e-004, 4.02010e-002
 2.412400000000e-004, 4.02010e-002
 2.412800000000e-004,-4.02010e-002
 2.413200000000e-004,-8.04020e-002
 2.413600000000e-004,-1.20603e-001
 2.414000000000e-004,-1.20603e-001
 2.414400000000e-004,-8.04020e-002
 2.414800000000e-004,-4.02010e-002
 2.415200000000e-004,-4.02010e-002
 2.415600000000e-004, 0.00000e+000
 2.416000000000e-004,-4.02010e-002
 2.416400000000e-004,-8.04020e-002
 2.416800000000e-004,-8.04020e-002
 2.417200000000e-004,-8.04020e-002
 2.417600000000e-004,-8.04020e-002
 2.418000000000e-004,-8.04020e-002
 2.418400000000e-004,-4.02010e-002
 2.418800000000e-004,-4.02010e-002
 2.419200000000e-004,-4.02010e-002
 2.419600000000e-004,-4.02010e-002
 2.420000000000e-004,-4.02010e-002
 2.420400000000e-004,-4.02010e-002
 2.420800000000e-004,-8.04020e-002
 2.421200000000e-004,-4.02010e-002
 2.421600000000e-004,-4.02010e-002
 2.422000000000e-004,-4.02010e-002
 2.422400000000e-004, 0.00000e+000
 2.422800000000e-004,-4.02010e-002
 2.423200000000e-004, 0.00000e+000
 2.423600000000e-004, 0.00000e+000
 2.424000000000e-004, 0.00000e+000
 2.424400000000e-004, 0.00000e+000
 2.424800000000e-004, 0.00000e+000
 2.425200000000e-004,-4.02010e-002
 2.425600000000e-004,-8.04020e-002
 2.426000000000e-004,-1.20603e-001
 2.426400000000e-004,-1.60804e-001
 2.426800000000e-004,-1.20603e-001
 2.427200000000e-004,-1.20603e-001
 2.427600000000e-004,-4.02010e-002
 2.428000000000e-004,-4.02010e-002
 2.428400000000e-004, 0.00000e+000
 2.428800000000e-004, 0.00000e+000
 2.429200000000e-004, 0.00000e+000
 2.429600000000e-004, 0.00000e+000
 2.430000000000e-004,-4.02010e-002
 2.430400000000e-004, 0.00000e+000
 2.430800000000e-004,-4.02010e-002
 2.431200000000e-004,-4.02010e-002
 2.431600000000e-004,-4.02010e-002
 2.432000000000e-004,-4.02010e-002
 2.432400000000e-004,-4.02010e-002
 2.432800000000e-004,-8.04020e-002
 2.433200000000e-004,-8.04020e-002
 2.433600000000e-004,-4.02010e-002
 2.434000000000e-004, 0.00000e+000
 2.434400000000e-004, 0.00000e+000
 2.434800000000e-004,-4.02010e-002
 2.435200000000e-004,-4.02010e-002
 2.435600000000e-004,-4.02010e-002
 2.436000000000e-004,-4.02010e-002
 2.436400000000e-004,-4.02010e-002
 2.436800000000e-004,-4.02010e-002
 2.437200000000e-004,-8.04020e-002
 2.437600000000e-004,-8.04020e-002
 2.438000000000e-004,-8.04020e-002
 2.438400000000e-004,-8.04020e-002
 2.438800000000e-004,-1.20603e-001
 2.439200000000e-004,-8.04020e-002
 2.439600000000e-004,-8.04020e-002
 2.440000000000e-004,-4.02010e-002
 2.440400000000e-004, 0.00000e+000
 2.440800000000e-004, 4.02010e-002
 2.441200000000e-004, 4.02010e-002
 2.441600000000e-004, 4.02010e-002
 2.442000000000e-004, 0.00000e+000
 2.442400000000e-004,-4.02010e-002
 2.442800000000e-004,-8.04020e-002
 2.443200000000e-004,-8.04020e-002
 2.443600000000e-004,-8.04020e-002
 2.444000000000e-004,-8.04020e-002
 2.444400000000e-004,-4.02010e-002
 2.444800000000e-004,-4.02010e-002
 2.445200000000e-004,-4.02010e-002
 2.445600000000e-004,-4.02010e-002
 2.446000000000e-004,-8.04020e-002
 2.446400000000e-004,-4.02010e-002
 2.446800000000e-004,-4.02010e-002
 2.447200000000e-004,-4.02010e-002
 2.447600000000e-004,-4.02010e-002
 2.448000000000e-004,-4.02010e-002
 2.448400000000e-004,-4.02010e-002
 2.448800000000e-004,-8.04020e-002
 2.449200000000e-004,-8.04020e-002
 2.449600000000e-004,-8.04020e-002
 2.450000000000e-004,-8.04020e-002
 2.450400000000e-004,-4.02010e-002
 2.450800000000e-004,-4.02010e-002
 2.451200000000e-004,-4.02010e-002
 2.451600000000e-004,-4.02010e-002
 2.452000000000e-004, 0.00000e+000
 2.452400000000e-004, 0.00000e+000
 2.452800000000e-004, 0.00000e+000
 2.453200000000e-004, 0.00000e+000
 2.453600000000e-004, 0.00000e+000
 2.454000000000e-004, 0.00000e+000
 2.454400000000e-004, 0.00000e+000
 2.454800000000e-004,-4.02010e-002
 2.455200000000e-004,-1.20603e-001
 2.455600000000e-004,-1.20603e-001
 2.456000000000e-004,-1.20603e-001
 2.456400000000e-004,-1.20603e-001
 2.456800000000e-004,-8.04020e-002
 2.457200000000e-004, 0.00000e+000
 2.457600000000e-004, 0.00000e+000
 2.458000000000e-004, 4.02010e-002
 2.458400000000e-004, 4.02010e-002
 2.458800000000e-004,-4.02010e-002
 2.459200000000e-004,-4.02010e-002
 2.459600000000e-004,-4.02010e-002
 2.460000000000e-004,-4.02010e-002
 2.460400000000e-004,-4.02010e-002
 2.460800000000e-004,-4.02010e-002
 2.461200000000e-004,-8.04020e-002
 2.461600000000e-004,-4.02010e-002
 2.462000000000e-004,-4.02010e-002
 2.462400000000e-004,-4.02010e-002
 2.462800000000e-004,-4.02010e-002
 2.463200000000e-004,-4.02010e-002
 2.463600000000e-004, 0.00000e+000
 2.464000000000e-004,-4.02010e-002
 2.464400000000e-004,-4.02010e-002
 2.464800000000e-004,-4.02010e-002
 2.465200000000e-004,-8.04020e-002
 2.465600000000e-004,-8.04020e-002
 2.466000000000e-004,-8.04020e-002
 2.466400000000e-004,-8.04020e-002
 2.466800000000e-004,-4.02010e-002
 2.467200000000e-004,-4.02010e-002
 2.467600000000e-004,-8.04020e-002
 2.468000000000e-004,-8.04020e-002
 2.468400000000e-004,-8.04020e-002
 2.468800000000e-004,-8.04020e-002
 2.469200000000e-004,-8.04020e-002
 2.469600000000e-004, 0.00000e+000
 2.470000000000e-004, 0.00000e+000
 2.470400000000e-004, 4.02010e-002
 2.470800000000e-004, 0.00000e+000
 2.471200000000e-004, 0.00000e+000
 2.471600000000e-004,-8.04020e-002
 2.472000000000e-004,-8.04020e-002
 2.472400000000e-004,-8.04020e-002
 2.472800000000e-004,-4.02010e-002
 2.473200000000e-004,-4.02010e-002
 2.473600000000e-004,-4.02010e-002
 2.474000000000e-004,-4.02010e-002
 2.474400000000e-004,-4.02010e-002
 2.474800000000e-004,-8.04020e-002
 2.475200000000e-004,-8.04020e-002
 2.475600000000e-004,-8.04020e-002
 2.476000000000e-004,-8.04020e-002
 2.476400000000e-004,-8.04020e-002
 2.476800000000e-004,-4.02010e-002
 2.477200000000e-004,-4.02010e-002
 2.477600000000e-004,-4.02010e-002
 2.478000000000e-004,-8.04020e-002
 2.478400000000e-004,-4.02010e-002
 2.478800000000e-004,-4.02010e-002
 2.479200000000e-004,-4.02010e-002
 2.479600000000e-004,-4.02010e-002
 2.480000000000e-004,-4.02010e-002
 2.480400000000e-004,-4.02010e-002
 2.480800000000e-004,-4.02010e-002
 2.481200000000e-004,-4.02010e-002
 2.481600000000e-004,-4.02010e-002
 2.482000000000e-004,-4.02010e-002
 2.482400000000e-004, 0.00000e+000
 2.482800000000e-004, 0.00000e+000
 2.483200000000e-004,-4.02010e-002
 2.483600000000e-004,-4.02010e-002
 2.484000000000e-004,-4.02010e-002
 2.484400000000e-004,-1.20603e-001
 2.484800000000e-004,-1.20603e-001
 2.485200000000e-004,-1.20603e-001
 2.485600000000e-004,-8.04020e-002
 2.486000000000e-004,-4.02010e-002
 2.486400000000e-004, 0.00000e+000
 2.486800000000e-004, 0.00000e+000
 2.487200000000e-004,-4.02010e-002
 2.487600000000e-004,-4.02010e-002
 2.488000000000e-004,-8.04020e-002
 2.488400000000e-004,-8.04020e-002
 2.488800000000e-004,-8.04020e-002
 2.489200000000e-004,-8.04020e-002
 2.489600000000e-004,-4.02010e-002
 2.490000000000e-004,-4.02010e-002
 2.490400000000e-004,-4.02010e-002
 2.490800000000e-004,-4.02010e-002
 2.491200000000e-004,-4.02010e-002
 2.491600000000e-004,-4.02010e-002
 2.492000000000e-004,-4.02010e-002
 2.492400000000e-004, 0.00000e+000
 2.492800000000e-004,-4.02010e-002
 2.493200000000e-004,-4.02010e-002
 2.493600000000e-004,-4.02010e-002
 2.494000000000e-004,-8.04020e-002
 2.494400000000e-004,-4.02010e-002
 2.494800000000e-004,-4.02010e-002
 2.495200000000e-004,-4.02010e-002
 2.495600000000e-004,-4.02010e-002
 2.496000000000e-004,-8.04020e-002
 2.496400000000e-004,-8.04020e-002
 2.496800000000e-004,-8.04020e-002
 2.497200000000e-004,-8.04020e-002
 2.497600000000e-004,-8.04020e-002
 2.498000000000e-004,-8.04020e-002
 2.498400000000e-004,-4.02010e-002
 2.498800000000e-004, 0.00000e+000
 2.499200000000e-004, 0.00000e+000
 2.499600000000e-004, 0.00000e+000
 2.500000000000e-004, 0.00000e+000
 2.500400000000e-004,-4.02010e-002
 2.500800000000e-004,-4.02010e-002
 2.501200000000e-004,-1.20603e-001
 2.501600000000e-004,-8.04020e-002
 2.502000000000e-004,-8.04020e-002
 2.502400000000e-004,-4.02010e-002
 2.502800000000e-004, 0.00000e+000
 2.503200000000e-004, 0.00000e+000
 2.503600000000e-004, 0.00000e+000
 2.504000000000e-004, 0.00000e+000
 2.504400000000e-004,-4.02010e-002
 2.504800000000e-004,-4.02010e-002
 2.505200000000e-004,-4.02010e-002
 2.505600000000e-004,-4.02010e-002
 2.506000000000e-004,-8.04020e-002
 2.506400000000e-004,-8.04020e-002
 2.506800000000e-004,-8.04020e-002
 2.507200000000e-004,-8.04020e-002
 2.507600000000e-004,-4.02010e-002
 2.508000000000e-004,-4.02010e-002
 2.508400000000e-004,-4.02010e-002
 2.508800000000e-004, 0.00000e+000
 2.509200000000e-004, 0.00000e+000
 2.509600000000e-004, 0.00000e+000
 2.510000000000e-004,-4.02010e-002
 2.510400000000e-004,-4.02010e-002
 2.510800000000e-004,-4.02010e-002
 2.511200000000e-004,-4.02010e-002
 2.511600000000e-004,-4.02010e-002
 2.512000000000e-004, 0.00000e+000
 2.512400000000e-004, 0.00000e+000
 2.512800000000e-004,-4.02010e-002
 2.513200000000e-004,-8.04020e-002
 2.513600000000e-004,-4.02010e-002
 2.514000000000e-004,-1.20603e-001
 2.514400000000e-004,-1.20603e-001
 2.514800000000e-004,-8.04020e-002
 2.515200000000e-004,-8.04020e-002
 2.515600000000e-004, 0.00000e+000
 2.516000000000e-004, 4.02010e-002
 2.516400000000e-004, 0.00000e+000
 2.516800000000e-004, 0.00000e+000
 2.517200000000e-004,-4.02010e-002
 2.517600000000e-004,-8.04020e-002
 2.518000000000e-004,-8.04020e-002
 2.518400000000e-004,-1.20603e-001
 2.518800000000e-004,-8.04020e-002
 2.519200000000e-004,-4.02010e-002
 2.519600000000e-004,-4.02010e-002
 2.520000000000e-004,-4.02010e-002
 2.520400000000e-004, 0.00000e+000
 2.520800000000e-004, 0.00000e+000
 2.521200000000e-004, 0.00000e+000
 2.521600000000e-004, 0.00000e+000
 2.522000000000e-004,-4.02010e-002
 2.522400000000e-004,-4.02010e-002
 2.522800000000e-004,-4.02010e-002
 2.523200000000e-004,-8.04020e-002
 2.523600000000e-004,-8.04020e-002
 2.524000000000e-004,-4.02010e-002
 2.524400000000e-004,-4.02010e-002
 2.524800000000e-004,-4.02010e-002
 2.525200000000e-004,-4.02010e-002
 2.525600000000e-004,-8.04020e-002
 2.526000000000e-004,-8.04020e-002
 2.526400000000e-004,-8.04020e-002
 2.526800000000e-004,-8.04020e-002
 2.527200000000e-004,-8.04020e-002
 2.527600000000e-004,-8.04020e-002
 2.528000000000e-004, 0.00000e+000
 2.528400000000e-004, 4.02010e-002
 2.528800000000e-004, 0.00000e+000
 2.529200000000e-004, 0.00000e+000
 2.529600000000e-004,-4.02010e-002
 2.530000000000e-004,-4.02010e-002
 2.530400000000e-004,-8.04020e-002
 2.530800000000e-004,-8.04020e-002
 2.531200000000e-004,-4.02010e-002
 2.531600000000e-004,-4.02010e-002
 2.532000000000e-004, 0.00000e+000
 2.532400000000e-004, 0.00000e+000
 2.532800000000e-004, 0.00000e+000
 2.533200000000e-004,-4.02010e-002
 2.533600000000e-004,-4.02010e-002
 2.534000000000e-004,-8.04020e-002
 2.534400000000e-004,-8.04020e-002
 2.534800000000e-004,-8.04020e-002
 2.535200000000e-004,-8.04020e-002
 2.535600000000e-004,-8.04020e-002
 2.536000000000e-004,-8.04020e-002
 2.536400000000e-004,-8.04020e-002
 2.536800000000e-004,-4.02010e-002
 2.537200000000e-004,-4.02010e-002
 2.537600000000e-004,-4.02010e-002
 2.538000000000e-004,-4.02010e-002
 2.538400000000e-004,-4.02010e-002
 2.538800000000e-004,-4.02010e-002
 2.539200000000e-004,-8.04020e-002
 2.539600000000e-004,-8.04020e-002
 2.540000000000e-004,-8.04020e-002
 2.540400000000e-004,-4.02010e-002
 2.540800000000e-004,-4.02010e-002
 2.541200000000e-004,-4.02010e-002
 2.541600000000e-004,-4.02010e-002
 2.542000000000e-004,-4.02010e-002
 2.542400000000e-004,-4.02010e-002
 2.542800000000e-004,-8.04020e-002
 2.543200000000e-004,-8.04020e-002
 2.543600000000e-004,-8.04020e-002
 2.544000000000e-004,-8.04020e-002
 2.544400000000e-004,-4.02010e-002
 2.544800000000e-004,-4.02010e-002
 2.545200000000e-004, 0.00000e+000
 2.545600000000e-004,-4.02010e-002
 2.546000000000e-004,-4.02010e-002
 2.546400000000e-004,-8.04020e-002
 2.546800000000e-004,-8.04020e-002
 2.547200000000e-004,-8.04020e-002
 2.547600000000e-004,-8.04020e-002
 2.548000000000e-004,-4.02010e-002
 2.548400000000e-004,-4.02010e-002
 2.548800000000e-004,-4.02010e-002
 2.549200000000e-004,-4.02010e-002
 2.549600000000e-004,-4.02010e-002
 2.550000000000e-004,-4.02010e-002
 2.550400000000e-004, 0.00000e+000
 2.550800000000e-004,-4.02010e-002
 2.551200000000e-004,-4.02010e-002
 2.551600000000e-004,-4.02010e-002
 2.552000000000e-004,-4.02010e-002
 2.552400000000e-004,-4.02010e-002
 2.552800000000e-004,-4.02010e-002
 2.553200000000e-004,-4.02010e-002
 2.553600000000e-004,-4.02010e-002
 2.554000000000e-004,-4.02010e-002
 2.554400000000e-004,-4.02010e-002
 2.554800000000e-004,-4.02010e-002
 2.555200000000e-004,-8.04020e-002
 2.555600000000e-004,-8.04020e-002
 2.556000000000e-004,-8.04020e-002
 2.556400000000e-004,-8.04020e-002
 2.556800000000e-004,-4.02010e-002
 2.557200000000e-004,-4.02010e-002
 2.557600000000e-004,-4.02010e-002
 2.558000000000e-004,-4.02010e-002
 2.558400000000e-004,-4.02010e-002
 2.558800000000e-004,-4.02010e-002
 2.559200000000e-004,-8.04020e-002
 2.559600000000e-004,-8.04020e-002
 2.560000000000e-004,-8.04020e-002
 2.560400000000e-004,-8.04020e-002
 2.560800000000e-004, 0.00000e+000
 2.561200000000e-004, 0.00000e+000
 2.561600000000e-004, 0.00000e+000
 2.562000000000e-004, 0.00000e+000
 2.562400000000e-004, 0.00000e+000
 2.562800000000e-004,-4.02010e-002
 2.563200000000e-004,-4.02010e-002
 2.563600000000e-004,-8.04020e-002
 2.564000000000e-004,-8.04020e-002
 2.564400000000e-004,-4.02010e-002
 2.564800000000e-004,-8.04020e-002
 2.565200000000e-004,-8.04020e-002
 2.565600000000e-004,-8.04020e-002
 2.566000000000e-004,-4.02010e-002
 2.566400000000e-004,-4.02010e-002
 2.566800000000e-004,-4.02010e-002
 2.567200000000e-004,-4.02010e-002
 2.567600000000e-004,-4.02010e-002
 2.568000000000e-004,-4.02010e-002
 2.568400000000e-004,-4.02010e-002
 2.568800000000e-004,-8.04020e-002
 2.569200000000e-004,-4.02010e-002
 2.569600000000e-004,-4.02010e-002
 2.570000000000e-004,-4.02010e-002
 2.570400000000e-004,-4.02010e-002
 2.570800000000e-004,-4.02010e-002
 2.571200000000e-004,-4.02010e-002
 2.571600000000e-004,-4.02010e-002
 2.572000000000e-004,-4.02010e-002
 2.572400000000e-004,-8.04020e-002
 2.572800000000e-004,-4.02010e-002
 2.573200000000e-004,-4.02010e-002
 2.573600000000e-004, 0.00000e+000
 2.574000000000e-004, 0.00000e+000
 2.574400000000e-004, 0.00000e+000
 2.574800000000e-004, 0.00000e+000
 2.575200000000e-004,-4.02010e-002
 2.575600000000e-004,-8.04020e-002
 2.576000000000e-004,-8.04020e-002
 2.576400000000e-004,-1.20603e-001
 2.576800000000e-004,-8.04020e-002
 2.577200000000e-004,-4.02010e-002
 2.577600000000e-004,-4.02010e-002
 2.578000000000e-004,-4.02010e-002
 2.578400000000e-004,-4.02010e-002
 2.578800000000e-004,-4.02010e-002
 2.579200000000e-004,-4.02010e-002
 2.579600000000e-004, 0.00000e+000
 2.580000000000e-004,-4.02010e-002
 2.580400000000e-004,-4.02010e-002
 2.580800000000e-004,-4.02010e-002
 2.581200000000e-004,-4.02010e-002
 2.581600000000e-004, 0.00000e+000
 2.582000000000e-004,-4.02010e-002
 2.582400000000e-004,-4.02010e-002
 2.582800000000e-004,-4.02010e-002
 2.583200000000e-004,-4.02010e-002
 2.583600000000e-004,-4.02010e-002
 2.584000000000e-004,-4.02010e-002
 2.584400000000e-004,-4.02010e-002
 2.584800000000e-004,-8.04020e-002
 2.585200000000e-004,-8.04020e-002
 2.585600000000e-004,-8.04020e-002
 2.586000000000e-004,-4.02010e-002
 2.586400000000e-004,-4.02010e-002
 2.586800000000e-004, 0.00000e+000
 2.587200000000e-004, 0.00000e+000
 2.587600000000e-004, 0.00000e+000
 2.588000000000e-004, 0.00000e+000
 2.588400000000e-004,-8.04020e-002
 2.588800000000e-004,-1.20603e-001
 2.589200000000e-004,-1.20603e-001
 2.589600000000e-004,-4.02010e-002
 2.590000000000e-004,-4.02010e-002
 2.590400000000e-004, 0.00000e+000
 2.590800000000e-004, 0.00000e+000
 2.591200000000e-004, 0.00000e+000
 2.591600000000e-004,-4.02010e-002
 2.592000000000e-004,-4.02010e-002
 2.592400000000e-004,-4.02010e-002
 2.592800000000e-004,-4.02010e-002
 2.593200000000e-004, 0.00000e+000
 2.593600000000e-004,-4.02010e-002
 2.594000000000e-004,-4.02010e-002
 2.594400000000e-004,-4.02010e-002
 2.594800000000e-004,-8.04020e-002
 2.595200000000e-004,-8.04020e-002
 2.595600000000e-004,-8.04020e-002
 2.596000000000e-004,-4.02010e-002
 2.596400000000e-004,-4.02010e-002
 2.596800000000e-004,-4.02010e-002
 2.597200000000e-004,-4.02010e-002
 2.597600000000e-004,-4.02010e-002
 2.598000000000e-004,-4.02010e-002
 2.598400000000e-004,-4.02010e-002
 2.598800000000e-004,-4.02010e-002
 2.599200000000e-004, 0.00000e+000
 2.599600000000e-004, 0.00000e+000
 2.600000000000e-004, 0.00000e+000
 2.600400000000e-004,-4.02010e-002
 2.600800000000e-004,-4.02010e-002
 2.601200000000e-004,-8.04020e-002
 2.601600000000e-004,-8.04020e-002
 2.602000000000e-004,-8.04020e-002
 2.602400000000e-004,-8.04020e-002
 2.602800000000e-004,-4.02010e-002
 2.603200000000e-004, 0.00000e+000
 2.603600000000e-004, 0.00000e+000
 2.604000000000e-004,-4.02010e-002
 2.604400000000e-004,-4.02010e-002
 2.604800000000e-004,-4.02010e-002
 2.605200000000e-004,-8.04020e-002
 2.605600000000e-004,-8.04020e-002
 2.606000000000e-004,-4.02010e-002
 2.606400000000e-004,-4.02010e-002
 2.606800000000e-004,-4.02010e-002
 2.607200000000e-004,-4.02010e-002
 2.607600000000e-004,-8.04020e-002
 2.608000000000e-004,-8.04020e-002
 2.608400000000e-004,-8.04020e-002
 2.608800000000e-004,-4.02010e-002
 2.609200000000e-004,-4.02010e-002
 2.609600000000e-004,-4.02010e-002
 2.610000000000e-004, 0.00000e+000
 2.610400000000e-004, 0.00000e+000
 2.610800000000e-004, 0.00000e+000
 2.611200000000e-004, 0.00000e+000
 2.611600000000e-004, 0.00000e+000
 2.612000000000e-004,-4.02010e-002
 2.612400000000e-004,-8.04020e-002
 2.612800000000e-004,-4.02010e-002
 2.613200000000e-004,-4.02010e-002
 2.613600000000e-004,-4.02010e-002
 2.614000000000e-004,-8.04020e-002
 2.614400000000e-004,-4.02010e-002
 2.614800000000e-004,-4.02010e-002
 2.615200000000e-004,-4.02010e-002
 2.615600000000e-004,-4.02010e-002
 2.616000000000e-004,-4.02010e-002
 2.616400000000e-004,-4.02010e-002
 2.616800000000e-004, 0.00000e+000
 2.617200000000e-004,-4.02010e-002
 2.617600000000e-004,-8.04020e-002
 2.618000000000e-004,-8.04020e-002
 2.618400000000e-004,-8.04020e-002
 2.618800000000e-004,-4.02010e-002
 2.619200000000e-004,-4.02010e-002
 2.619600000000e-004,-4.02010e-002
 2.620000000000e-004,-4.02010e-002
 2.620400000000e-004, 0.00000e+000
 2.620800000000e-004, 0.00000e+000
 2.621200000000e-004,-4.02010e-002
 2.621600000000e-004,-4.02010e-002
 2.622000000000e-004,-4.02010e-002
 2.622400000000e-004,-4.02010e-002
 2.622800000000e-004,-4.02010e-002
 2.623200000000e-004,-4.02010e-002
 2.623600000000e-004,-4.02010e-002
 2.624000000000e-004,-8.04020e-002
 2.624400000000e-004,-8.04020e-002
 2.624800000000e-004,-8.04020e-002
 2.625200000000e-004,-8.04020e-002
 2.625600000000e-004,-4.02010e-002
 2.626000000000e-004,-4.02010e-002
 2.626400000000e-004,-4.02010e-002
 2.626800000000e-004,-4.02010e-002
 2.627200000000e-004,-4.02010e-002
 2.627600000000e-004,-4.02010e-002
 2.628000000000e-004,-4.02010e-002
 2.628400000000e-004,-4.02010e-002
 2.628800000000e-004,-8.04020e-002
 2.629200000000e-004,-4.02010e-002
 2.629600000000e-004,-4.02010e-002
 2.630000000000e-004,-8.04020e-002
 2.630400000000e-004,-8.04020e-002
 2.630800000000e-004,-8.04020e-002
 2.631200000000e-004,-4.02010e-002
 2.631600000000e-004,-4.02010e-002
 2.632000000000e-004, 0.00000e+000
 2.632400000000e-004, 0.00000e+000
 2.632800000000e-004, 0.00000e+000
 2.633200000000e-004, 0.00000e+000
 2.633600000000e-004, 0.00000e+000
 2.634000000000e-004,-8.04020e-002
 2.634400000000e-004,-8.04020e-002
 2.634800000000e-004,-8.04020e-002
 2.635200000000e-004,-8.04020e-002
 2.635600000000e-004,-4.02010e-002
 2.636000000000e-004,-8.04020e-002
 2.636400000000e-004,-4.02010e-002
 2.636800000000e-004,-4.02010e-002
 2.637200000000e-004,-4.02010e-002
 2.637600000000e-004,-8.04020e-002
 2.638000000000e-004,-4.02010e-002
 2.638400000000e-004,-4.02010e-002
 2.638800000000e-004, 0.00000e+000
 2.639200000000e-004, 0.00000e+000
 2.639600000000e-004, 0.00000e+000
 2.640000000000e-004,-4.02010e-002
 2.640400000000e-004,-4.02010e-002
 2.640800000000e-004,-4.02010e-002
 2.641200000000e-004,-4.02010e-002
 2.641600000000e-004,-4.02010e-002
 2.642000000000e-004,-4.02010e-002
 2.642400000000e-004,-4.02010e-002
 2.642800000000e-004,-8.04020e-002
 2.643200000000e-004,-4.02010e-002
 2.643600000000e-004,-4.02010e-002
 2.644000000000e-004,-4.02010e-002
 2.644400000000e-004,-4.02010e-002
 2.644800000000e-004, 0.00000e+000
 2.645200000000e-004, 0.00000e+000
 2.645600000000e-004,-4.02010e-002
 2.646000000000e-004,-4.02010e-002
 2.646400000000e-004,-8.04020e-002
 2.646800000000e-004,-8.04020e-002
 2.647200000000e-004,-8.04020e-002
 2.647600000000e-004,-8.04020e-002
 2.648000000000e-004,-8.04020e-002
 2.648400000000e-004,-4.02010e-002
 2.648800000000e-004,-4.02010e-002
 2.649200000000e-004, 0.00000e+000
 2.649600000000e-004,-4.02010e-002
 2.650000000000e-004,-4.02010e-002
 2.650400000000e-004,-4.02010e-002
 2.650800000000e-004,-4.02010e-002
 2.651200000000e-004,-4.02010e-002
 2.651600000000e-004,-4.02010e-002
 2.652000000000e-004, 0.00000e+000
 2.652400000000e-004, 0.00000e+000
 2.652800000000e-004,-4.02010e-002
 2.653200000000e-004,-4.02010e-002
 2.653600000000e-004,-8.04020e-002
 2.654000000000e-004,-8.04020e-002
 2.654400000000e-004,-8.04020e-002
 2.654800000000e-004,-8.04020e-002
 2.655200000000e-004,-8.04020e-002
 2.655600000000e-004,-4.02010e-002
 2.656000000000e-004,-4.02010e-002
 2.656400000000e-004,-4.02010e-002
 2.656800000000e-004,-4.02010e-002
 2.657200000000e-004, 0.00000e+000
 2.657600000000e-004,-4.02010e-002
 2.658000000000e-004, 0.00000e+000
 2.658400000000e-004, 0.00000e+000
 2.658800000000e-004,-8.04020e-002
 2.659200000000e-004,-8.04020e-002
 2.659600000000e-004,-1.20603e-001
 2.660000000000e-004,-8.04020e-002
 2.660400000000e-004,-8.04020e-002
 2.660800000000e-004,-4.02010e-002
 2.661200000000e-004, 0.00000e+000
 2.661600000000e-004, 0.00000e+000
 2.662000000000e-004, 0.00000e+000
 2.662400000000e-004, 0.00000e+000
 2.662800000000e-004, 0.00000e+000
 2.663200000000e-004,-8.04020e-002
 2.663600000000e-004,-8.04020e-002
 2.664000000000e-004,-8.04020e-002
 2.664400000000e-004,-4.02010e-002
 2.664800000000e-004,-4.02010e-002
 2.665200000000e-004,-4.02010e-002
 2.665600000000e-004,-4.02010e-002
 2.666000000000e-004,-4.02010e-002
 2.666400000000e-004,-8.04020e-002
 2.666800000000e-004,-4.02010e-002
 2.667200000000e-004,-8.04020e-002
 2.667600000000e-004,-8.04020e-002
 2.668000000000e-004,-4.02010e-002
 2.668400000000e-004,-4.02010e-002
 2.668800000000e-004, 0.00000e+000
 2.669200000000e-004, 0.00000e+000
 2.669600000000e-004, 0.00000e+000
 2.670000000000e-004, 0.00000e+000
 2.670400000000e-004,-4.02010e-002
 2.670800000000e-004,-4.02010e-002
 2.671200000000e-004,-8.04020e-002
 2.671600000000e-004,-8.04020e-002
 2.672000000000e-004,-8.04020e-002
 2.672400000000e-004,-8.04020e-002
 2.672800000000e-004,-8.04020e-002
 2.673200000000e-004,-4.02010e-002
 2.673600000000e-004,-4.02010e-002
 2.674000000000e-004,-4.02010e-002
 2.674400000000e-004, 0.00000e+000
 2.674800000000e-004, 0.00000e+000
 2.675200000000e-004, 0.00000e+000
 2.675600000000e-004,-4.02010e-002
 2.676000000000e-004,-4.02010e-002
 2.676400000000e-004,-8.04020e-002
 2.676800000000e-004,-8.04020e-002
 2.677200000000e-004,-8.04020e-002
 2.677600000000e-004,-4.02010e-002
 2.678000000000e-004,-4.02010e-002
 2.678400000000e-004,-4.02010e-002
 2.678800000000e-004, 0.00000e+000
 2.679200000000e-004,-4.02010e-002
 2.679600000000e-004,-4.02010e-002
 2.680000000000e-004,-4.02010e-002
 2.680400000000e-004,-4.02010e-002
 2.680800000000e-004,-4.02010e-002
 2.681200000000e-004,-4.02010e-002
 2.681600000000e-004,-4.02010e-002
 2.682000000000e-004,-4.02010e-002
 2.682400000000e-004,-4.02010e-002
 2.682800000000e-004,-8.04020e-002
 2.683200000000e-004,-8.04020e-002
 2.683600000000e-004,-4.02010e-002
 2.684000000000e-004,-4.02010e-002
 2.684400000000e-004,-4.02010e-002
 2.684800000000e-004,-4.02010e-002
 2.685200000000e-004,-4.02010e-002
 2.685600000000e-004,-8.04020e-002
 2.686000000000e-004,-4.02010e-002
 2.686400000000e-004,-4.02010e-002
 2.686800000000e-004,-4.02010e-002
 2.687200000000e-004,-4.02010e-002
 2.687600000000e-004,-4.02010e-002
 2.688000000000e-004,-4.02010e-002
 2.688400000000e-004,-4.02010e-002
 2.688800000000e-004,-4.02010e-002
 2.689200000000e-004,-8.04020e-002
 2.689600000000e-004,-8.04020e-002
 2.690000000000e-004,-8.04020e-002
 2.690400000000e-004,-4.02010e-002
 2.690800000000e-004,-4.02010e-002
 2.691200000000e-004, 0.00000e+000
 2.691600000000e-004, 0.00000e+000
 2.692000000000e-004,-4.02010e-002
 2.692400000000e-004,-4.02010e-002
 2.692800000000e-004,-4.02010e-002
 2.693200000000e-004,-4.02010e-002
 2.693600000000e-004,-8.04020e-002
 2.694000000000e-004,-4.02010e-002
 2.694400000000e-004,-4.02010e-002
 2.694800000000e-004,-4.02010e-002
 2.695200000000e-004,-4.02010e-002
 2.695600000000e-004,-4.02010e-002
 2.696000000000e-004,-4.02010e-002
 2.696400000000e-004,-4.02010e-002
 2.696800000000e-004,-4.02010e-002
 2.697200000000e-004,-4.02010e-002
 2.697600000000e-004,-4.02010e-002
 2.698000000000e-004,-4.02010e-002
 2.698400000000e-004,-4.02010e-002
 2.698800000000e-004,-4.02010e-002
 2.699200000000e-004,-4.02010e-002
 2.699600000000e-004,-4.02010e-002
 2.700000000000e-004,-4.02010e-002
 2.700400000000e-004,-4.02010e-002
 2.700800000000e-004,-4.02010e-002
 2.701200000000e-004,-4.02010e-002
 2.701600000000e-004,-4.02010e-002
 2.702000000000e-004,-4.02010e-002
 2.702400000000e-004,-8.04020e-002
 2.702800000000e-004,-4.02010e-002
 2.703200000000e-004,-4.02010e-002
 2.703600000000e-004,-4.02010e-002
 2.704000000000e-004,-4.02010e-002
 2.704400000000e-004,-4.02010e-002
 2.704800000000e-004,-4.02010e-002
 2.705200000000e-004,-4.02010e-002
 2.705600000000e-004,-4.02010e-002
 2.706000000000e-004,-8.04020e-002
 2.706400000000e-004,-8.04020e-002
 2.706800000000e-004,-8.04020e-002
 2.707200000000e-004, 0.00000e+000
 2.707600000000e-004,-4.02010e-002
 2.708000000000e-004,-4.02010e-002
 2.708400000000e-004,-8.04020e-002
 2.708800000000e-004,-4.02010e-002
 2.709200000000e-004,-4.02010e-002
 2.709600000000e-004,-4.02010e-002
 2.710000000000e-004,-4.02010e-002
 2.710400000000e-004, 0.00000e+000
 2.710800000000e-004,-4.02010e-002
 2.711200000000e-004,-4.02010e-002
 2.711600000000e-004,-4.02010e-002
 2.712000000000e-004,-4.02010e-002
 2.712400000000e-004,-4.02010e-002
 2.712800000000e-004,-8.04020e-002
 2.713200000000e-004,-4.02010e-002
 2.713600000000e-004,-4.02010e-002
 2.714000000000e-004,-4.02010e-002
 2.714400000000e-004,-4.02010e-002
 2.714800000000e-004,-4.02010e-002
 2.715200000000e-004,-4.02010e-002
 2.715600000000e-004,-4.02010e-002
 2.716000000000e-004,-4.02010e-002
 2.716400000000e-004,-4.02010e-002
 2.716800000000e-004,-4.02010e-002
 2.717200000000e-004,-8.04020e-002
 2.717600000000e-004,-4.02010e-002
 2.718000000000e-004,-8.04020e-002
 2.718400000000e-004,-8.04020e-002
 2.718800000000e-004,-8.04020e-002
 2.719200000000e-004,-4.02010e-002
 2.719600000000e-004, 0.00000e+000
 2.720000000000e-004, 0.00000e+000
 2.720400000000e-004, 0.00000e+000
 2.720800000000e-004, 0.00000e+000
 2.721200000000e-004,-4.02010e-002
 2.721600000000e-004,-4.02010e-002
 2.722000000000e-004,-4.02010e-002
 2.722400000000e-004,-4.02010e-002
 2.722800000000e-004,-4.02010e-002
 2.723200000000e-004,-4.02010e-002
 2.723600000000e-004,-4.02010e-002
 2.724000000000e-004,-4.02010e-002
 2.724400000000e-004,-4.02010e-002
 2.724800000000e-004,-4.02010e-002
 2.725200000000e-004,-8.04020e-002
 2.725600000000e-004,-8.04020e-002
 2.726000000000e-004,-4.02010e-002
 2.726400000000e-004,-4.02010e-002
 2.726800000000e-004,-4.02010e-002
 2.727200000000e-004,-4.02010e-002
 2.727600000000e-004,-4.02010e-002
 2.728000000000e-004,-4.02010e-002
 2.728400000000e-004,-4.02010e-002
 2.728800000000e-004,-4.02010e-002
 2.729200000000e-004,-4.02010e-002
 2.729600000000e-004,-4.02010e-002
 2.730000000000e-004,-4.02010e-002
 2.730400000000e-004,-4.02010e-002
 2.730800000000e-004,-8.04020e-002
 2.731200000000e-004,-4.02010e-002
 2.731600000000e-004,-4.02010e-002
 2.732000000000e-004,-4.02010e-002
 2.732400000000e-004,-4.02010e-002
 2.732800000000e-004, 0.00000e+000
 2.733200000000e-004, 0.00000e+000
 2.733600000000e-004, 0.00000e+000
 2.734000000000e-004,-4.02010e-002
 2.734400000000e-004,-8.04020e-002
 2.734800000000e-004,-8.04020e-002
 2.735200000000e-004,-8.04020e-002
 2.735600000000e-004,-8.04020e-002
 2.736000000000e-004,-8.04020e-002
 2.736400000000e-004,-4.02010e-002
 2.736800000000e-004,-4.02010e-002
 2.737200000000e-004,-4.02010e-002
 2.737600000000e-004,-4.02010e-002
 2.738000000000e-004,-4.02010e-002
 2.738400000000e-004,-4.02010e-002
 2.738800000000e-004,-4.02010e-002
 2.739200000000e-004,-4.02010e-002
 2.739600000000e-004,-4.02010e-002
 2.740000000000e-004,-4.02010e-002
 2.740400000000e-004, 0.00000e+000
 2.740800000000e-004,-4.02010e-002
 2.741200000000e-004,-4.02010e-002
 2.741600000000e-004,-4.02010e-002
 2.742000000000e-004,-4.02010e-002
 2.742400000000e-004,-4.02010e-002
 2.742800000000e-004,-4.02010e-002
 2.743200000000e-004,-4.02010e-002
 2.743600000000e-004,-8.04020e-002
 2.744000000000e-004,-8.04020e-002
 2.744400000000e-004,-8.04020e-002
 2.744800000000e-004,-8.04020e-002
 2.745200000000e-004,-4.02010e-002
 2.745600000000e-004,-4.02010e-002
 2.746000000000e-004, 0.00000e+000
 2.746400000000e-004,-4.02010e-002
 2.746800000000e-004,-4.02010e-002
 2.747200000000e-004,-4.02010e-002
 2.747600000000e-004,-8.04020e-002
 2.748000000000e-004,-8.04020e-002
 2.748400000000e-004,-8.04020e-002
 2.748800000000e-004,-8.04020e-002
 2.749200000000e-004,-8.04020e-002
 2.749600000000e-004, 0.00000e+000
 2.750000000000e-004,-4.02010e-002
 2.750400000000e-004, 0.00000e+000
 2.750800000000e-004,-4.02010e-002
 2.751200000000e-004,-4.02010e-002
 2.751600000000e-004,-4.02010e-002
 2.752000000000e-004,-4.02010e-002
 2.752400000000e-004,-4.02010e-002
 2.752800000000e-004,-4.02010e-002
 2.753200000000e-004,-4.02010e-002
 2.753600000000e-004,-4.02010e-002
 2.754000000000e-004,-4.02010e-002
 2.754400000000e-004,-4.02010e-002
 2.754800000000e-004,-4.02010e-002
 2.755200000000e-004,-4.02010e-002
 2.755600000000e-004,-4.02010e-002
 2.756000000000e-004,-4.02010e-002
 2.756400000000e-004,-8.04020e-002
 2.756800000000e-004,-4.02010e-002
 2.757200000000e-004,-8.04020e-002
 2.757600000000e-004,-4.02010e-002
 2.758000000000e-004,-4.02010e-002
 2.758400000000e-004,-4.02010e-002
 2.758800000000e-004, 0.00000e+000
 2.759200000000e-004,-4.02010e-002
 2.759600000000e-004,-4.02010e-002
 2.760000000000e-004,-4.02010e-002
 2.760400000000e-004,-4.02010e-002
 2.760800000000e-004,-8.04020e-002
 2.761200000000e-004,-8.04020e-002
 2.761600000000e-004,-8.04020e-002
 2.762000000000e-004,-4.02010e-002
 2.762400000000e-004,-4.02010e-002
 2.762800000000e-004,-4.02010e-002
 2.763200000000e-004,-4.02010e-002
 2.763600000000e-004,-4.02010e-002
 2.764000000000e-004,-4.02010e-002
 2.764400000000e-004,-4.02010e-002
 2.764800000000e-004,-4.02010e-002
 2.765200000000e-004,-4.02010e-002
 2.765600000000e-004,-8.04020e-002
 2.766000000000e-004,-4.02010e-002
 2.766400000000e-004,-4.02010e-002
 2.766800000000e-004,-8.04020e-002
 2.767200000000e-004,-8.04020e-002
 2.767600000000e-004,-4.02010e-002
 2.768000000000e-004,-4.02010e-002
 2.768400000000e-004,-4.02010e-002
 2.768800000000e-004,-4.02010e-002
 2.769200000000e-004,-4.02010e-002
 2.769600000000e-004,-4.02010e-002
 2.770000000000e-004,-4.02010e-002
 2.770400000000e-004,-4.02010e-002
 2.770800000000e-004,-4.02010e-002
 2.771200000000e-004,-4.02010e-002
 2.771600000000e-004,-4.02010e-002
 2.772000000000e-004,-4.02010e-002
 2.772400000000e-004,-4.02010e-002
 2.772800000000e-004,-4.02010e-002
 2.773200000000e-004, 0.00000e+000
 2.773600000000e-004,-8.04020e-002
 2.774000000000e-004,-4.02010e-002
 2.774400000000e-004,-4.02010e-002
 2.774800000000e-004,-8.04020e-002
 2.775200000000e-004,-8.04020e-002
 2.775600000000e-004,-8.04020e-002
 2.776000000000e-004,-4.02010e-002
 2.776400000000e-004,-8.04020e-002
 2.776800000000e-004,-4.02010e-002
 2.777200000000e-004,-4.02010e-002
 2.777600000000e-004,-4.02010e-002
 2.778000000000e-004,-4.02010e-002
 2.778400000000e-004,-4.02010e-002
 2.778800000000e-004,-4.02010e-002
 2.779200000000e-004,-8.04020e-002
 2.779600000000e-004,-4.02010e-002
 2.780000000000e-004,-4.02010e-002
 2.780400000000e-004,-4.02010e-002
 2.780800000000e-004,-4.02010e-002
 2.781200000000e-004, 0.00000e+000
 2.781600000000e-004, 0.00000e+000
 2.782000000000e-004,-4.02010e-002
 2.782400000000e-004,-4.02010e-002
 2.782800000000e-004,-4.02010e-002
 2.783200000000e-004,-8.04020e-002
 2.783600000000e-004,-8.04020e-002
 2.784000000000e-004,-4.02010e-002
 2.784400000000e-004,-4.02010e-002
 2.784800000000e-004,-4.02010e-002
 2.785200000000e-004,-4.02010e-002
 2.785600000000e-004,-4.02010e-002
 2.786000000000e-004,-4.02010e-002
 2.786400000000e-004,-4.02010e-002
 2.786800000000e-004,-4.02010e-002
 2.787200000000e-004,-8.04020e-002
 2.787600000000e-004,-4.02010e-002
 2.788000000000e-004,-8.04020e-002
 2.788400000000e-004, 0.00000e+000
 2.788800000000e-004,-4.02010e-002
 2.789200000000e-004, 0.00000e+000
 2.789600000000e-004, 0.00000e+000
 2.790000000000e-004,-4.02010e-002
 2.790400000000e-004,-4.02010e-002
 2.790800000000e-004,-4.02010e-002
 2.791200000000e-004,-4.02010e-002
 2.791600000000e-004,-8.04020e-002
 2.792000000000e-004,-4.02010e-002
 2.792400000000e-004,-4.02010e-002
 2.792800000000e-004,-4.02010e-002
 2.793200000000e-004,-4.02010e-002
 2.793600000000e-004,-4.02010e-002
 2.794000000000e-004,-4.02010e-002
 2.794400000000e-004,-4.02010e-002
 2.794800000000e-004,-4.02010e-002
 2.795200000000e-004,-4.02010e-002
 2.795600000000e-004,-4.02010e-002
 2.796000000000e-004,-8.04020e-002
 2.796400000000e-004,-4.02010e-002
 2.796800000000e-004,-4.02010e-002
 2.797200000000e-004,-4.02010e-002
 2.797600000000e-004,-4.02010e-002
 2.798000000000e-004,-4.02010e-002
 2.798400000000e-004,-4.02010e-002
 2.798800000000e-004,-4.02010e-002
 2.799200000000e-004,-4.02010e-002
 2.799600000000e-004,-4.02010e-002
 2.800000000000e-004,-4.02010e-002
 2.800400000000e-004,-4.02010e-002
 2.800800000000e-004,-4.02010e-002
 2.801200000000e-004,-4.02010e-002
 2.801600000000e-004,-4.02010e-002
 2.802000000000e-004,-4.02010e-002
 2.802400000000e-004,-4.02010e-002
 2.802800000000e-004,-4.02010e-002
 2.803200000000e-004,-8.04020e-002
 2.803600000000e-004,-4.02010e-002
 2.804000000000e-004,-8.04020e-002
 2.804400000000e-004,-4.02010e-002
 2.804800000000e-004,-4.02010e-002
 2.805200000000e-004,-4.02010e-002
 2.805600000000e-004,-4.02010e-002
 2.806000000000e-004,-4.02010e-002
 2.806400000000e-004,-8.04020e-002
 2.806800000000e-004,-4.02010e-002
 2.807200000000e-004,-8.04020e-002
 2.807600000000e-004,-4.02010e-002
 2.808000000000e-004,-4.02010e-002
 2.808400000000e-004,-4.02010e-002
 2.808800000000e-004,-4.02010e-002
 2.809200000000e-004,-4.02010e-002
 2.809600000000e-004,-4.02010e-002
 2.810000000000e-004,-8.04020e-002
 2.810400000000e-004,-4.02010e-002
 2.810800000000e-004,-4.02010e-002
 2.811200000000e-004,-4.02010e-002
 2.811600000000e-004,-4.02010e-002
 2.812000000000e-004,-4.02010e-002
 2.812400000000e-004,-4.02010e-002
 2.812800000000e-004,-4.02010e-002
 2.813200000000e-004,-4.02010e-002
 2.813600000000e-004,-4.02010e-002
 2.814000000000e-004,-4.02010e-002
 2.814400000000e-004,-4.02010e-002
 2.814800000000e-004,-4.02010e-002
 2.815200000000e-004,-8.04020e-002
 2.815600000000e-004,-4.02010e-002
 2.816000000000e-004,-4.02010e-002
 2.816400000000e-004,-4.02010e-002
 2.816800000000e-004,-4.02010e-002
 2.817200000000e-004,-4.02010e-002
 2.817600000000e-004,-4.02010e-002
 2.818000000000e-004,-4.02010e-002
 2.818400000000e-004,-4.02010e-002
 2.818800000000e-004,-4.02010e-002
 2.819200000000e-004,-4.02010e-002
 2.819600000000e-004,-4.02010e-002
 2.820000000000e-004,-4.02010e-002
 2.820400000000e-004,-4.02010e-002
 2.820800000000e-004,-4.02010e-002
 2.821200000000e-004,-4.02010e-002
 2.821600000000e-004,-4.02010e-002
 2.822000000000e-004,-8.04020e-002
 2.822400000000e-004,-8.04020e-002
 2.822800000000e-004,-4.02010e-002
 2.823200000000e-004,-4.02010e-002
 2.823600000000e-004,-4.02010e-002
 2.824000000000e-004,-4.02010e-002
 2.824400000000e-004,-4.02010e-002
 2.824800000000e-004,-8.04020e-002
 2.825200000000e-004,-8.04020e-002
 2.825600000000e-004,-8.04020e-002
 2.826000000000e-004,-8.04020e-002
 2.826400000000e-004,-4.02010e-002
 2.826800000000e-004,-4.02010e-002
 2.827200000000e-004,-4.02010e-002
 2.827600000000e-004,-4.02010e-002
 2.828000000000e-004,-4.02010e-002
 2.828400000000e-004,-4.02010e-002
 2.828800000000e-004,-4.02010e-002
 2.829200000000e-004,-8.04020e-002
 2.829600000000e-004,-4.02010e-002
 2.830000000000e-004,-4.02010e-002
 2.830400000000e-004,-4.02010e-002
 2.830800000000e-004,-4.02010e-002
 2.831200000000e-004,-4.02010e-002
 2.831600000000e-004,-4.02010e-002
 2.832000000000e-004,-4.02010e-002
 2.832400000000e-004,-8.04020e-002
 2.832800000000e-004,-4.02010e-002
 2.833200000000e-004,-4.02010e-002
 2.833600000000e-004,-4.02010e-002
 2.834000000000e-004,-8.04020e-002
 2.834400000000e-004,-4.02010e-002
 2.834800000000e-004, 0.00000e+000
 2.835200000000e-004,-4.02010e-002
 2.835600000000e-004,-4.02010e-002
 2.836000000000e-004,-4.02010e-002
 2.836400000000e-004,-4.02010e-002
 2.836800000000e-004,-4.02010e-002
 2.837200000000e-004,-4.02010e-002
 2.837600000000e-004,-4.02010e-002
 2.838000000000e-004,-8.04020e-002
 2.838400000000e-004,-8.04020e-002
 2.838800000000e-004,-4.02010e-002
 2.839200000000e-004,-4.02010e-002
 2.839600000000e-004,-4.02010e-002
 2.840000000000e-004, 0.00000e+000
 2.840400000000e-004, 0.00000e+000
 2.840800000000e-004, 0.00000e+000
 2.841200000000e-004,-4.02010e-002
 2.841600000000e-004,-8.04020e-002
 2.842000000000e-004,-4.02010e-002
 2.842400000000e-004,-8.04020e-002
 2.842800000000e-004,-4.02010e-002
 2.843200000000e-004,-4.02010e-002
 2.843600000000e-004,-4.02010e-002
 2.844000000000e-004,-4.02010e-002
 2.844400000000e-004,-4.02010e-002
 2.844800000000e-004,-8.04020e-002
 2.845200000000e-004,-8.04020e-002
 2.845600000000e-004,-8.04020e-002
 2.846000000000e-004,-8.04020e-002
 2.846400000000e-004,-4.02010e-002
 2.846800000000e-004,-4.02010e-002
 2.847200000000e-004,-4.02010e-002
 2.847600000000e-004, 0.00000e+000
 2.848000000000e-004, 0.00000e+000
 2.848400000000e-004,-4.02010e-002
 2.848800000000e-004,-4.02010e-002
 2.849200000000e-004,-4.02010e-002
 2.849600000000e-004,-4.02010e-002
 2.850000000000e-004,-4.02010e-002
 2.850400000000e-004,-4.02010e-002
 2.850800000000e-004,-4.02010e-002
 2.851200000000e-004,-4.02010e-002
 2.851600000000e-004,-4.02010e-002
 2.852000000000e-004,-4.02010e-002
 2.852400000000e-004,-4.02010e-002
 2.852800000000e-004,-4.02010e-002
 2.853200000000e-004,-4.02010e-002
 2.853600000000e-004,-4.02010e-002
 2.854000000000e-004,-4.02010e-002
 2.854400000000e-004,-4.02010e-002
 2.854800000000e-004,-4.02010e-002
 2.855200000000e-004,-8.04020e-002
 2.855600000000e-004,-4.02010e-002
 2.856000000000e-004,-4.02010e-002
 2.856400000000e-004,-4.02010e-002
 2.856800000000e-004,-8.04020e-002
 2.857200000000e-004,-4.02010e-002
 2.857600000000e-004,-4.02010e-002
 2.858000000000e-004,-4.02010e-002
 2.858400000000e-004,-4.02010e-002
 2.858800000000e-004,-4.02010e-002
 2.859200000000e-004,-4.02010e-002
 2.859600000000e-004,-4.02010e-002
 2.860000000000e-004, 0.00000e+000
 2.860400000000e-004, 0.00000e+000
 2.860800000000e-004,-4.02010e-002
 2.861200000000e-004,-4.02010e-002
 2.861600000000e-004, 0.00000e+000
 2.862000000000e-004,-4.02010e-002
 2.862400000000e-004,-4.02010e-002
 2.862800000000e-004,-8.04020e-002
 2.863200000000e-004,-8.04020e-002
 2.863600000000e-004,-4.02010e-002
 2.864000000000e-004,-4.02010e-002
 2.864400000000e-004,-8.04020e-002
 2.864800000000e-004,-4.02010e-002
 2.865200000000e-004,-8.04020e-002
 2.865600000000e-004,-4.02010e-002
 2.866000000000e-004,-4.02010e-002
 2.866400000000e-004,-4.02010e-002
 2.866800000000e-004, 0.00000e+000
 2.867200000000e-004,-4.02010e-002
 2.867600000000e-004,-4.02010e-002
 2.868000000000e-004,-4.02010e-002
 2.868400000000e-004,-4.02010e-002
 2.868800000000e-004,-8.04020e-002
 2.869200000000e-004,-4.02010e-002
 2.869600000000e-004,-4.02010e-002
 2.870000000000e-004,-4.02010e-002
 2.870400000000e-004,-4.02010e-002
 2.870800000000e-004, 0.00000e+000
 2.871200000000e-004,-4.02010e-002
 2.871600000000e-004,-4.02010e-002
 2.872000000000e-004,-4.02010e-002
 2.872400000000e-004,-8.04020e-002
 2.872800000000e-004,-4.02010e-002
 2.873200000000e-004,-8.04020e-002
 2.873600000000e-004,-4.02010e-002
 2.874000000000e-004,-4.02010e-002
 2.874400000000e-004,-4.02010e-002
 2.874800000000e-004,-4.02010e-002
 2.875200000000e-004,-4.02010e-002
 2.875600000000e-004,-4.02010e-002
 2.876000000000e-004,-8.04020e-002
 2.876400000000e-004,-8.04020e-002
 2.876800000000e-004,-8.04020e-002
 2.877200000000e-004,-4.02010e-002
 2.877600000000e-004,-4.02010e-002
 2.878000000000e-004,-4.02010e-002
 2.878400000000e-004,-4.02010e-002
 2.878800000000e-004, 0.00000e+000
 2.879200000000e-004, 0.00000e+000
 2.879600000000e-004, 0.00000e+000
 2.880000000000e-004,-4.02010e-002
 2.880400000000e-004,-8.04020e-002
 2.880800000000e-004,-8.04020e-002
 2.881200000000e-004,-8.04020e-002
 2.881600000000e-004,-8.04020e-002
 2.882000000000e-004,-4.02010e-002
 2.882400000000e-004, 0.00000e+000
 2.882800000000e-004,-4.02010e-002
 2.883200000000e-004,-4.02010e-002
 2.883600000000e-004,-4.02010e-002
 2.884000000000e-004,-4.02010e-002
 2.884400000000e-004,-4.02010e-002
 2.884800000000e-004,-4.02010e-002
 2.885200000000e-004,-8.04020e-002
 2.885600000000e-004,-8.04020e-002
 2.886000000000e-004,-8.04020e-002
 2.886400000000e-004,-4.02010e-002
 2.886800000000e-004,-4.02010e-002
 2.887200000000e-004,-4.02010e-002
 2.887600000000e-004,-4.02010e-002
 2.888000000000e-004,-4.02010e-002
 2.888400000000e-004,-4.02010e-002
 2.888800000000e-004,-4.02010e-002
 2.889200000000e-004,-8.04020e-002
 2.889600000000e-004,-4.02010e-002
 2.890000000000e-004,-4.02010e-002
 2.890400000000e-004,-4.02010e-002
 2.890800000000e-004,-4.02010e-002
 2.891200000000e-004,-4.02010e-002
 2.891600000000e-004, 0.00000e+000
 2.892000000000e-004,-4.02010e-002
 2.892400000000e-004,-4.02010e-002
 2.892800000000e-004,-4.02010e-002
 2.893200000000e-004,-8.04020e-002
 2.893600000000e-004,-8.04020e-002
 2.894000000000e-004,-8.04020e-002
 2.894400000000e-004,-8.04020e-002
 2.894800000000e-004,-4.02010e-002
 2.895200000000e-004,-4.02010e-002
 2.895600000000e-004,-4.02010e-002
 2.896000000000e-004,-4.02010e-002
 2.896400000000e-004,-4.02010e-002
 2.896800000000e-004,-4.02010e-002
 2.897200000000e-004,-8.04020e-002
 2.897600000000e-004,-4.02010e-002
 2.898000000000e-004,-4.02010e-002
 2.898400000000e-004,-4.02010e-002
 2.898800000000e-004,-4.02010e-002
 2.899200000000e-004,-4.02010e-002
 2.899600000000e-004,-8.04020e-002
 2.900000000000e-004,-4.02010e-002
 2.900400000000e-004,-4.02010e-002
 2.900800000000e-004,-4.02010e-002
 2.901200000000e-004,-4.02010e-002
 2.901600000000e-004,-4.02010e-002
 2.902000000000e-004,-4.02010e-002
 2.902400000000e-004,-4.02010e-002
 2.902800000000e-004,-4.02010e-002
 2.903200000000e-004,-4.02010e-002
 2.903600000000e-004,-4.02010e-002
 2.904000000000e-004,-4.02010e-002
 2.904400000000e-004,-4.02010e-002
 2.904800000000e-004,-4.02010e-002
 2.905200000000e-004,-4.02010e-002
 2.905600000000e-004,-4.02010e-002
 2.906000000000e-004,-4.02010e-002
 2.906400000000e-004,-4.02010e-002
 2.906800000000e-004,-4.02010e-002
 2.907200000000e-004,-4.02010e-002
 2.907600000000e-004,-4.02010e-002
 2.908000000000e-004,-4.02010e-002
 2.908400000000e-004,-4.02010e-002
 2.908800000000e-004,-4.02010e-002
 2.909200000000e-004, 0.00000e+000
 2.909600000000e-004,-4.02010e-002
 2.910000000000e-004,-4.02010e-002
 2.910400000000e-004,-8.04020e-002
 2.910800000000e-004,-8.04020e-002
 2.911200000000e-004,-8.04020e-002
 2.911600000000e-004,-8.04020e-002
 2.912000000000e-004,-4.02010e-002
 2.912400000000e-004,-4.02010e-002
 2.912800000000e-004,-4.02010e-002
 2.913200000000e-004,-4.02010e-002
 2.913600000000e-004,-4.02010e-002
 2.914000000000e-004,-4.02010e-002
 2.914400000000e-004,-4.02010e-002
 2.914800000000e-004,-4.02010e-002
 2.915200000000e-004,-4.02010e-002
 2.915600000000e-004,-8.04020e-002
 2.916000000000e-004,-8.04020e-002
 2.916400000000e-004,-4.02010e-002
 2.916800000000e-004,-8.04020e-002
 2.917200000000e-004,-4.02010e-002
 2.917600000000e-004,-4.02010e-002
 2.918000000000e-004, 0.00000e+000
 2.918400000000e-004,-4.02010e-002
 2.918800000000e-004,-4.02010e-002
 2.919200000000e-004,-4.02010e-002
 2.919600000000e-004,-4.02010e-002
 2.920000000000e-004,-4.02010e-002
 2.920400000000e-004,-4.02010e-002
 2.920800000000e-004,-8.04020e-002
 2.921200000000e-004,-4.02010e-002
 2.921600000000e-004,-4.02010e-002
 2.922000000000e-004,-4.02010e-002
 2.922400000000e-004,-8.04020e-002
 2.922800000000e-004,-8.04020e-002
 2.923200000000e-004,-4.02010e-002
 2.923600000000e-004,-8.04020e-002
 2.924000000000e-004,-8.04020e-002
 2.924400000000e-004,-8.04020e-002
 2.924800000000e-004,-4.02010e-002
 2.925200000000e-004,-4.02010e-002
 2.925600000000e-004, 0.00000e+000
 2.926000000000e-004,-4.02010e-002
 2.926400000000e-004,-4.02010e-002
 2.926800000000e-004,-4.02010e-002
 2.927200000000e-004,-4.02010e-002
 2.927600000000e-004,-4.02010e-002
 2.928000000000e-004,-4.02010e-002
 2.928400000000e-004,-4.02010e-002
 2.928800000000e-004,-4.02010e-002
 2.929200000000e-004,-4.02010e-002
 2.929600000000e-004,-8.04020e-002
 2.930000000000e-004,-4.02010e-002
 2.930400000000e-004,-4.02010e-002
 2.930800000000e-004,-4.02010e-002
 2.931200000000e-004,-4.02010e-002
 2.931600000000e-004,-4.02010e-002
 2.932000000000e-004,-4.02010e-002
 2.932400000000e-004,-4.02010e-002
 2.932800000000e-004,-4.02010e-002
 2.933200000000e-004,-4.02010e-002
 2.933600000000e-004,-4.02010e-002
 2.934000000000e-004,-4.02010e-002
 2.934400000000e-004,-8.04020e-002
 2.934800000000e-004,-8.04020e-002
 2.935200000000e-004,-4.02010e-002
 2.935600000000e-004,-8.04020e-002
 2.936000000000e-004,-4.02010e-002
 2.936400000000e-004,-4.02010e-002
 2.936800000000e-004,-4.02010e-002
 2.937200000000e-004, 0.00000e+000
 2.937600000000e-004, 0.00000e+000
 2.938000000000e-004,-4.02010e-002
 2.938400000000e-004,-4.02010e-002
 2.938800000000e-004,-8.04020e-002
 2.939200000000e-004,-4.02010e-002
 2.939600000000e-004,-4.02010e-002
 2.940000000000e-004,-8.04020e-002
 2.940400000000e-004,-4.02010e-002
 2.940800000000e-004,-4.02010e-002
 2.941200000000e-004,-4.02010e-002
 2.941600000000e-004,-4.02010e-002
 2.942000000000e-004,-4.02010e-002
 2.942400000000e-004,-4.02010e-002
 2.942800000000e-004,-4.02010e-002
 2.943200000000e-004,-4.02010e-002
 2.943600000000e-004,-4.02010e-002
 2.944000000000e-004,-4.02010e-002
 2.944400000000e-004,-4.02010e-002
 2.944800000000e-004,-4.02010e-002
 2.945200000000e-004,-4.02010e-002
 2.945600000000e-004,-4.02010e-002
 2.946000000000e-004,-4.02010e-002
 2.946400000000e-004,-4.02010e-002
 2.946800000000e-004,-4.02010e-002
 2.947200000000e-004,-8.04020e-002
 2.947600000000e-004,-8.04020e-002
 2.948000000000e-004,-4.02010e-002
 2.948400000000e-004,-4.02010e-002
 2.948800000000e-004,-4.02010e-002
 2.949200000000e-004,-4.02010e-002
 2.949600000000e-004, 0.00000e+000
 2.950000000000e-004, 0.00000e+000
 2.950400000000e-004, 0.00000e+000
 2.950800000000e-004,-4.02010e-002
 2.951200000000e-004,-4.02010e-002
 2.951600000000e-004,-8.04020e-002
 2.952000000000e-004,-8.04020e-002
 2.952400000000e-004,-8.04020e-002
 2.952800000000e-004,-8.04020e-002
 2.953200000000e-004,-4.02010e-002
 2.953600000000e-004,-4.02010e-002
 2.954000000000e-004,-4.02010e-002
 2.954400000000e-004,-4.02010e-002
 2.954800000000e-004,-4.02010e-002
 2.955200000000e-004,-4.02010e-002
 2.955600000000e-004,-4.02010e-002
 2.956000000000e-004,-4.02010e-002
 2.956400000000e-004,-4.02010e-002
 2.956800000000e-004,-4.02010e-002
 2.957200000000e-004,-8.04020e-002
 2.957600000000e-004,-4.02010e-002
 2.958000000000e-004,-4.02010e-002
 2.958400000000e-004,-8.04020e-002
 2.958800000000e-004,-4.02010e-002
 2.959200000000e-004,-4.02010e-002
 2.959600000000e-004,-4.02010e-002
 2.960000000000e-004,-4.02010e-002
 2.960400000000e-004,-4.02010e-002
 2.960800000000e-004,-4.02010e-002
 2.961200000000e-004,-8.04020e-002
 2.961600000000e-004,-4.02010e-002
 2.962000000000e-004,-4.02010e-002
 2.962400000000e-004,-4.02010e-002
 2.962800000000e-004,-4.02010e-002
 2.963200000000e-004,-4.02010e-002
 2.963600000000e-004,-4.02010e-002
 2.964000000000e-004,-4.02010e-002
 2.964400000000e-004,-4.02010e-002
 2.964800000000e-004,-4.02010e-002
 2.965200000000e-004,-8.04020e-002
 2.965600000000e-004,-1.20603e-001
 2.966000000000e-004,-8.04020e-002
 2.966400000000e-004,-8.04020e-002
 2.966800000000e-004,-4.02010e-002
 2.967200000000e-004, 0.00000e+000
 2.967600000000e-004, 0.00000e+000
 2.968000000000e-004, 0.00000e+000
 2.968400000000e-004,-4.02010e-002
 2.968800000000e-004,-8.04020e-002
 2.969200000000e-004,-4.02010e-002
 2.969600000000e-004,-8.04020e-002
 2.970000000000e-004,-4.02010e-002
 2.970400000000e-004,-4.02010e-002
 2.970800000000e-004,-8.04020e-002
 2.971200000000e-004,-4.02010e-002
 2.971600000000e-004,-4.02010e-002
 2.972000000000e-004, 0.00000e+000
 2.972400000000e-004,-4.02010e-002
 2.972800000000e-004,-4.02010e-002
 2.973200000000e-004,-4.02010e-002
 2.973600000000e-004,-4.02010e-002
 2.974000000000e-004,-4.02010e-002
 2.974400000000e-004,-4.02010e-002
 2.974800000000e-004,-8.04020e-002
 2.975200000000e-004,-4.02010e-002
 2.975600000000e-004,-4.02010e-002
 2.976000000000e-004,-4.02010e-002
 2.976400000000e-004,-4.02010e-002
 2.976800000000e-004, 0.00000e+000
 2.977200000000e-004,-4.02010e-002
 2.977600000000e-004,-4.02010e-002
 2.978000000000e-004,-8.04020e-002
 2.978400000000e-004,-8.04020e-002
 2.978800000000e-004,-8.04020e-002
 2.979200000000e-004,-4.02010e-002
 2.979600000000e-004,-4.02010e-002
 2.980000000000e-004,-4.02010e-002
 2.980400000000e-004, 0.00000e+000
 2.980800000000e-004,-4.02010e-002
 2.981200000000e-004, 0.00000e+000
 2.981600000000e-004,-4.02010e-002
 2.982000000000e-004,-8.04020e-002
 2.982400000000e-004,-8.04020e-002
 2.982800000000e-004,-4.02010e-002
 2.983200000000e-004,-8.04020e-002
 2.983600000000e-004,-4.02010e-002
 2.984000000000e-004,-4.02010e-002
 2.984400000000e-004,-4.02010e-002
 2.984800000000e-004,-4.02010e-002
 2.985200000000e-004,-4.02010e-002
 2.985600000000e-004,-4.02010e-002
 2.986000000000e-004,-4.02010e-002
 2.986400000000e-004,-4.02010e-002
 2.986800000000e-004,-4.02010e-002
 2.987200000000e-004,-4.02010e-002
 2.987600000000e-004,-4.02010e-002
 2.988000000000e-004,-8.04020e-002
 2.988400000000e-004,-8.04020e-002
 2.988800000000e-004,-4.02010e-002
 2.989200000000e-004,-4.02010e-002
 2.989600000000e-004,-4.02010e-002
 2.990000000000e-004,-4.02010e-002
 2.990400000000e-004,-4.02010e-002
 2.990800000000e-004,-4.02010e-002
 2.991200000000e-004,-4.02010e-002
 2.991600000000e-004,-4.02010e-002
 2.992000000000e-004,-8.04020e-002
 2.992400000000e-004,-4.02010e-002
 2.992800000000e-004,-4.02010e-002
 2.993200000000e-004,-4.02010e-002
 2.993600000000e-004,-4.02010e-002
 2.994000000000e-004,-4.02010e-002
 2.994400000000e-004,-4.02010e-002
 2.994800000000e-004,-4.02010e-002
 2.995200000000e-004,-4.02010e-002
 2.995600000000e-004,-4.02010e-002
 2.996000000000e-004,-4.02010e-002
 2.996400000000e-004,-4.02010e-002
 2.996800000000e-004,-4.02010e-002
 2.997200000000e-004,-4.02010e-002
 2.997600000000e-004,-4.02010e-002
 2.998000000000e-004,-4.02010e-002
 2.998400000000e-004,-4.02010e-002
 2.998800000000e-004,-4.02010e-002
 2.999200000000e-004,-4.02010e-002
 2.999600000000e-004,-4.02010e-002
 3.000000000000e-004,-8.04020e-002
 3.000400000000e-004,-4.02010e-002
 3.000800000000e-004,-8.04020e-002
 3.001200000000e-004,-4.02010e-002
 3.001600000000e-004,-4.02010e-002
 3.002000000000e-004,-4.02010e-002
 3.002400000000e-004, 0.00000e+000
 3.002800000000e-004, 0.00000e+000
 3.003200000000e-004,-4.02010e-002
 3.003600000000e-004,-4.02010e-002
 3.004000000000e-004,-4.02010e-002
 3.004400000000e-004,-8.04020e-002
 3.004800000000e-004,-8.04020e-002
 3.005200000000e-004,-8.04020e-002
 3.005600000000e-004,-8.04020e-002
 3.006000000000e-004,-4.02010e-002
 3.006400000000e-004,-4.02010e-002
 3.006800000000e-004,-4.02010e-002
 3.007200000000e-004, 0.00000e+000
 3.007600000000e-004,-4.02010e-002
 3.008000000000e-004,-4.02010e-002
 3.008400000000e-004,-4.02010e-002
 3.008800000000e-004,-4.02010e-002
 3.009200000000e-004,-8.04020e-002
 3.009600000000e-004,-4.02010e-002
 3.010000000000e-004,-4.02010e-002
 3.010400000000e-004,-8.04020e-002
 3.010800000000e-004,-4.02010e-002
 3.011200000000e-004,-4.02010e-002
 3.011600000000e-004,-4.02010e-002
 3.012000000000e-004,-4.02010e-002
 3.012400000000e-004,-4.02010e-002
 3.012800000000e-004,-8.04020e-002
 3.013200000000e-004,-4.02010e-002
 3.013600000000e-004,-8.04020e-002
 3.014000000000e-004,-4.02010e-002
 3.014400000000e-004,-4.02010e-002
 3.014800000000e-004, 0.00000e+000
 3.015200000000e-004,-4.02010e-002
 3.015600000000e-004,-4.02010e-002
 3.016000000000e-004,-4.02010e-002
 3.016400000000e-004,-4.02010e-002
 3.016800000000e-004,-8.04020e-002
 3.017200000000e-004,-4.02010e-002
 3.017600000000e-004,-4.02010e-002
 3.018000000000e-004,-4.02010e-002
 3.018400000000e-004,-4.02010e-002
 3.018800000000e-004,-4.02010e-002
 3.019200000000e-004,-4.02010e-002
 3.019600000000e-004,-4.02010e-002
 3.020000000000e-004,-4.02010e-002
 3.020400000000e-004,-4.02010e-002
 3.020800000000e-004,-4.02010e-002
 3.021200000000e-004,-4.02010e-002
 3.021600000000e-004,-4.02010e-002
 3.022000000000e-004,-4.02010e-002
 3.022400000000e-004,-4.02010e-002
 3.022800000000e-004,-8.04020e-002
 3.023200000000e-004,-8.04020e-002
 3.023600000000e-004,-8.04020e-002
 3.024000000000e-004,-8.04020e-002
 3.024400000000e-004,-8.04020e-002
 3.024800000000e-004,-4.02010e-002
 3.025200000000e-004,-4.02010e-002
 3.025600000000e-004,-4.02010e-002
 3.026000000000e-004, 0.00000e+000
 3.026400000000e-004,-4.02010e-002
 3.026800000000e-004,-4.02010e-002
 3.027200000000e-004,-4.02010e-002
 3.027600000000e-004,-4.02010e-002
 3.028000000000e-004,-4.02010e-002
 3.028400000000e-004,-8.04020e-002
 3.028800000000e-004,-4.02010e-002
 3.029200000000e-004,-8.04020e-002
 3.029600000000e-004,-4.02010e-002
 3.030000000000e-004,-4.02010e-002
 3.030400000000e-004,-4.02010e-002
 3.030800000000e-004,-4.02010e-002
 3.031200000000e-004,-4.02010e-002
 3.031600000000e-004,-4.02010e-002
 3.032000000000e-004,-4.02010e-002
 3.032400000000e-004,-4.02010e-002
 3.032800000000e-004,-4.02010e-002
 3.033200000000e-004,-8.04020e-002
 3.033600000000e-004,-4.02010e-002
 3.034000000000e-004,-4.02010e-002
 3.034400000000e-004,-4.02010e-002
 3.034800000000e-004,-4.02010e-002
 3.035200000000e-004,-4.02010e-002
 3.035600000000e-004,-4.02010e-002
 3.036000000000e-004,-4.02010e-002
 3.036400000000e-004,-4.02010e-002
 3.036800000000e-004,-8.04020e-002
 3.037200000000e-004,-8.04020e-002
 3.037600000000e-004,-4.02010e-002
 3.038000000000e-004,-4.02010e-002
 3.038400000000e-004, 0.00000e+000
 3.038800000000e-004,-4.02010e-002
 3.039200000000e-004,-4.02010e-002
 3.039600000000e-004, 0.00000e+000
 3.040000000000e-004,-4.02010e-002
 3.040400000000e-004,-8.04020e-002
 3.040800000000e-004,-8.04020e-002
 3.041200000000e-004,-8.04020e-002
 3.041600000000e-004,-8.04020e-002
 3.042000000000e-004,-4.02010e-002
 3.042400000000e-004,-4.02010e-002
 3.042800000000e-004,-4.02010e-002
 3.043200000000e-004,-4.02010e-002
 3.043600000000e-004,-4.02010e-002
 3.044000000000e-004,-4.02010e-002
 3.044400000000e-004,-4.02010e-002
 3.044800000000e-004,-4.02010e-002
 3.045200000000e-004,-4.02010e-002
 3.045600000000e-004,-4.02010e-002
 3.046000000000e-004,-8.04020e-002
 3.046400000000e-004,-4.02010e-002
 3.046800000000e-004,-4.02010e-002
 3.047200000000e-004,-4.02010e-002
 3.047600000000e-004,-4.02010e-002
 3.048000000000e-004,-4.02010e-002
 3.048400000000e-004,-4.02010e-002
 3.048800000000e-004,-4.02010e-002
 3.049200000000e-004,-4.02010e-002
 3.049600000000e-004,-4.02010e-002
 3.050000000000e-004,-8.04020e-002
 3.050400000000e-004,-4.02010e-002
 3.050800000000e-004,-4.02010e-002
 3.051200000000e-004,-4.02010e-002
 3.051600000000e-004,-4.02010e-002
 3.052000000000e-004, 0.00000e+000
 3.052400000000e-004, 0.00000e+000
 3.052800000000e-004, 0.00000e+000
 3.053200000000e-004,-4.02010e-002
 3.053600000000e-004,-4.02010e-002
 3.054000000000e-004,-4.02010e-002
 3.054400000000e-004,-8.04020e-002
 3.054800000000e-004,-4.02010e-002
 3.055200000000e-004,-4.02010e-002
 3.055600000000e-004,-4.02010e-002
 3.056000000000e-004,-4.02010e-002
 3.056400000000e-004,-4.02010e-002
 3.056800000000e-004,-4.02010e-002
 3.057200000000e-004,-4.02010e-002
 3.057600000000e-004, 0.00000e+000
 3.058000000000e-004,-4.02010e-002
 3.058400000000e-004,-4.02010e-002
 3.058800000000e-004,-4.02010e-002
 3.059200000000e-004,-4.02010e-002
 3.059600000000e-004,-8.04020e-002
 3.060000000000e-004,-4.02010e-002
 3.060400000000e-004,-4.02010e-002
 3.060800000000e-004,-4.02010e-002
 3.061200000000e-004, 0.00000e+000
 3.061600000000e-004, 0.00000e+000
 3.062000000000e-004,-4.02010e-002
 3.062400000000e-004,-4.02010e-002
 3.062800000000e-004,-4.02010e-002
 3.063200000000e-004,-8.04020e-002
 3.063600000000e-004,-8.04020e-002
 3.064000000000e-004,-4.02010e-002
 3.064400000000e-004,-4.02010e-002
 3.064800000000e-004,-4.02010e-002
 3.065200000000e-004, 0.00000e+000
 3.065600000000e-004, 0.00000e+000
 3.066000000000e-004,-4.02010e-002
 3.066400000000e-004,-4.02010e-002
 3.066800000000e-004,-8.04020e-002
 3.067200000000e-004,-8.04020e-002
 3.067600000000e-004,-8.04020e-002
 3.068000000000e-004,-8.04020e-002
 3.068400000000e-004,-4.02010e-002
 3.068800000000e-004,-4.02010e-002
 3.069200000000e-004, 0.00000e+000
 3.069600000000e-004, 0.00000e+000
 3.070000000000e-004, 0.00000e+000
 3.070400000000e-004, 0.00000e+000
 3.070800000000e-004,-4.02010e-002
 3.071200000000e-004,-4.02010e-002
 3.071600000000e-004,-8.04020e-002
 3.072000000000e-004,-8.04020e-002
 3.072400000000e-004,-4.02010e-002
 3.072800000000e-004,-4.02010e-002
 3.073200000000e-004,-4.02010e-002
 3.073600000000e-004,-8.04020e-002
 3.074000000000e-004,-4.02010e-002
 3.074400000000e-004,-4.02010e-002
 3.074800000000e-004,-8.04020e-002
 3.075200000000e-004,-4.02010e-002
 3.075600000000e-004,-4.02010e-002
 3.076000000000e-004,-4.02010e-002
 3.076400000000e-004,-4.02010e-002
 3.076800000000e-004,-4.02010e-002
 3.077200000000e-004,-4.02010e-002
 3.077600000000e-004,-4.02010e-002
 3.078000000000e-004,-4.02010e-002
 3.078400000000e-004,-4.02010e-002
 3.078800000000e-004, 0.00000e+000
 3.079200000000e-004,-4.02010e-002
 3.079600000000e-004,-4.02010e-002
 3.080000000000e-004,-4.02010e-002
 3.080400000000e-004,-4.02010e-002
 3.080800000000e-004,-8.04020e-002
 3.081200000000e-004,-8.04020e-002
 3.081600000000e-004,-4.02010e-002
 3.082000000000e-004,-4.02010e-002
 3.082400000000e-004,-4.02010e-002
 3.082800000000e-004,-4.02010e-002
 3.083200000000e-004,-4.02010e-002
 3.083600000000e-004,-4.02010e-002
 3.084000000000e-004,-4.02010e-002
 3.084400000000e-004,-4.02010e-002
 3.084800000000e-004,-4.02010e-002
 3.085200000000e-004,-4.02010e-002
 3.085600000000e-004,-8.04020e-002
 3.086000000000e-004,-4.02010e-002
 3.086400000000e-004,-4.02010e-002
 3.086800000000e-004,-4.02010e-002
 3.087200000000e-004, 0.00000e+000
 3.087600000000e-004,-4.02010e-002
 3.088000000000e-004,-4.02010e-002
 3.088400000000e-004,-4.02010e-002
 3.088800000000e-004,-4.02010e-002
 3.089200000000e-004,-4.02010e-002
 3.089600000000e-004,-4.02010e-002
 3.090000000000e-004,-4.02010e-002
 3.090400000000e-004,-4.02010e-002
 3.090800000000e-004,-4.02010e-002
 3.091200000000e-004,-4.02010e-002
 3.091600000000e-004,-4.02010e-002
 3.092000000000e-004,-4.02010e-002
 3.092400000000e-004,-4.02010e-002
 3.092800000000e-004,-4.02010e-002
 3.093200000000e-004,-4.02010e-002
 3.093600000000e-004,-4.02010e-002
 3.094000000000e-004,-4.02010e-002
 3.094400000000e-004,-8.04020e-002
 3.094800000000e-004,-8.04020e-002
 3.095200000000e-004,-4.02010e-002
 3.095600000000e-004,-4.02010e-002
 3.096000000000e-004, 0.00000e+000
 3.096400000000e-004,-4.02010e-002
 3.096800000000e-004, 0.00000e+000
 3.097200000000e-004,-4.02010e-002
 3.097600000000e-004, 0.00000e+000
 3.098000000000e-004,-4.02010e-002
 3.098400000000e-004,-8.04020e-002
 3.098800000000e-004,-8.04020e-002
 3.099200000000e-004,-8.04020e-002
 3.099600000000e-004,-4.02010e-002
 3.100000000000e-004,-4.02010e-002
 3.100400000000e-004,-4.02010e-002
 3.100800000000e-004,-4.02010e-002
 3.101200000000e-004,-4.02010e-002
 3.101600000000e-004,-4.02010e-002
 3.102000000000e-004,-4.02010e-002
 3.102400000000e-004,-4.02010e-002
 3.102800000000e-004,-8.04020e-002
 3.103200000000e-004,-4.02010e-002
 3.103600000000e-004, 0.00000e+000
 3.104000000000e-004,-4.02010e-002
 3.104400000000e-004,-4.02010e-002
 3.104800000000e-004,-8.04020e-002
 3.105200000000e-004,-4.02010e-002
 3.105600000000e-004,-4.02010e-002
 3.106000000000e-004,-4.02010e-002
 3.106400000000e-004,-4.02010e-002
 3.106800000000e-004,-4.02010e-002
 3.107200000000e-004,-8.04020e-002
 3.107600000000e-004,-4.02010e-002
 3.108000000000e-004,-4.02010e-002
 3.108400000000e-004,-4.02010e-002
 3.108800000000e-004,-4.02010e-002
 3.109200000000e-004,-4.02010e-002
 3.109600000000e-004,-4.02010e-002
 3.110000000000e-004,-4.02010e-002
 3.110400000000e-004,-4.02010e-002
 3.110800000000e-004,-4.02010e-002
 3.111200000000e-004,-8.04020e-002
 3.111600000000e-004,-8.04020e-002
 3.112000000000e-004,-4.02010e-002
 3.112400000000e-004,-4.02010e-002
 3.112800000000e-004,-4.02010e-002
 3.113200000000e-004,-4.02010e-002
 3.113600000000e-004,-4.02010e-002
 3.114000000000e-004,-4.02010e-002
 3.114400000000e-004,-4.02010e-002
 3.114800000000e-004,-4.02010e-002
 3.115200000000e-004,-8.04020e-002
 3.115600000000e-004,-4.02010e-002
 3.116000000000e-004,-4.02010e-002
 3.116400000000e-004,-4.02010e-002
 3.116800000000e-004,-4.02010e-002
 3.117200000000e-004,-4.02010e-002
 3.117600000000e-004,-4.02010e-002
 3.118000000000e-004,-4.02010e-002
 3.118400000000e-004,-4.02010e-002
 3.118800000000e-004,-4.02010e-002
 3.119200000000e-004,-4.02010e-002
 3.119600000000e-004,-4.02010e-002
 3.120000000000e-004,-4.02010e-002
 3.120400000000e-004,-4.02010e-002
 3.120800000000e-004,-4.02010e-002
 3.121200000000e-004,-4.02010e-002
 3.121600000000e-004,-4.02010e-002
 3.122000000000e-004,-4.02010e-002
 3.122400000000e-004,-4.02010e-002
 3.122800000000e-004,-4.02010e-002
 3.123200000000e-004, 0.00000e+000
 3.123600000000e-004, 0.00000e+000
 3.124000000000e-004,-4.02010e-002
 3.124400000000e-004,-4.02010e-002
 3.124800000000e-004,-4.02010e-002
 3.125200000000e-004,-8.04020e-002
 3.125600000000e-004,-8.04020e-002
 3.126000000000e-004,-4.02010e-002
 3.126400000000e-004,-4.02010e-002
 3.126800000000e-004,-4.02010e-002
 3.127200000000e-004,-4.02010e-002
 3.127600000000e-004,-4.02010e-002
 3.128000000000e-004,-4.02010e-002
 3.128400000000e-004,-4.02010e-002
 3.128800000000e-004,-4.02010e-002
 3.129200000000e-004,-4.02010e-002
 3.129600000000e-004,-4.02010e-002
 3.130000000000e-004, 0.00000e+000
 3.130400000000e-004,-4.02010e-002
 3.130800000000e-004,-4.02010e-002
 3.131200000000e-004,-4.02010e-002
 3.131600000000e-004,-4.02010e-002
 3.132000000000e-004,-4.02010e-002
 3.132400000000e-004,-4.02010e-002
 3.132800000000e-004,-4.02010e-002
 3.133200000000e-004,-4.02010e-002
 3.133600000000e-004,-4.02010e-002
 3.134000000000e-004,-4.02010e-002
 3.134400000000e-004,-4.02010e-002
 3.134800000000e-004,-4.02010e-002
 3.135200000000e-004,-4.02010e-002
 3.135600000000e-004, 0.00000e+000
 3.136000000000e-004,-4.02010e-002
 3.136400000000e-004,-4.02010e-002
 3.136800000000e-004,-4.02010e-002
 3.137200000000e-004,-4.02010e-002
 3.137600000000e-004,-4.02010e-002
 3.138000000000e-004,-8.04020e-002
 3.138400000000e-004,-8.04020e-002
 3.138800000000e-004,-8.04020e-002
 3.139200000000e-004,-4.02010e-002
 3.139600000000e-004,-8.04020e-002
 3.140000000000e-004,-4.02010e-002
 3.140400000000e-004,-4.02010e-002
 3.140800000000e-004,-4.02010e-002
 3.141200000000e-004,-4.02010e-002
 3.141600000000e-004,-4.02010e-002
 3.142000000000e-004,-4.02010e-002
 3.142400000000e-004,-4.02010e-002
 3.142800000000e-004,-4.02010e-002
 3.143200000000e-004,-4.02010e-002
 3.143600000000e-004,-4.02010e-002
 3.144000000000e-004,-4.02010e-002
 3.144400000000e-004,-4.02010e-002
 3.144800000000e-004,-8.04020e-002
 3.145200000000e-004,-4.02010e-002
 3.145600000000e-004,-4.02010e-002
 3.146000000000e-004,-8.04020e-002
 3.146400000000e-004,-4.02010e-002
 3.146800000000e-004,-4.02010e-002
 3.147200000000e-004,-4.02010e-002
 3.147600000000e-004,-4.02010e-002
 3.148000000000e-004,-4.02010e-002
 3.148400000000e-004,-4.02010e-002
 3.148800000000e-004,-4.02010e-002
 3.149200000000e-004,-8.04020e-002
 3.149600000000e-004,-4.02010e-002
 3.150000000000e-004,-4.02010e-002
 3.150400000000e-004,-4.02010e-002
 3.150800000000e-004,-4.02010e-002
 3.151200000000e-004,-4.02010e-002
 3.151600000000e-004,-4.02010e-002
 3.152000000000e-004,-4.02010e-002
 3.152400000000e-004,-4.02010e-002
 3.152800000000e-004,-4.02010e-002
 3.153200000000e-004,-4.02010e-002
 3.153600000000e-004,-4.02010e-002
 3.154000000000e-004, 0.00000e+000
 3.154400000000e-004,-4.02010e-002
 3.154800000000e-004, 0.00000e+000
 3.155200000000e-004, 0.00000e+000
 3.155600000000e-004,-4.02010e-002
 3.156000000000e-004,-4.02010e-002
 3.156400000000e-004,-8.04020e-002
 3.156800000000e-004,-8.04020e-002
 3.157200000000e-004,-8.04020e-002
 3.157600000000e-004,-8.04020e-002
 3.158000000000e-004,-8.04020e-002
 3.158400000000e-004,-4.02010e-002
 3.158800000000e-004,-4.02010e-002
 3.159200000000e-004,-4.02010e-002
 3.159600000000e-004,-4.02010e-002
 3.160000000000e-004,-4.02010e-002
 3.160400000000e-004,-4.02010e-002
 3.160800000000e-004,-4.02010e-002
 3.161200000000e-004,-4.02010e-002
 3.161600000000e-004,-4.02010e-002
 3.162000000000e-004,-4.02010e-002
 3.162400000000e-004,-4.02010e-002
 3.162800000000e-004,-4.02010e-002
 3.163200000000e-004,-4.02010e-002
 3.163600000000e-004,-4.02010e-002
 3.164000000000e-004,-4.02010e-002
 3.164400000000e-004,-4.02010e-002
 3.164800000000e-004,-4.02010e-002
 3.165200000000e-004,-4.02010e-002
 3.165600000000e-004,-4.02010e-002
 3.166000000000e-004,-4.02010e-002
 3.166400000000e-004,-4.02010e-002
 3.166800000000e-004,-4.02010e-002
 3.167200000000e-004, 0.00000e+000
 3.167600000000e-004, 0.00000e+000
 3.168000000000e-004,-4.02010e-002
 3.168400000000e-004,-4.02010e-002
 3.168800000000e-004,-4.02010e-002
 3.169200000000e-004,-8.04020e-002
 3.169600000000e-004,-8.04020e-002
 3.170000000000e-004,-8.04020e-002
 3.170400000000e-004,-4.02010e-002
 3.170800000000e-004,-4.02010e-002
 3.171200000000e-004,-4.02010e-002
 3.171600000000e-004,-4.02010e-002
 3.172000000000e-004,-4.02010e-002
 3.172400000000e-004,-4.02010e-002
 3.172800000000e-004,-4.02010e-002
 3.173200000000e-004,-4.02010e-002
 3.173600000000e-004,-4.02010e-002
 3.174000000000e-004,-4.02010e-002
 3.174400000000e-004,-4.02010e-002
 3.174800000000e-004,-4.02010e-002
 3.175200000000e-004,-4.02010e-002
 3.175600000000e-004,-4.02010e-002
 3.176000000000e-004,-4.02010e-002
 3.176400000000e-004, 0.00000e+000
 3.176800000000e-004, 0.00000e+000
 3.177200000000e-004,-4.02010e-002
 3.177600000000e-004,-4.02010e-002
 3.178000000000e-004,-4.02010e-002
 3.178400000000e-004,-4.02010e-002
 3.178800000000e-004,-8.04020e-002
 3.179200000000e-004,-4.02010e-002
 3.179600000000e-004,-4.02010e-002
 3.180000000000e-004,-8.04020e-002
 3.180400000000e-004,-4.02010e-002
 3.180800000000e-004,-4.02010e-002
 3.181200000000e-004,-4.02010e-002
 3.181600000000e-004,-4.02010e-002
 3.182000000000e-004,-4.02010e-002
 3.182400000000e-004,-4.02010e-002
 3.182800000000e-004,-8.04020e-002
 3.183200000000e-004,-8.04020e-002
 3.183600000000e-004,-8.04020e-002
 3.184000000000e-004,-4.02010e-002
 3.184400000000e-004,-4.02010e-002
 3.184800000000e-004,-4.02010e-002
 3.185200000000e-004,-4.02010e-002
 3.185600000000e-004,-4.02010e-002
 3.186000000000e-004,-4.02010e-002
 3.186400000000e-004,-4.02010e-002
 3.186800000000e-004,-4.02010e-002
 3.187200000000e-004,-4.02010e-002
 3.187600000000e-004,-8.04020e-002
 3.188000000000e-004,-8.04020e-002
 3.188400000000e-004,-4.02010e-002
 3.188800000000e-004,-4.02010e-002
 3.189200000000e-004,-4.02010e-002
 3.189600000000e-004,-4.02010e-002
 3.190000000000e-004,-8.04020e-002
 3.190400000000e-004,-8.04020e-002
 3.190800000000e-004,-4.02010e-002
 3.191200000000e-004,-8.04020e-002
 3.191600000000e-004,-8.04020e-002
 3.192000000000e-004,-8.04020e-002
 3.192400000000e-004,-8.04020e-002
 3.192800000000e-004,-4.02010e-002
 3.193200000000e-004,-4.02010e-002
 3.193600000000e-004,-4.02010e-002
 3.194000000000e-004,-4.02010e-002
 3.194400000000e-004,-4.02010e-002
 3.194800000000e-004,-4.02010e-002
 3.195200000000e-004,-4.02010e-002
 3.195600000000e-004,-4.02010e-002
 3.196000000000e-004,-4.02010e-002
 3.196400000000e-004,-8.04020e-002
 3.196800000000e-004,-8.04020e-002
 3.197200000000e-004,-4.02010e-002
 3.197600000000e-004,-8.04020e-002
 3.198000000000e-004,-4.02010e-002
 3.198400000000e-004,-4.02010e-002
 3.198800000000e-004,-4.02010e-002
 3.199200000000e-004,-4.02010e-002
 3.199600000000e-004,-4.02010e-002
 3.200000000000e-004,-4.02010e-002
 3.200400000000e-004,-4.02010e-002
 3.200800000000e-004,-4.02010e-002
 3.201200000000e-004,-4.02010e-002
 3.201600000000e-004,-4.02010e-002
 3.202000000000e-004, 0.00000e+000
 3.202400000000e-004,-4.02010e-002
 3.202800000000e-004,-4.02010e-002
 3.203200000000e-004,-4.02010e-002
 3.203600000000e-004,-8.04020e-002
 3.204000000000e-004,-8.04020e-002
 3.204400000000e-004,-4.02010e-002
 3.204800000000e-004,-8.04020e-002
 3.205200000000e-004,-4.02010e-002
 3.205600000000e-004,-4.02010e-002
 3.206000000000e-004,-4.02010e-002
 3.206400000000e-004,-4.02010e-002
 3.206800000000e-004,-4.02010e-002
 3.207200000000e-004,-4.02010e-002
 3.207600000000e-004,-4.02010e-002
 3.208000000000e-004,-4.02010e-002
 3.208400000000e-004,-4.02010e-002
 3.208800000000e-004,-4.02010e-002
 3.209200000000e-004,-4.02010e-002
 3.209600000000e-004,-8.04020e-002
 3.210000000000e-004,-4.02010e-002
 3.210400000000e-004,-4.02010e-002
 3.210800000000e-004,-8.04020e-002
 3.211200000000e-004,-4.02010e-002
 3.211600000000e-004,-8.04020e-002
 3.212000000000e-004,-4.02010e-002
 3.212400000000e-004, 0.00000e+000
 3.212800000000e-004, 0.00000e+000
 3.213200000000e-004, 0.00000e+000
 3.213600000000e-004,-4.02010e-002
 3.214000000000e-004,-4.02010e-002
 3.214400000000e-004,-4.02010e-002
 3.214800000000e-004,-8.04020e-002
 3.215200000000e-004,-4.02010e-002
 3.215600000000e-004,-8.04020e-002
 3.216000000000e-004,-8.04020e-002
 3.216400000000e-004,-4.02010e-002
 3.216800000000e-004,-4.02010e-002
 3.217200000000e-004,-4.02010e-002
 3.217600000000e-004, 0.00000e+000
 3.218000000000e-004,-4.02010e-002
 3.218400000000e-004,-4.02010e-002
 3.218800000000e-004, 0.00000e+000
 3.219200000000e-004,-4.02010e-002
 3.219600000000e-004,-4.02010e-002
 3.220000000000e-004,-4.02010e-002
 3.220400000000e-004,-4.02010e-002
 3.220800000000e-004,-4.02010e-002
 3.221200000000e-004,-8.04020e-002
 3.221600000000e-004,-4.02010e-002
 3.222000000000e-004,-8.04020e-002
 3.222400000000e-004,-4.02010e-002
 3.222800000000e-004,-4.02010e-002
 3.223200000000e-004,-4.02010e-002
 3.223600000000e-004,-4.02010e-002
 3.224000000000e-004,-4.02010e-002
 3.224400000000e-004,-4.02010e-002
 3.224800000000e-004,-4.02010e-002
 3.225200000000e-004, 0.00000e+000
 3.225600000000e-004,-4.02010e-002
 3.226000000000e-004,-4.02010e-002
 3.226400000000e-004,-4.02010e-002
 3.226800000000e-004,-4.02010e-002
 3.227200000000e-004,-8.04020e-002
 3.227600000000e-004,-8.04020e-002
 3.228000000000e-004,-1.20603e-001
 3.228400000000e-004,-8.04020e-002
 3.228800000000e-004,-4.02010e-002
 3.229200000000e-004,-4.02010e-002
 3.229600000000e-004,-4.02010e-002
 3.230000000000e-004,-4.02010e-002
 3.230400000000e-004,-4.02010e-002
 3.230800000000e-004,-4.02010e-002
 3.231200000000e-004,-4.02010e-002
 3.231600000000e-004,-4.02010e-002
 3.232000000000e-004,-4.02010e-002
 3.232400000000e-004,-4.02010e-002
 3.232800000000e-004,-4.02010e-002
 3.233200000000e-004,-4.02010e-002
 3.233600000000e-004,-4.02010e-002
 3.234000000000e-004,-4.02010e-002
 3.234400000000e-004,-4.02010e-002
 3.234800000000e-004,-4.02010e-002
 3.235200000000e-004, 0.00000e+000
 3.235600000000e-004,-4.02010e-002
 3.236000000000e-004,-4.02010e-002
 3.236400000000e-004,-4.02010e-002
 3.236800000000e-004,-4.02010e-002
 3.237200000000e-004,-4.02010e-002
 3.237600000000e-004,-4.02010e-002
 3.238000000000e-004,-4.02010e-002
 3.238400000000e-004,-4.02010e-002
 3.238800000000e-004,-4.02010e-002
 3.239200000000e-004,-4.02010e-002
 3.239600000000e-004,-4.02010e-002
 3.240000000000e-004,-4.02010e-002
 3.240400000000e-004,-4.02010e-002
 3.240800000000e-004,-8.04020e-002
 3.241200000000e-004,-8.04020e-002
 3.241600000000e-004,-8.04020e-002
 3.242000000000e-004,-4.02010e-002
 3.242400000000e-004,-4.02010e-002
 3.242800000000e-004,-4.02010e-002
 3.243200000000e-004,-4.02010e-002
 3.243600000000e-004,-4.02010e-002
 3.244000000000e-004, 0.00000e+000
 3.244400000000e-004,-4.02010e-002
 3.244800000000e-004,-4.02010e-002
 3.245200000000e-004,-4.02010e-002
 3.245600000000e-004,-8.04020e-002
 3.246000000000e-004,-8.04020e-002
 3.246400000000e-004,-4.02010e-002
 3.246800000000e-004,-8.04020e-002
 3.247200000000e-004,-4.02010e-002
 3.247600000000e-004,-4.02010e-002
 3.248000000000e-004,-4.02010e-002
 3.248400000000e-004,-4.02010e-002
 3.248800000000e-004,-4.02010e-002
 3.249200000000e-004,-4.02010e-002
 3.249600000000e-004,-8.04020e-002
 3.250000000000e-004,-8.04020e-002
 3.250400000000e-004,-8.04020e-002
 3.250800000000e-004,-4.02010e-002
 3.251200000000e-004,-4.02010e-002
 3.251600000000e-004,-4.02010e-002
 3.252000000000e-004,-4.02010e-002
 3.252400000000e-004,-4.02010e-002
 3.252800000000e-004,-4.02010e-002
 3.253200000000e-004, 0.00000e+000
 3.253600000000e-004,-4.02010e-002
 3.254000000000e-004,-4.02010e-002
 3.254400000000e-004,-8.04020e-002
 3.254800000000e-004,-4.02010e-002
 3.255200000000e-004,-4.02010e-002
 3.255600000000e-004,-4.02010e-002
 3.256000000000e-004,-4.02010e-002
 3.256400000000e-004, 0.00000e+000
 3.256800000000e-004,-4.02010e-002
 3.257200000000e-004,-4.02010e-002
 3.257600000000e-004,-4.02010e-002
 3.258000000000e-004,-4.02010e-002
 3.258400000000e-004,-8.04020e-002
 3.258800000000e-004,-8.04020e-002
 3.259200000000e-004,-4.02010e-002
 3.259600000000e-004,-8.04020e-002
 3.260000000000e-004,-4.02010e-002
 3.260400000000e-004,-4.02010e-002
 3.260800000000e-004,-4.02010e-002
 3.261200000000e-004,-4.02010e-002
 3.261600000000e-004,-4.02010e-002
 3.262000000000e-004,-4.02010e-002
 3.262400000000e-004,-4.02010e-002
 3.262800000000e-004,-4.02010e-002
 3.263200000000e-004,-4.02010e-002
 3.263600000000e-004,-4.02010e-002
 3.264000000000e-004,-8.04020e-002
 3.264400000000e-004,-4.02010e-002
 3.264800000000e-004,-4.02010e-002
 3.265200000000e-004,-4.02010e-002
 3.265600000000e-004,-4.02010e-002
 3.266000000000e-004,-4.02010e-002
 3.266400000000e-004,-4.02010e-002
 3.266800000000e-004,-4.02010e-002
 3.267200000000e-004,-4.02010e-002
 3.267600000000e-004,-4.02010e-002
 3.268000000000e-004,-8.04020e-002
 3.268400000000e-004,-4.02010e-002
 3.268800000000e-004,-4.02010e-002
 3.269200000000e-004,-4.02010e-002
 3.269600000000e-004,-8.04020e-002
 3.270000000000e-004,-4.02010e-002
 3.270400000000e-004,-4.02010e-002
 3.270800000000e-004,-4.02010e-002
 3.271200000000e-004,-4.02010e-002
 3.271600000000e-004,-4.02010e-002
 3.272000000000e-004,-4.02010e-002
 3.272400000000e-004,-4.02010e-002
 3.272800000000e-004,-8.04020e-002
 3.273200000000e-004,-8.04020e-002
 3.273600000000e-004,-8.04020e-002
 3.274000000000e-004,-4.02010e-002
 3.274400000000e-004,-4.02010e-002
 3.274800000000e-004,-4.02010e-002
 3.275200000000e-004,-4.02010e-002
 3.275600000000e-004,-4.02010e-002
 3.276000000000e-004,-8.04020e-002
 3.276400000000e-004,-4.02010e-002
 3.276800000000e-004,-4.02010e-002
 3.277200000000e-004,-4.02010e-002
 3.277600000000e-004,-4.02010e-002
 3.278000000000e-004,-4.02010e-002
 3.278400000000e-004,-4.02010e-002
 3.278800000000e-004,-4.02010e-002
 3.279200000000e-004,-4.02010e-002
 3.279600000000e-004,-4.02010e-002
 3.280000000000e-004,-4.02010e-002
 3.280400000000e-004,-4.02010e-002
 3.280800000000e-004,-4.02010e-002
 3.281200000000e-004,-4.02010e-002
 3.281600000000e-004,-4.02010e-002
 3.282000000000e-004,-4.02010e-002
 3.282400000000e-004,-4.02010e-002
 3.282800000000e-004,-4.02010e-002
 3.283200000000e-004,-4.02010e-002
 3.283600000000e-004,-4.02010e-002
 3.284000000000e-004,-4.02010e-002
 3.284400000000e-004,-4.02010e-002
 3.284800000000e-004,-4.02010e-002
 3.285200000000e-004,-4.02010e-002
 3.285600000000e-004,-4.02010e-002
 3.286000000000e-004,-8.04020e-002
 3.286400000000e-004,-4.02010e-002
 3.286800000000e-004,-4.02010e-002
 3.287200000000e-004,-4.02010e-002
 3.287600000000e-004, 0.00000e+000
 3.288000000000e-004,-4.02010e-002
 3.288400000000e-004,-8.04020e-002
 3.288800000000e-004,-4.02010e-002
 3.289200000000e-004,-4.02010e-002
 3.289600000000e-004,-4.02010e-002
 3.290000000000e-004,-4.02010e-002
 3.290400000000e-004,-4.02010e-002
 3.290800000000e-004,-4.02010e-002
 3.291200000000e-004,-4.02010e-002
 3.291600000000e-004,-4.02010e-002
 3.292000000000e-004,-4.02010e-002
 3.292400000000e-004,-4.02010e-002
 3.292800000000e-004,-4.02010e-002
 3.293200000000e-004,-4.02010e-002
 3.293600000000e-004,-4.02010e-002
 3.294000000000e-004,-4.02010e-002
 3.294400000000e-004,-4.02010e-002
 3.294800000000e-004,-4.02010e-002
 3.295200000000e-004,-4.02010e-002
 3.295600000000e-004,-4.02010e-002
 3.296000000000e-004,-4.02010e-002
 3.296400000000e-004,-4.02010e-002
 3.296800000000e-004,-4.02010e-002
 3.297200000000e-004,-4.02010e-002
 3.297600000000e-004,-4.02010e-002
 3.298000000000e-004,-4.02010e-002
 3.298400000000e-004,-4.02010e-002
 3.298800000000e-004,-8.04020e-002
 3.299200000000e-004,-8.04020e-002
 3.299600000000e-004,-8.04020e-002
 3.300000000000e-004,-4.02010e-002
 3.300400000000e-004,-4.02010e-002
 3.300800000000e-004,-4.02010e-002
 3.301200000000e-004, 0.00000e+000
 3.301600000000e-004,-4.02010e-002
 3.302000000000e-004,-4.02010e-002
 3.302400000000e-004,-4.02010e-002
 3.302800000000e-004,-4.02010e-002
 3.303200000000e-004,-4.02010e-002
 3.303600000000e-004,-8.04020e-002
 3.304000000000e-004,-4.02010e-002
 3.304400000000e-004,-4.02010e-002
 3.304800000000e-004,-4.02010e-002
 3.305200000000e-004,-4.02010e-002
 3.305600000000e-004,-8.04020e-002
 3.306000000000e-004,-8.04020e-002
 3.306400000000e-004,-8.04020e-002
 3.306800000000e-004,-4.02010e-002
 3.307200000000e-004,-4.02010e-002
 3.307600000000e-004,-4.02010e-002
 3.308000000000e-004,-4.02010e-002
 3.308400000000e-004,-4.02010e-002
 3.308800000000e-004,-4.02010e-002
 3.309200000000e-004,-4.02010e-002
 3.309600000000e-004,-4.02010e-002
 3.310000000000e-004,-4.02010e-002
 3.310400000000e-004,-4.02010e-002
 3.310800000000e-004, 0.00000e+000
 3.311200000000e-004,-4.02010e-002
 3.311600000000e-004,-4.02010e-002
 3.312000000000e-004,-4.02010e-002
 3.312400000000e-004,-8.04020e-002
 3.312800000000e-004,-8.04020e-002
 3.313200000000e-004,-8.04020e-002
 3.313600000000e-004,-4.02010e-002
 3.314000000000e-004, 0.00000e+000
 3.314400000000e-004, 0.00000e+000
 3.314800000000e-004, 0.00000e+000
 3.315200000000e-004, 0.00000e+000
 3.315600000000e-004,-4.02010e-002
 3.316000000000e-004,-4.02010e-002
 3.316400000000e-004,-8.04020e-002
 3.316800000000e-004,-8.04020e-002
 3.317200000000e-004,-4.02010e-002
 3.317600000000e-004,-4.02010e-002
 3.318000000000e-004,-4.02010e-002
 3.318400000000e-004,-4.02010e-002
 3.318800000000e-004,-4.02010e-002
 3.319200000000e-004,-4.02010e-002
 3.319600000000e-004,-4.02010e-002
 3.320000000000e-004,-4.02010e-002
 3.320400000000e-004,-4.02010e-002
 3.320800000000e-004,-4.02010e-002
 3.321200000000e-004,-4.02010e-002
 3.321600000000e-004,-4.02010e-002
 3.322000000000e-004,-4.02010e-002
 3.322400000000e-004,-4.02010e-002
 3.322800000000e-004,-8.04020e-002
 3.323200000000e-004,-4.02010e-002
 3.323600000000e-004,-4.02010e-002
 3.324000000000e-004,-4.02010e-002
 3.324400000000e-004,-4.02010e-002
 3.324800000000e-004,-4.02010e-002
 3.325200000000e-004,-4.02010e-002
 3.325600000000e-004,-4.02010e-002
 3.326000000000e-004,-4.02010e-002
 3.326400000000e-004,-4.02010e-002
 3.326800000000e-004,-4.02010e-002
 3.327200000000e-004,-4.02010e-002
 3.327600000000e-004,-4.02010e-002
 3.328000000000e-004,-4.02010e-002
 3.328400000000e-004,-4.02010e-002
 3.328800000000e-004,-4.02010e-002
 3.329200000000e-004,-4.02010e-002
 3.329600000000e-004,-4.02010e-002
 3.330000000000e-004,-4.02010e-002
 3.330400000000e-004,-4.02010e-002
 3.330800000000e-004,-4.02010e-002
 3.331200000000e-004,-4.02010e-002
 3.331600000000e-004,-4.02010e-002
 3.332000000000e-004,-4.02010e-002
 3.332400000000e-004,-4.02010e-002
 3.332800000000e-004,-4.02010e-002
 3.333200000000e-004,-4.02010e-002
 3.333600000000e-004,-4.02010e-002
 3.334000000000e-004,-4.02010e-002
 3.334400000000e-004,-4.02010e-002
 3.334800000000e-004,-4.02010e-002
 3.335200000000e-004,-4.02010e-002
 3.335600000000e-004,-8.04020e-002
 3.336000000000e-004,-4.02010e-002
 3.336400000000e-004,-4.02010e-002
 3.336800000000e-004,-8.04020e-002
 3.337200000000e-004,-4.02010e-002
 3.337600000000e-004,-4.02010e-002
 3.338000000000e-004,-4.02010e-002
 3.338400000000e-004,-4.02010e-002
 3.338800000000e-004,-4.02010e-002
 3.339200000000e-004,-4.02010e-002
 3.339600000000e-004,-4.02010e-002
 3.340000000000e-004,-4.02010e-002
 3.340400000000e-004,-4.02010e-002
 3.340800000000e-004,-4.02010e-002
 3.341200000000e-004,-4.02010e-002
 3.341600000000e-004,-4.02010e-002
 3.342000000000e-004,-4.02010e-002
 3.342400000000e-004,-4.02010e-002
 3.342800000000e-004,-4.02010e-002
 3.343200000000e-004,-4.02010e-002
 3.343600000000e-004,-4.02010e-002
 3.344000000000e-004,-8.04020e-002
 3.344400000000e-004,-4.02010e-002
 3.344800000000e-004,-4.02010e-002
 3.345200000000e-004,-4.02010e-002
 3.345600000000e-004,-4.02010e-002
 3.346000000000e-004,-4.02010e-002
 3.346400000000e-004,-4.02010e-002
 3.346800000000e-004,-4.02010e-002
 3.347200000000e-004,-8.04020e-002
 3.347600000000e-004,-4.02010e-002
 3.348000000000e-004,-4.02010e-002
 3.348400000000e-004,-4.02010e-002
 3.348800000000e-004,-4.02010e-002
 3.349200000000e-004,-4.02010e-002
 3.349600000000e-004,-4.02010e-002
 3.350000000000e-004,-4.02010e-002
 3.350400000000e-004,-4.02010e-002
 3.350800000000e-004,-4.02010e-002
 3.351200000000e-004,-4.02010e-002
 3.351600000000e-004,-4.02010e-002
 3.352000000000e-004,-4.02010e-002
 3.352400000000e-004,-4.02010e-002
 3.352800000000e-004,-4.02010e-002
 3.353200000000e-004,-4.02010e-002
 3.353600000000e-004,-4.02010e-002
 3.354000000000e-004,-4.02010e-002
 3.354400000000e-004,-4.02010e-002
 3.354800000000e-004,-4.02010e-002
 3.355200000000e-004,-4.02010e-002
 3.355600000000e-004, 0.00000e+000
 3.356000000000e-004,-4.02010e-002
 3.356400000000e-004,-4.02010e-002
 3.356800000000e-004,-8.04020e-002
 3.357200000000e-004,-8.04020e-002
 3.357600000000e-004,-8.04020e-002
 3.358000000000e-004,-8.04020e-002
 3.358400000000e-004,-4.02010e-002
 3.358800000000e-004,-4.02010e-002
 3.359200000000e-004,-4.02010e-002
 3.359600000000e-004,-4.02010e-002
 3.360000000000e-004, 0.00000e+000
 3.360400000000e-004,-4.02010e-002
 3.360800000000e-004,-4.02010e-002
 3.361200000000e-004,-4.02010e-002
 3.361600000000e-004,-4.02010e-002
 3.362000000000e-004,-4.02010e-002
 3.362400000000e-004,-4.02010e-002
 3.362800000000e-004,-4.02010e-002
 3.363200000000e-004,-4.02010e-002
 3.363600000000e-004,-4.02010e-002
 3.364000000000e-004,-8.04020e-002
 3.364400000000e-004,-4.02010e-002
 3.364800000000e-004,-4.02010e-002
 3.365200000000e-004,-4.02010e-002
 3.365600000000e-004,-4.02010e-002
 3.366000000000e-004,-4.02010e-002
 3.366400000000e-004,-4.02010e-002
 3.366800000000e-004,-4.02010e-002
 3.367200000000e-004,-4.02010e-002
 3.367600000000e-004,-4.02010e-002
 3.368000000000e-004,-4.02010e-002
 3.368400000000e-004,-4.02010e-002
 3.368800000000e-004,-4.02010e-002
 3.369200000000e-004,-4.02010e-002
 3.369600000000e-004,-4.02010e-002
 3.370000000000e-004,-8.04020e-002
 3.370400000000e-004,-8.04020e-002
 3.370800000000e-004,-8.04020e-002
 3.371200000000e-004,-4.02010e-002
 3.371600000000e-004,-4.02010e-002
 3.372000000000e-004,-4.02010e-002
 3.372400000000e-004, 0.00000e+000
 3.372800000000e-004,-4.02010e-002
 3.373200000000e-004, 0.00000e+000
 3.373600000000e-004,-4.02010e-002
 3.374000000000e-004,-4.02010e-002
 3.374400000000e-004,-8.04020e-002
 3.374800000000e-004,-4.02010e-002
 3.375200000000e-004,-4.02010e-002
 3.375600000000e-004,-4.02010e-002
 3.376000000000e-004,-4.02010e-002
 3.376400000000e-004,-4.02010e-002
 3.376800000000e-004,-4.02010e-002
 3.377200000000e-004, 0.00000e+000
 3.377600000000e-004,-4.02010e-002
 3.378000000000e-004,-4.02010e-002
 3.378400000000e-004,-8.04020e-002
 3.378800000000e-004,-4.02010e-002
 3.379200000000e-004,-4.02010e-002
 3.379600000000e-004,-4.02010e-002
 3.380000000000e-004,-4.02010e-002
 3.380400000000e-004,-4.02010e-002
 3.380800000000e-004,-4.02010e-002
 3.381200000000e-004,-4.02010e-002
 3.381600000000e-004,-4.02010e-002
 3.382000000000e-004,-4.02010e-002
 3.382400000000e-004,-4.02010e-002
 3.382800000000e-004,-8.04020e-002
 3.383200000000e-004,-8.04020e-002
 3.383600000000e-004,-8.04020e-002
 3.384000000000e-004,-4.02010e-002
 3.384400000000e-004,-4.02010e-002
 3.384800000000e-004,-4.02010e-002
 3.385200000000e-004,-4.02010e-002
 3.385600000000e-004, 0.00000e+000
 3.386000000000e-004, 0.00000e+000
 3.386400000000e-004,-4.02010e-002
 3.386800000000e-004,-4.02010e-002
 3.387200000000e-004,-4.02010e-002
 3.387600000000e-004,-8.04020e-002
 3.388000000000e-004,-8.04020e-002
 3.388400000000e-004,-8.04020e-002
 3.388800000000e-004,-4.02010e-002
 3.389200000000e-004,-4.02010e-002
 3.389600000000e-004,-4.02010e-002
 3.390000000000e-004,-4.02010e-002
 3.390400000000e-004,-4.02010e-002
 3.390800000000e-004,-4.02010e-002
 3.391200000000e-004,-4.02010e-002
 3.391600000000e-004,-4.02010e-002
 3.392000000000e-004, 0.00000e+000
 3.392400000000e-004, 0.00000e+000
 3.392800000000e-004,-4.02010e-002
 3.393200000000e-004,-4.02010e-002
 3.393600000000e-004,-4.02010e-002
 3.394000000000e-004,-8.04020e-002
 3.394400000000e-004,-4.02010e-002
 3.394800000000e-004,-4.02010e-002
 3.395200000000e-004,-4.02010e-002
 3.395600000000e-004,-4.02010e-002
 3.396000000000e-004,-4.02010e-002
 3.396400000000e-004,-4.02010e-002
 3.396800000000e-004,-4.02010e-002
 3.397200000000e-004,-4.02010e-002
 3.397600000000e-004,-4.02010e-002
 3.398000000000e-004,-4.02010e-002
 3.398400000000e-004,-4.02010e-002
 3.398800000000e-004,-4.02010e-002
 3.399200000000e-004,-8.04020e-002
 3.399600000000e-004,-4.02010e-002
 3.400000000000e-004,-4.02010e-002
 3.400400000000e-004,-4.02010e-002
 3.400800000000e-004,-4.02010e-002
 3.401200000000e-004,-8.04020e-002
 3.401600000000e-004,-8.04020e-002
 3.402000000000e-004,-4.02010e-002
 3.402400000000e-004,-4.02010e-002
 3.402800000000e-004,-4.02010e-002
 3.403200000000e-004,-4.02010e-002
 3.403600000000e-004,-4.02010e-002
 3.404000000000e-004, 0.00000e+000
 3.404400000000e-004,-4.02010e-002
 3.404800000000e-004,-4.02010e-002
 3.405200000000e-004,-4.02010e-002
 3.405600000000e-004,-4.02010e-002
 3.406000000000e-004,-8.04020e-002
 3.406400000000e-004,-8.04020e-002
 3.406800000000e-004,-8.04020e-002
 3.407200000000e-004,-4.02010e-002
 3.407600000000e-004,-8.04020e-002
 3.408000000000e-004,-4.02010e-002
 3.408400000000e-004,-4.02010e-002
 3.408800000000e-004,-4.02010e-002
 3.409200000000e-004,-4.02010e-002
 3.409600000000e-004,-4.02010e-002
 3.410000000000e-004,-4.02010e-002
 3.410400000000e-004,-4.02010e-002
 3.410800000000e-004,-4.02010e-002
 3.411200000000e-004,-4.02010e-002
 3.411600000000e-004,-4.02010e-002
 3.412000000000e-004,-4.02010e-002
 3.412400000000e-004,-4.02010e-002
 3.412800000000e-004,-4.02010e-002
 3.413200000000e-004,-4.02010e-002
 3.413600000000e-004,-4.02010e-002
 3.414000000000e-004,-4.02010e-002
 3.414400000000e-004,-4.02010e-002
 3.414800000000e-004,-4.02010e-002
 3.415200000000e-004,-4.02010e-002
 3.415600000000e-004,-8.04020e-002
 3.416000000000e-004,-4.02010e-002
 3.416400000000e-004,-4.02010e-002
 3.416800000000e-004,-4.02010e-002
 3.417200000000e-004,-4.02010e-002
 3.417600000000e-004,-4.02010e-002
 3.418000000000e-004,-4.02010e-002
 3.418400000000e-004,-4.02010e-002
 3.418800000000e-004,-4.02010e-002
 3.419200000000e-004,-4.02010e-002
 3.419600000000e-004,-4.02010e-002
 3.420000000000e-004,-4.02010e-002
 3.420400000000e-004,-4.02010e-002
 3.420800000000e-004,-4.02010e-002
 3.421200000000e-004,-4.02010e-002
 3.421600000000e-004,-8.04020e-002
 3.422000000000e-004,-4.02010e-002
 3.422400000000e-004,-4.02010e-002
 3.422800000000e-004, 0.00000e+000
 3.423200000000e-004,-4.02010e-002
 3.423600000000e-004,-4.02010e-002
 3.424000000000e-004,-4.02010e-002
 3.424400000000e-004,-4.02010e-002
 3.424800000000e-004,-8.04020e-002
 3.425200000000e-004,-4.02010e-002
 3.425600000000e-004,-4.02010e-002
 3.426000000000e-004, 0.00000e+000
 3.426400000000e-004,-4.02010e-002
 3.426800000000e-004, 0.00000e+000
 3.427200000000e-004,-4.02010e-002
 3.427600000000e-004,-4.02010e-002
 3.428000000000e-004,-4.02010e-002
 3.428400000000e-004,-8.04020e-002
 3.428800000000e-004,-8.04020e-002
 3.429200000000e-004,-4.02010e-002
 3.429600000000e-004,-4.02010e-002
 3.430000000000e-004,-4.02010e-002
 3.430400000000e-004,-4.02010e-002
 3.430800000000e-004,-4.02010e-002
 3.431200000000e-004,-4.02010e-002
 3.431600000000e-004,-4.02010e-002
 3.432000000000e-004,-8.04020e-002
 3.432400000000e-004,-8.04020e-002
 3.432800000000e-004,-8.04020e-002
 3.433200000000e-004,-4.02010e-002
 3.433600000000e-004,-4.02010e-002
 3.434000000000e-004,-4.02010e-002
 3.434400000000e-004,-4.02010e-002
 3.434800000000e-004, 0.00000e+000
 3.435200000000e-004,-4.02010e-002
 3.435600000000e-004,-4.02010e-002
 3.436000000000e-004,-4.02010e-002
 3.436400000000e-004,-4.02010e-002
 3.436800000000e-004,-4.02010e-002
 3.437200000000e-004,-8.04020e-002
 3.437600000000e-004,-8.04020e-002
 3.438000000000e-004,-4.02010e-002
 3.438400000000e-004,-4.02010e-002
 3.438800000000e-004,-4.02010e-002
 3.439200000000e-004,-4.02010e-002
 3.439600000000e-004,-4.02010e-002
 3.440000000000e-004,-4.02010e-002
 3.440400000000e-004,-4.02010e-002
 3.440800000000e-004,-8.04020e-002
 3.441200000000e-004,-4.02010e-002
 3.441600000000e-004,-8.04020e-002
 3.442000000000e-004,-4.02010e-002
 3.442400000000e-004,-4.02010e-002
 3.442800000000e-004,-4.02010e-002
 3.443200000000e-004, 0.00000e+000
 3.443600000000e-004,-4.02010e-002
 3.444000000000e-004,-4.02010e-002
 3.444400000000e-004,-4.02010e-002
 3.444800000000e-004,-4.02010e-002
 3.445200000000e-004,-4.02010e-002
 3.445600000000e-004,-4.02010e-002
 3.446000000000e-004,-8.04020e-002
 3.446400000000e-004,-8.04020e-002
 3.446800000000e-004,-4.02010e-002
 3.447200000000e-004,-4.02010e-002
 3.447600000000e-004,-4.02010e-002
 3.448000000000e-004,-4.02010e-002
 3.448400000000e-004,-4.02010e-002
 3.448800000000e-004,-4.02010e-002
 3.449200000000e-004,-8.04020e-002
 3.449600000000e-004,-4.02010e-002
 3.450000000000e-004,-4.02010e-002
 3.450400000000e-004,-4.02010e-002
 3.450800000000e-004,-4.02010e-002
 3.451200000000e-004,-4.02010e-002
 3.451600000000e-004,-4.02010e-002
 3.452000000000e-004,-4.02010e-002
 3.452400000000e-004,-4.02010e-002
 3.452800000000e-004,-4.02010e-002
 3.453200000000e-004,-4.02010e-002
 3.453600000000e-004,-4.02010e-002
 3.454000000000e-004,-4.02010e-002
 3.454400000000e-004,-4.02010e-002
 3.454800000000e-004,-4.02010e-002
 3.455200000000e-004,-4.02010e-002
 3.455600000000e-004,-4.02010e-002
 3.456000000000e-004,-4.02010e-002
 3.456400000000e-004,-4.02010e-002
 3.456800000000e-004,-4.02010e-002
 3.457200000000e-004,-4.02010e-002
 3.457600000000e-004,-4.02010e-002
 3.458000000000e-004,-4.02010e-002
 3.458400000000e-004,-4.02010e-002
 3.458800000000e-004,-4.02010e-002
 3.459200000000e-004,-8.04020e-002
 3.459600000000e-004,-4.02010e-002
 3.460000000000e-004,-8.04020e-002
 3.460400000000e-004,-4.02010e-002
 3.460800000000e-004,-4.02010e-002
 3.461200000000e-004,-4.02010e-002
 3.461600000000e-004,-4.02010e-002
 3.462000000000e-004, 0.00000e+000
 3.462400000000e-004,-4.02010e-002
 3.462800000000e-004,-4.02010e-002
 3.463200000000e-004,-4.02010e-002
 3.463600000000e-004,-4.02010e-002
 3.464000000000e-004,-4.02010e-002
 3.464400000000e-004,-4.02010e-002
 3.464800000000e-004,-4.02010e-002
 3.465200000000e-004,-8.04020e-002
 3.465600000000e-004,-4.02010e-002
 3.466000000000e-004,-4.02010e-002
 3.466400000000e-004,-4.02010e-002
 3.466800000000e-004,-4.02010e-002
 3.467200000000e-004,-4.02010e-002
 3.467600000000e-004,-4.02010e-002
 3.468000000000e-004,-4.02010e-002
 3.468400000000e-004, 0.00000e+000
 3.468800000000e-004,-4.02010e-002
 3.469200000000e-004,-4.02010e-002
 3.469600000000e-004,-4.02010e-002
 3.470000000000e-004,-4.02010e-002
 3.470400000000e-004,-4.02010e-002
 3.470800000000e-004,-4.02010e-002
 3.471200000000e-004,-4.02010e-002
 3.471600000000e-004,-4.02010e-002
 3.472000000000e-004,-4.02010e-002
 3.472400000000e-004,-4.02010e-002
 3.472800000000e-004,-4.02010e-002
 3.473200000000e-004,-4.02010e-002
 3.473600000000e-004,-4.02010e-002
 3.474000000000e-004,-4.02010e-002
 3.474400000000e-004,-4.02010e-002
 3.474800000000e-004,-4.02010e-002
 3.475200000000e-004,-4.02010e-002
 3.475600000000e-004,-4.02010e-002
 3.476000000000e-004,-4.02010e-002
 3.476400000000e-004,-4.02010e-002
 3.476800000000e-004,-4.02010e-002
 3.477200000000e-004,-4.02010e-002
 3.477600000000e-004,-4.02010e-002
 3.478000000000e-004,-8.04020e-002
 3.478400000000e-004,-4.02010e-002
 3.478800000000e-004,-4.02010e-002
 3.479200000000e-004,-8.04020e-002
 3.479600000000e-004,-8.04020e-002
 3.480000000000e-004,-8.04020e-002
 3.480400000000e-004,-4.02010e-002
 3.480800000000e-004,-4.02010e-002
 3.481200000000e-004,-4.02010e-002
 3.481600000000e-004,-4.02010e-002
 3.482000000000e-004,-4.02010e-002
 3.482400000000e-004,-4.02010e-002
 3.482800000000e-004,-8.04020e-002
 3.483200000000e-004,-4.02010e-002
 3.483600000000e-004,-4.02010e-002
 3.484000000000e-004,-4.02010e-002
 3.484400000000e-004,-4.02010e-002
 3.484800000000e-004,-4.02010e-002
 3.485200000000e-004,-4.02010e-002
 3.485600000000e-004,-4.02010e-002
 3.486000000000e-004,-8.04020e-002
 3.486400000000e-004,-8.04020e-002
 3.486800000000e-004,-4.02010e-002
 3.487200000000e-004,-4.02010e-002
 3.487600000000e-004,-4.02010e-002
 3.488000000000e-004,-4.02010e-002
 3.488400000000e-004,-4.02010e-002
 3.488800000000e-004,-4.02010e-002
 3.489200000000e-004,-4.02010e-002
 3.489600000000e-004,-4.02010e-002
 3.490000000000e-004,-4.02010e-002
 3.490400000000e-004,-8.04020e-002
 3.490800000000e-004,-8.04020e-002
 3.491200000000e-004,-8.04020e-002
 3.491600000000e-004,-4.02010e-002
 3.492000000000e-004,-4.02010e-002
 3.492400000000e-004,-4.02010e-002
 3.492800000000e-004,-4.02010e-002
 3.493200000000e-004,-4.02010e-002
 3.493600000000e-004,-4.02010e-002
 3.494000000000e-004,-4.02010e-002
 3.494400000000e-004,-4.02010e-002
 3.494800000000e-004,-4.02010e-002
 3.495200000000e-004,-4.02010e-002
 3.495600000000e-004,-4.02010e-002
 3.496000000000e-004,-4.02010e-002
 3.496400000000e-004,-4.02010e-002
 3.496800000000e-004,-4.02010e-002
 3.497200000000e-004,-4.02010e-002
 3.497600000000e-004,-4.02010e-002
 3.498000000000e-004,-4.02010e-002
 3.498400000000e-004,-8.04020e-002
 3.498800000000e-004,-4.02010e-002
 3.499200000000e-004,-8.04020e-002
 3.499600000000e-004,-4.02010e-002
 3.500000000000e-004,-4.02010e-002
 3.500400000000e-004,-4.02010e-002
 3.500800000000e-004, 0.00000e+000
 3.501200000000e-004,-4.02010e-002
 3.501600000000e-004,-4.02010e-002
 3.502000000000e-004, 0.00000e+000
 3.502400000000e-004,-4.02010e-002
 3.502800000000e-004,-4.02010e-002
 3.503200000000e-004,-4.02010e-002
 3.503600000000e-004,-4.02010e-002
 3.504000000000e-004,-4.02010e-002
 3.504400000000e-004,-8.04020e-002
 3.504800000000e-004,-4.02010e-002
 3.505200000000e-004,-4.02010e-002
 3.505600000000e-004,-4.02010e-002
 3.506000000000e-004,-4.02010e-002
 3.506400000000e-004,-4.02010e-002
 3.506800000000e-004,-4.02010e-002
 3.507200000000e-004,-8.04020e-002
 3.507600000000e-004,-4.02010e-002
 3.508000000000e-004,-8.04020e-002
 3.508400000000e-004,-4.02010e-002
 3.508800000000e-004,-4.02010e-002
 3.509200000000e-004,-4.02010e-002
 3.509600000000e-004,-4.02010e-002
 3.510000000000e-004,-4.02010e-002
 3.510400000000e-004,-4.02010e-002
 3.510800000000e-004,-4.02010e-002
 3.511200000000e-004,-4.02010e-002
 3.511600000000e-004,-8.04020e-002
 3.512000000000e-004,-4.02010e-002
 3.512400000000e-004,-4.02010e-002
 3.512800000000e-004,-4.02010e-002
 3.513200000000e-004,-4.02010e-002
 3.513600000000e-004,-4.02010e-002
 3.514000000000e-004,-4.02010e-002
 3.514400000000e-004,-4.02010e-002
 3.514800000000e-004, 0.00000e+000
 3.515200000000e-004,-4.02010e-002
 3.515600000000e-004,-4.02010e-002
 3.516000000000e-004,-4.02010e-002
 3.516400000000e-004,-8.04020e-002
 3.516800000000e-004,-8.04020e-002
 3.517200000000e-004,-8.04020e-002
 3.517600000000e-004,-8.04020e-002
 3.518000000000e-004,-4.02010e-002
 3.518400000000e-004,-4.02010e-002
 3.518800000000e-004,-4.02010e-002
 3.519200000000e-004,-4.02010e-002
 3.519600000000e-004,-4.02010e-002
 3.520000000000e-004,-4.02010e-002
 3.520400000000e-004,-4.02010e-002
 3.520800000000e-004,-4.02010e-002
 3.521200000000e-004,-4.02010e-002
 3.521600000000e-004,-4.02010e-002
 3.522000000000e-004,-4.02010e-002
 3.522400000000e-004,-8.04020e-002
 3.522800000000e-004,-8.04020e-002
 3.523200000000e-004,-4.02010e-002
 3.523600000000e-004,-8.04020e-002
 3.524000000000e-004,-4.02010e-002
 3.524400000000e-004,-4.02010e-002
 3.524800000000e-004,-4.02010e-002
 3.525200000000e-004,-4.02010e-002
 3.525600000000e-004,-4.02010e-002
 3.526000000000e-004,-4.02010e-002
 3.526400000000e-004,-4.02010e-002
 3.526800000000e-004,-4.02010e-002
 3.527200000000e-004,-4.02010e-002
 3.527600000000e-004,-4.02010e-002
 3.528000000000e-004,-4.02010e-002
 3.528400000000e-004,-4.02010e-002
 3.528800000000e-004,-4.02010e-002
 3.529200000000e-004,-4.02010e-002
 3.529600000000e-004,-4.02010e-002
 3.530000000000e-004,-4.02010e-002
 3.530400000000e-004,-4.02010e-002
 3.530800000000e-004,-4.02010e-002
 3.531200000000e-004,-4.02010e-002
 3.531600000000e-004,-4.02010e-002
 3.532000000000e-004, 0.00000e+000
 3.532400000000e-004,-4.02010e-002
 3.532800000000e-004,-4.02010e-002
 3.533200000000e-004,-4.02010e-002
 3.533600000000e-004,-4.02010e-002
 3.534000000000e-004,-4.02010e-002
 3.534400000000e-004,-8.04020e-002
 3.534800000000e-004,-4.02010e-002
 3.535200000000e-004,-4.02010e-002
 3.535600000000e-004,-4.02010e-002
 3.536000000000e-004,-4.02010e-002
 3.536400000000e-004,-4.02010e-002
 3.536800000000e-004,-4.02010e-002
 3.537200000000e-004,-4.02010e-002
 3.537600000000e-004,-4.02010e-002
 3.538000000000e-004,-4.02010e-002
 3.538400000000e-004,-4.02010e-002
 3.538800000000e-004,-4.02010e-002
 3.539200000000e-004,-4.02010e-002
 3.539600000000e-004,-4.02010e-002
 3.540000000000e-004, 0.00000e+000
 3.540400000000e-004,-4.02010e-002
 3.540800000000e-004,-4.02010e-002
 3.541200000000e-004,-4.02010e-002
 3.541600000000e-004,-4.02010e-002
 3.542000000000e-004,-4.02010e-002
 3.542400000000e-004,-4.02010e-002
 3.542800000000e-004,-4.02010e-002
 3.543200000000e-004,-4.02010e-002
 3.543600000000e-004,-4.02010e-002
 3.544000000000e-004,-4.02010e-002
 3.544400000000e-004,-4.02010e-002
 3.544800000000e-004,-4.02010e-002
 3.545200000000e-004,-4.02010e-002
 3.545600000000e-004,-4.02010e-002
 3.546000000000e-004,-4.02010e-002
 3.546400000000e-004,-4.02010e-002
 3.546800000000e-004,-4.02010e-002
 3.547200000000e-004,-4.02010e-002
 3.547600000000e-004,-4.02010e-002
 3.548000000000e-004,-4.02010e-002
 3.548400000000e-004,-8.04020e-002
 3.548800000000e-004,-8.04020e-002
 3.549200000000e-004,-4.02010e-002
 3.549600000000e-004,-4.02010e-002
 3.550000000000e-004,-4.02010e-002
 3.550400000000e-004,-4.02010e-002
 3.550800000000e-004,-4.02010e-002
 3.551200000000e-004,-4.02010e-002
 3.551600000000e-004,-4.02010e-002
 3.552000000000e-004,-4.02010e-002
 3.552400000000e-004,-4.02010e-002
 3.552800000000e-004,-4.02010e-002
 3.553200000000e-004,-4.02010e-002
 3.553600000000e-004,-4.02010e-002
 3.554000000000e-004,-4.02010e-002
 3.554400000000e-004,-4.02010e-002
 3.554800000000e-004,-4.02010e-002
 3.555200000000e-004,-4.02010e-002
 3.555600000000e-004,-4.02010e-002
 3.556000000000e-004,-4.02010e-002
 3.556400000000e-004,-4.02010e-002
 3.556800000000e-004,-4.02010e-002
 3.557200000000e-004,-4.02010e-002
 3.557600000000e-004,-4.02010e-002
 3.558000000000e-004,-4.02010e-002
 3.558400000000e-004,-4.02010e-002
 3.558800000000e-004,-4.02010e-002
 3.559200000000e-004,-4.02010e-002
 3.559600000000e-004, 0.00000e+000
 3.560000000000e-004, 0.00000e+000
 3.560400000000e-004,-4.02010e-002
 3.560800000000e-004,-4.02010e-002
 3.561200000000e-004,-4.02010e-002
 3.561600000000e-004,-8.04020e-002
 3.562000000000e-004,-8.04020e-002
 3.562400000000e-004,-8.04020e-002
 3.562800000000e-004,-4.02010e-002
 3.563200000000e-004,-4.02010e-002
 3.563600000000e-004,-4.02010e-002
 3.564000000000e-004,-4.02010e-002
 3.564400000000e-004,-4.02010e-002
 3.564800000000e-004,-4.02010e-002
 3.565200000000e-004,-4.02010e-002
 3.565600000000e-004,-8.04020e-002
 3.566000000000e-004,-8.04020e-002
 3.566400000000e-004,-8.04020e-002
 3.566800000000e-004,-4.02010e-002
 3.567200000000e-004,-4.02010e-002
 3.567600000000e-004,-4.02010e-002
 3.568000000000e-004,-4.02010e-002
 3.568400000000e-004,-4.02010e-002
 3.568800000000e-004,-4.02010e-002
 3.569200000000e-004,-4.02010e-002
 3.569600000000e-004,-4.02010e-002
 3.570000000000e-004,-4.02010e-002
 3.570400000000e-004,-4.02010e-002
 3.570800000000e-004,-8.04020e-002
 3.571200000000e-004,-8.04020e-002
 3.571600000000e-004,-8.04020e-002
 3.572000000000e-004,-4.02010e-002
 3.572400000000e-004,-4.02010e-002
 3.572800000000e-004, 0.00000e+000
 3.573200000000e-004, 0.00000e+000
 3.573600000000e-004,-4.02010e-002
 3.574000000000e-004,-4.02010e-002
 3.574400000000e-004,-4.02010e-002
 3.574800000000e-004,-8.04020e-002
 3.575200000000e-004,-8.04020e-002
 3.575600000000e-004,-4.02010e-002
 3.576000000000e-004,-4.02010e-002
 3.576400000000e-004,-4.02010e-002
 3.576800000000e-004,-4.02010e-002
 3.577200000000e-004,-4.02010e-002
 3.577600000000e-004, 0.00000e+000
 3.578000000000e-004,-4.02010e-002
 3.578400000000e-004,-4.02010e-002
 3.578800000000e-004,-4.02010e-002
 3.579200000000e-004,-4.02010e-002
 3.579600000000e-004,-4.02010e-002
 3.580000000000e-004,-4.02010e-002
 3.580400000000e-004,-8.04020e-002
 3.580800000000e-004,-4.02010e-002
 3.581200000000e-004,-4.02010e-002
 3.581600000000e-004,-4.02010e-002
 3.582000000000e-004,-4.02010e-002
 3.582400000000e-004,-4.02010e-002
 3.582800000000e-004,-4.02010e-002
 3.583200000000e-004,-4.02010e-002
 3.583600000000e-004,-4.02010e-002
 3.584000000000e-004,-4.02010e-002
 3.584400000000e-004,-4.02010e-002
 3.584800000000e-004,-4.02010e-002
 3.585200000000e-004,-4.02010e-002
 3.585600000000e-004,-4.02010e-002
 3.586000000000e-004,-4.02010e-002
 3.586400000000e-004,-4.02010e-002
 3.586800000000e-004,-4.02010e-002
 3.587200000000e-004,-4.02010e-002
 3.587600000000e-004,-4.02010e-002
 3.588000000000e-004,-4.02010e-002
 3.588400000000e-004,-4.02010e-002
 3.588800000000e-004,-4.02010e-002
 3.589200000000e-004,-4.02010e-002
 3.589600000000e-004,-4.02010e-002
 3.590000000000e-004,-4.02010e-002
 3.590400000000e-004,-4.02010e-002
 3.590800000000e-004,-4.02010e-002
 3.591200000000e-004, 0.00000e+000
 3.591600000000e-004,-4.02010e-002
 3.592000000000e-004,-4.02010e-002
 3.592400000000e-004,-4.02010e-002
 3.592800000000e-004,-8.04020e-002
 3.593200000000e-004,-4.02010e-002
 3.593600000000e-004,-8.04020e-002
 3.594000000000e-004,-4.02010e-002
 3.594400000000e-004,-8.04020e-002
 3.594800000000e-004,-4.02010e-002
 3.595200000000e-004,-4.02010e-002
 3.595600000000e-004,-4.02010e-002
 3.596000000000e-004,-4.02010e-002
 3.596400000000e-004,-4.02010e-002
 3.596800000000e-004,-4.02010e-002
 3.597200000000e-004,-4.02010e-002
 3.597600000000e-004,-4.02010e-002
 3.598000000000e-004,-4.02010e-002
 3.598400000000e-004,-4.02010e-002
 3.598800000000e-004,-4.02010e-002
 3.599200000000e-004,-4.02010e-002
 3.599600000000e-004,-4.02010e-002
 3.600000000000e-004,-4.02010e-002
 3.600400000000e-004,-4.02010e-002
 3.600800000000e-004,-4.02010e-002
 3.601200000000e-004,-4.02010e-002
 3.601600000000e-004,-4.02010e-002
 3.602000000000e-004,-4.02010e-002
 3.602400000000e-004,-8.04020e-002
 3.602800000000e-004,-8.04020e-002
 3.603200000000e-004,-4.02010e-002
 3.603600000000e-004,-4.02010e-002
 3.604000000000e-004,-4.02010e-002
 3.604400000000e-004,-4.02010e-002
 3.604800000000e-004, 0.00000e+000
 3.605200000000e-004,-4.02010e-002
 3.605600000000e-004,-4.02010e-002
 3.606000000000e-004,-4.02010e-002
 3.606400000000e-004,-4.02010e-002
 3.606800000000e-004,-4.02010e-002
 3.607200000000e-004,-4.02010e-002
 3.607600000000e-004,-4.02010e-002
 3.608000000000e-004,-4.02010e-002
 3.608400000000e-004,-4.02010e-002
 3.608800000000e-004,-4.02010e-002
 3.609200000000e-004,-4.02010e-002
 3.609600000000e-004,-4.02010e-002
 3.610000000000e-004,-4.02010e-002
 3.610400000000e-004,-4.02010e-002
 3.610800000000e-004,-4.02010e-002
 3.611200000000e-004,-4.02010e-002
 3.611600000000e-004,-8.04020e-002
 3.612000000000e-004,-8.04020e-002
 3.612400000000e-004,-4.02010e-002
 3.612800000000e-004,-4.02010e-002
 3.613200000000e-004,-4.02010e-002
 3.613600000000e-004,-4.02010e-002
 3.614000000000e-004,-4.02010e-002
 3.614400000000e-004,-4.02010e-002
 3.614800000000e-004,-4.02010e-002
 3.615200000000e-004,-4.02010e-002
 3.615600000000e-004,-4.02010e-002
 3.616000000000e-004,-4.02010e-002
 3.616400000000e-004,-4.02010e-002
 3.616800000000e-004,-4.02010e-002
 3.617200000000e-004,-4.02010e-002
 3.617600000000e-004,-4.02010e-002
 3.618000000000e-004,-4.02010e-002
 3.618400000000e-004,-4.02010e-002
 3.618800000000e-004,-4.02010e-002
 3.619200000000e-004,-4.02010e-002
 3.619600000000e-004,-8.04020e-002
 3.620000000000e-004,-4.02010e-002
 3.620400000000e-004,-8.04020e-002
 3.620800000000e-004,-4.02010e-002
 3.621200000000e-004,-4.02010e-002
 3.621600000000e-004,-4.02010e-002
 3.622000000000e-004, 0.00000e+000
 3.622400000000e-004, 0.00000e+000
 3.622800000000e-004,-4.02010e-002
 3.623200000000e-004,-4.02010e-002
 3.623600000000e-004,-8.04020e-002
 3.624000000000e-004,-4.02010e-002
 3.624400000000e-004,-8.04020e-002
 3.624800000000e-004,-4.02010e-002
 3.625200000000e-004,-8.04020e-002
 3.625600000000e-004,-4.02010e-002
 3.626000000000e-004,-4.02010e-002
 3.626400000000e-004,-4.02010e-002
 3.626800000000e-004,-4.02010e-002
 3.627200000000e-004,-4.02010e-002
 3.627600000000e-004,-4.02010e-002
 3.628000000000e-004,-4.02010e-002
 3.628400000000e-004,-8.04020e-002
 3.628800000000e-004,-8.04020e-002
 3.629200000000e-004,-8.04020e-002
 3.629600000000e-004,-4.02010e-002
 3.630000000000e-004,-4.02010e-002
 3.630400000000e-004,-4.02010e-002
 3.630800000000e-004,-4.02010e-002
 3.631200000000e-004,-4.02010e-002
 3.631600000000e-004, 0.00000e+000
 3.632000000000e-004,-4.02010e-002
 3.632400000000e-004,-4.02010e-002
 3.632800000000e-004,-8.04020e-002
 3.633200000000e-004,-4.02010e-002
 3.633600000000e-004,-4.02010e-002
 3.634000000000e-004,-4.02010e-002
 3.634400000000e-004,-4.02010e-002
 3.634800000000e-004,-4.02010e-002
 3.635200000000e-004,-4.02010e-002
 3.635600000000e-004, 0.00000e+000
 3.636000000000e-004, 0.00000e+000
 3.636400000000e-004,-4.02010e-002
 3.636800000000e-004,-4.02010e-002
 3.637200000000e-004,-4.02010e-002
 3.637600000000e-004,-4.02010e-002
 3.638000000000e-004,-4.02010e-002
 3.638400000000e-004,-4.02010e-002
 3.638800000000e-004,-4.02010e-002
 3.639200000000e-004,-4.02010e-002
 3.639600000000e-004,-4.02010e-002
 3.640000000000e-004,-4.02010e-002
 3.640400000000e-004,-4.02010e-002
 3.640800000000e-004,-4.02010e-002
 3.641200000000e-004,-4.02010e-002
 3.641600000000e-004,-4.02010e-002
 3.642000000000e-004,-4.02010e-002
 3.642400000000e-004,-4.02010e-002
 3.642800000000e-004,-4.02010e-002
 3.643200000000e-004,-4.02010e-002
 3.643600000000e-004,-4.02010e-002
 3.644000000000e-004,-4.02010e-002
 3.644400000000e-004, 0.00000e+000
 3.644800000000e-004,-4.02010e-002
 3.645200000000e-004,-4.02010e-002
 3.645600000000e-004,-4.02010e-002
 3.646000000000e-004,-4.02010e-002
 3.646400000000e-004,-4.02010e-002
 3.646800000000e-004,-4.02010e-002
 3.647200000000e-004,-4.02010e-002
 3.647600000000e-004,-4.02010e-002
 3.648000000000e-004,-4.02010e-002
 3.648400000000e-004,-4.02010e-002
 3.648800000000e-004,-4.02010e-002
 3.649200000000e-004,-4.02010e-002
 3.649600000000e-004,-4.02010e-002
 3.650000000000e-004,-4.02010e-002
 3.650400000000e-004,-4.02010e-002
 3.650800000000e-004,-4.02010e-002
 3.651200000000e-004,-4.02010e-002
 3.651600000000e-004,-4.02010e-002
 3.652000000000e-004,-4.02010e-002
 3.652400000000e-004,-4.02010e-002
 3.652800000000e-004,-4.02010e-002
 3.653200000000e-004,-4.02010e-002
 3.653600000000e-004,-4.02010e-002
 3.654000000000e-004,-4.02010e-002
 3.654400000000e-004,-4.02010e-002
 3.654800000000e-004,-4.02010e-002
 3.655200000000e-004,-4.02010e-002
 3.655600000000e-004,-4.02010e-002
 3.656000000000e-004,-4.02010e-002
 3.656400000000e-004,-4.02010e-002
 3.656800000000e-004,-4.02010e-002
 3.657200000000e-004,-4.02010e-002
 3.657600000000e-004,-4.02010e-002
 3.658000000000e-004,-4.02010e-002
 3.658400000000e-004,-4.02010e-002
 3.658800000000e-004,-4.02010e-002
 3.659200000000e-004,-4.02010e-002
 3.659600000000e-004,-4.02010e-002
 3.660000000000e-004,-8.04020e-002
 3.660400000000e-004,-8.04020e-002
 3.660800000000e-004,-8.04020e-002
 3.661200000000e-004,-4.02010e-002
 3.661600000000e-004,-4.02010e-002
 3.662000000000e-004,-4.02010e-002
 3.662400000000e-004,-4.02010e-002
 3.662800000000e-004,-4.02010e-002
 3.663200000000e-004,-4.02010e-002
 3.663600000000e-004,-4.02010e-002
 3.664000000000e-004,-4.02010e-002
 3.664400000000e-004,-8.04020e-002
 3.664800000000e-004,-4.02010e-002
 3.665200000000e-004,-4.02010e-002
 3.665600000000e-004,-4.02010e-002
 3.666000000000e-004,-8.04020e-002
 3.666400000000e-004,-4.02010e-002
 3.666800000000e-004,-4.02010e-002
 3.667200000000e-004,-4.02010e-002
 3.667600000000e-004,-4.02010e-002
 3.668000000000e-004,-4.02010e-002
 3.668400000000e-004,-4.02010e-002
 3.668800000000e-004, 0.00000e+000
 3.669200000000e-004,-4.02010e-002
 3.669600000000e-004,-8.04020e-002
 3.670000000000e-004,-4.02010e-002
 3.670400000000e-004,-4.02010e-002
 3.670800000000e-004,-4.02010e-002
 3.671200000000e-004,-4.02010e-002
 3.671600000000e-004,-4.02010e-002
 3.672000000000e-004,-4.02010e-002
 3.672400000000e-004,-4.02010e-002
 3.672800000000e-004,-4.02010e-002
 3.673200000000e-004,-4.02010e-002
 3.673600000000e-004,-4.02010e-002
 3.674000000000e-004,-4.02010e-002
 3.674400000000e-004,-4.02010e-002
 3.674800000000e-004,-4.02010e-002
 3.675200000000e-004,-4.02010e-002
 3.675600000000e-004, 0.00000e+000
 3.676000000000e-004,-4.02010e-002
 3.676400000000e-004,-4.02010e-002
 3.676800000000e-004,-4.02010e-002
 3.677200000000e-004,-8.04020e-002
 3.677600000000e-004,-8.04020e-002
 3.678000000000e-004,-8.04020e-002
 3.678400000000e-004,-4.02010e-002
 3.678800000000e-004,-4.02010e-002
 3.679200000000e-004,-4.02010e-002
 3.679600000000e-004,-4.02010e-002
 3.680000000000e-004, 0.00000e+000
 3.680400000000e-004,-4.02010e-002
 3.680800000000e-004,-4.02010e-002
 3.681200000000e-004,-4.02010e-002
 3.681600000000e-004,-8.04020e-002
 3.682000000000e-004,-4.02010e-002
 3.682400000000e-004,-8.04020e-002
 3.682800000000e-004,-8.04020e-002
 3.683200000000e-004,-4.02010e-002
 3.683600000000e-004,-4.02010e-002
 3.684000000000e-004,-4.02010e-002
 3.684400000000e-004,-4.02010e-002
 3.684800000000e-004,-4.02010e-002
 3.685200000000e-004, 0.00000e+000
 3.685600000000e-004,-4.02010e-002
 3.686000000000e-004,-4.02010e-002
 3.686400000000e-004,-4.02010e-002
 3.686800000000e-004,-4.02010e-002
 3.687200000000e-004,-4.02010e-002
 3.687600000000e-004,-4.02010e-002
 3.688000000000e-004,-4.02010e-002
 3.688400000000e-004,-8.04020e-002
 3.688800000000e-004,-4.02010e-002
 3.689200000000e-004,-4.02010e-002
 3.689600000000e-004,-4.02010e-002
 3.690000000000e-004,-4.02010e-002
 3.690400000000e-004,-8.04020e-002
 3.690800000000e-004,-8.04020e-002
 3.691200000000e-004,-4.02010e-002
 3.691600000000e-004,-8.04020e-002
 3.692000000000e-004,-4.02010e-002
 3.692400000000e-004, 0.00000e+000
 3.692800000000e-004,-4.02010e-002
 3.693200000000e-004, 0.00000e+000
 3.693600000000e-004, 0.00000e+000
 3.694000000000e-004,-4.02010e-002
 3.694400000000e-004,-4.02010e-002
 3.694800000000e-004,-8.04020e-002
 3.695200000000e-004,-8.04020e-002
 3.695600000000e-004,-4.02010e-002
 3.696000000000e-004,-4.02010e-002
 3.696400000000e-004,-4.02010e-002
 3.696800000000e-004,-4.02010e-002
 3.697200000000e-004,-4.02010e-002
 3.697600000000e-004,-4.02010e-002
 3.698000000000e-004,-4.02010e-002
 3.698400000000e-004,-4.02010e-002
 3.698800000000e-004,-4.02010e-002
 3.699200000000e-004,-4.02010e-002
 3.699600000000e-004,-4.02010e-002
 3.700000000000e-004,-8.04020e-002
 3.700400000000e-004,-4.02010e-002
 3.700800000000e-004,-4.02010e-002
 3.701200000000e-004,-4.02010e-002
 3.701600000000e-004,-4.02010e-002
 3.702000000000e-004,-4.02010e-002
 3.702400000000e-004,-4.02010e-002
 3.702800000000e-004,-4.02010e-002
 3.703200000000e-004,-4.02010e-002
 3.703600000000e-004,-4.02010e-002
 3.704000000000e-004,-4.02010e-002
 3.704400000000e-004,-4.02010e-002
 3.704800000000e-004,-4.02010e-002
 3.705200000000e-004,-4.02010e-002
 3.705600000000e-004,-4.02010e-002
 3.706000000000e-004,-4.02010e-002
 3.706400000000e-004,-4.02010e-002
 3.706800000000e-004,-4.02010e-002
 3.707200000000e-004,-4.02010e-002
 3.707600000000e-004,-4.02010e-002
 3.708000000000e-004,-4.02010e-002
 3.708400000000e-004,-4.02010e-002
 3.708800000000e-004,-4.02010e-002
 3.709200000000e-004,-4.02010e-002
 3.709600000000e-004,-8.04020e-002
 3.710000000000e-004,-4.02010e-002
 3.710400000000e-004,-4.02010e-002
 3.710800000000e-004,-4.02010e-002
 3.711200000000e-004,-4.02010e-002
 3.711600000000e-004,-4.02010e-002
 3.712000000000e-004,-4.02010e-002
 3.712400000000e-004,-4.02010e-002
 3.712800000000e-004,-8.04020e-002
 3.713200000000e-004,-4.02010e-002
 3.713600000000e-004,-4.02010e-002
 3.714000000000e-004,-4.02010e-002
 3.714400000000e-004,-4.02010e-002
 3.714800000000e-004,-4.02010e-002
 3.715200000000e-004,-4.02010e-002
 3.715600000000e-004,-4.02010e-002
 3.716000000000e-004,-4.02010e-002
 3.716400000000e-004,-4.02010e-002
 3.716800000000e-004,-4.02010e-002
 3.717200000000e-004,-4.02010e-002
 3.717600000000e-004,-8.04020e-002
 3.718000000000e-004,-4.02010e-002
 3.718400000000e-004,-8.04020e-002
 3.718800000000e-004,-4.02010e-002
 3.719200000000e-004,-4.02010e-002
 3.719600000000e-004,-4.02010e-002
 3.720000000000e-004, 0.00000e+000
 3.720400000000e-004,-4.02010e-002
 3.720800000000e-004,-4.02010e-002
 3.721200000000e-004,-4.02010e-002
 3.721600000000e-004,-4.02010e-002
 3.722000000000e-004,-4.02010e-002
 3.722400000000e-004,-4.02010e-002
 3.722800000000e-004,-8.04020e-002
 3.723200000000e-004,-4.02010e-002
 3.723600000000e-004,-8.04020e-002
 3.724000000000e-004,-4.02010e-002
 3.724400000000e-004,-8.04020e-002
 3.724800000000e-004,-4.02010e-002
 3.725200000000e-004,-4.02010e-002
 3.725600000000e-004,-4.02010e-002
 3.726000000000e-004,-4.02010e-002
 3.726400000000e-004,-4.02010e-002
 3.726800000000e-004,-4.02010e-002
 3.727200000000e-004,-4.02010e-002
 3.727600000000e-004,-4.02010e-002
 3.728000000000e-004,-4.02010e-002
 3.728400000000e-004,-4.02010e-002
 3.728800000000e-004,-4.02010e-002
 3.729200000000e-004,-4.02010e-002
 3.729600000000e-004,-4.02010e-002
 3.730000000000e-004,-4.02010e-002
 3.730400000000e-004,-4.02010e-002
 3.730800000000e-004,-8.04020e-002
 3.731200000000e-004,-4.02010e-002
 3.731600000000e-004,-4.02010e-002
 3.732000000000e-004,-4.02010e-002
 3.732400000000e-004,-4.02010e-002
 3.732800000000e-004,-4.02010e-002
 3.733200000000e-004,-4.02010e-002
 3.733600000000e-004,-4.02010e-002
 3.734000000000e-004,-4.02010e-002
 3.734400000000e-004,-4.02010e-002
 3.734800000000e-004,-4.02010e-002
 3.735200000000e-004,-4.02010e-002
 3.735600000000e-004,-8.04020e-002
 3.736000000000e-004,-8.04020e-002
 3.736400000000e-004,-8.04020e-002
 3.736800000000e-004,-8.04020e-002
 3.737200000000e-004,-4.02010e-002
 3.737600000000e-004,-4.02010e-002
 3.738000000000e-004,-4.02010e-002
 3.738400000000e-004,-4.02010e-002
 3.738800000000e-004,-4.02010e-002
 3.739200000000e-004,-4.02010e-002
 3.739600000000e-004,-4.02010e-002
 3.740000000000e-004,-8.04020e-002
 3.740400000000e-004,-4.02010e-002
 3.740800000000e-004,-8.04020e-002
 3.741200000000e-004,-4.02010e-002
 3.741600000000e-004,-8.04020e-002
 3.742000000000e-004,-4.02010e-002
 3.742400000000e-004,-4.02010e-002
 3.742800000000e-004,-4.02010e-002
 3.743200000000e-004,-4.02010e-002
 3.743600000000e-004,-4.02010e-002
 3.744000000000e-004,-4.02010e-002
 3.744400000000e-004,-4.02010e-002
 3.744800000000e-004,-4.02010e-002
 3.745200000000e-004,-4.02010e-002
 3.745600000000e-004,-8.04020e-002
 3.746000000000e-004,-4.02010e-002
 3.746400000000e-004,-4.02010e-002
 3.746800000000e-004,-4.02010e-002
 3.747200000000e-004,-4.02010e-002
 3.747600000000e-004,-4.02010e-002
 3.748000000000e-004,-4.02010e-002
 3.748400000000e-004,-8.04020e-002
 3.748800000000e-004,-8.04020e-002
 3.749200000000e-004,-4.02010e-002
 3.749600000000e-004,-8.04020e-002
 3.750000000000e-004,-4.02010e-002
 3.750400000000e-004,-4.02010e-002
 3.750800000000e-004,-4.02010e-002
 3.751200000000e-004, 0.00000e+000
 3.751600000000e-004,-4.02010e-002
 3.752000000000e-004,-4.02010e-002
 3.752400000000e-004,-4.02010e-002
 3.752800000000e-004,-4.02010e-002
 3.753200000000e-004,-4.02010e-002
 3.753600000000e-004,-4.02010e-002
 3.754000000000e-004,-4.02010e-002
 3.754400000000e-004,-4.02010e-002
 3.754800000000e-004,-4.02010e-002
 3.755200000000e-004,-4.02010e-002
 3.755600000000e-004,-4.02010e-002
 3.756000000000e-004,-4.02010e-002
 3.756400000000e-004,-4.02010e-002
 3.756800000000e-004,-4.02010e-002
 3.757200000000e-004,-4.02010e-002
 3.757600000000e-004,-8.04020e-002
 3.758000000000e-004,-4.02010e-002
 3.758400000000e-004,-4.02010e-002
 3.758800000000e-004,-8.04020e-002
 3.759200000000e-004,-4.02010e-002
 3.759600000000e-004,-4.02010e-002
 3.760000000000e-004,-4.02010e-002
 3.760400000000e-004,-4.02010e-002
 3.760800000000e-004,-4.02010e-002
 3.761200000000e-004,-4.02010e-002
 3.761600000000e-004,-4.02010e-002
 3.762000000000e-004,-4.02010e-002
 3.762400000000e-004,-4.02010e-002
 3.762800000000e-004,-4.02010e-002
 3.763200000000e-004,-4.02010e-002
 3.763600000000e-004,-4.02010e-002
 3.764000000000e-004,-4.02010e-002
 3.764400000000e-004,-4.02010e-002
 3.764800000000e-004,-4.02010e-002
 3.765200000000e-004,-4.02010e-002
 3.765600000000e-004,-4.02010e-002
 3.766000000000e-004,-8.04020e-002
 3.766400000000e-004,-4.02010e-002
 3.766800000000e-004,-8.04020e-002
 3.767200000000e-004,-8.04020e-002
 3.767600000000e-004,-4.02010e-002
 3.768000000000e-004,-4.02010e-002
 3.768400000000e-004,-4.02010e-002
 3.768800000000e-004,-4.02010e-002
 3.769200000000e-004,-4.02010e-002
 3.769600000000e-004, 0.00000e+000
 3.770000000000e-004,-4.02010e-002
 3.770400000000e-004,-4.02010e-002
 3.770800000000e-004, 0.00000e+000
 3.771200000000e-004,-4.02010e-002
 3.771600000000e-004,-4.02010e-002
 3.772000000000e-004,-4.02010e-002
 3.772400000000e-004,-8.04020e-002
 3.772800000000e-004,-4.02010e-002
 3.773200000000e-004,-4.02010e-002
 3.773600000000e-004,-4.02010e-002
 3.774000000000e-004,-4.02010e-002
 3.774400000000e-004,-4.02010e-002
 3.774800000000e-004,-4.02010e-002
 3.775200000000e-004,-4.02010e-002
 3.775600000000e-004,-4.02010e-002
 3.776000000000e-004,-4.02010e-002
 3.776400000000e-004,-4.02010e-002
 3.776800000000e-004,-4.02010e-002
 3.777200000000e-004,-4.02010e-002
 3.777600000000e-004,-4.02010e-002
 3.778000000000e-004,-4.02010e-002
 3.778400000000e-004,-4.02010e-002
 3.778800000000e-004,-4.02010e-002
 3.779200000000e-004,-4.02010e-002
 3.779600000000e-004,-8.04020e-002
 3.780000000000e-004,-8.04020e-002
 3.780400000000e-004,-4.02010e-002
 3.780800000000e-004,-4.02010e-002
 3.781200000000e-004,-4.02010e-002
 3.781600000000e-004,-8.04020e-002
 3.782000000000e-004,-4.02010e-002
 3.782400000000e-004,-4.02010e-002
 3.782800000000e-004,-4.02010e-002
 3.783200000000e-004,-4.02010e-002
 3.783600000000e-004,-4.02010e-002
 3.784000000000e-004,-4.02010e-002
 3.784400000000e-004,-4.02010e-002
 3.784800000000e-004,-4.02010e-002
 3.785200000000e-004,-4.02010e-002
 3.785600000000e-004,-4.02010e-002
 3.786000000000e-004,-4.02010e-002
 3.786400000000e-004,-4.02010e-002
 3.786800000000e-004,-4.02010e-002
 3.787200000000e-004,-4.02010e-002
 3.787600000000e-004,-4.02010e-002
 3.788000000000e-004,-4.02010e-002
 3.788400000000e-004,-4.02010e-002
 3.788800000000e-004,-4.02010e-002
 3.789200000000e-004,-8.04020e-002
 3.789600000000e-004,-4.02010e-002
 3.790000000000e-004,-4.02010e-002
 3.790400000000e-004,-4.02010e-002
 3.790800000000e-004,-4.02010e-002
 3.791200000000e-004,-4.02010e-002
 3.791600000000e-004,-4.02010e-002
 3.792000000000e-004,-4.02010e-002
 3.792400000000e-004,-4.02010e-002
 3.792800000000e-004,-4.02010e-002
 3.793200000000e-004,-4.02010e-002
 3.793600000000e-004,-4.02010e-002
 3.794000000000e-004,-4.02010e-002
 3.794400000000e-004,-8.04020e-002
 3.794800000000e-004,-4.02010e-002
 3.795200000000e-004,-8.04020e-002
 3.795600000000e-004,-4.02010e-002
 3.796000000000e-004,-4.02010e-002
 3.796400000000e-004,-4.02010e-002
 3.796800000000e-004,-4.02010e-002
 3.797200000000e-004,-4.02010e-002
 3.797600000000e-004,-4.02010e-002
 3.798000000000e-004,-4.02010e-002
 3.798400000000e-004,-4.02010e-002
 3.798800000000e-004,-8.04020e-002
 3.799200000000e-004,-4.02010e-002
 3.799600000000e-004,-4.02010e-002
 3.800000000000e-004,-4.02010e-002
 3.800400000000e-004,-4.02010e-002
 3.800800000000e-004,-4.02010e-002
 3.801200000000e-004,-4.02010e-002
 3.801600000000e-004,-4.02010e-002
 3.802000000000e-004,-4.02010e-002
 3.802400000000e-004, 0.00000e+000
 3.802800000000e-004,-4.02010e-002
 3.803200000000e-004,-8.04020e-002
 3.803600000000e-004,-4.02010e-002
 3.804000000000e-004,-4.02010e-002
 3.804400000000e-004,-4.02010e-002
 3.804800000000e-004,-4.02010e-002
 3.805200000000e-004,-4.02010e-002
 3.805600000000e-004, 0.00000e+000
 3.806000000000e-004,-4.02010e-002
 3.806400000000e-004,-4.02010e-002
 3.806800000000e-004,-4.02010e-002
 3.807200000000e-004,-8.04020e-002
 3.807600000000e-004,-8.04020e-002
 3.808000000000e-004,-8.04020e-002
 3.808400000000e-004,-4.02010e-002
 3.808800000000e-004,-4.02010e-002
 3.809200000000e-004,-4.02010e-002
 3.809600000000e-004, 0.00000e+000
 3.810000000000e-004, 0.00000e+000
 3.810400000000e-004, 0.00000e+000
 3.810800000000e-004,-4.02010e-002
 3.811200000000e-004,-4.02010e-002
 3.811600000000e-004,-4.02010e-002
 3.812000000000e-004,-4.02010e-002
 3.812400000000e-004,-4.02010e-002
 3.812800000000e-004,-4.02010e-002
 3.813200000000e-004,-4.02010e-002
 3.813600000000e-004,-8.04020e-002
 3.814000000000e-004,-8.04020e-002
 3.814400000000e-004,-4.02010e-002
 3.814800000000e-004,-4.02010e-002
 3.815200000000e-004,-4.02010e-002
 3.815600000000e-004,-4.02010e-002
 3.816000000000e-004,-8.04020e-002
 3.816400000000e-004,-4.02010e-002
 3.816800000000e-004,-4.02010e-002
 3.817200000000e-004, 0.00000e+000
 3.817600000000e-004,-4.02010e-002
 3.818000000000e-004,-4.02010e-002
 3.818400000000e-004,-4.02010e-002
 3.818800000000e-004,-4.02010e-002
 3.819200000000e-004,-4.02010e-002
 3.819600000000e-004,-4.02010e-002
 3.820000000000e-004,-4.02010e-002
 3.820400000000e-004,-4.02010e-002
 3.820800000000e-004,-4.02010e-002
 3.821200000000e-004,-4.02010e-002
 3.821600000000e-004,-4.02010e-002
 3.822000000000e-004, 0.00000e+000
 3.822400000000e-004,-4.02010e-002
 3.822800000000e-004, 0.00000e+000
 3.823200000000e-004, 0.00000e+000
 3.823600000000e-004,-4.02010e-002
 3.824000000000e-004,-4.02010e-002
 3.824400000000e-004,-8.04020e-002
 3.824800000000e-004,-8.04020e-002
 3.825200000000e-004,-8.04020e-002
 3.825600000000e-004,-8.04020e-002
 3.826000000000e-004,-4.02010e-002
 3.826400000000e-004,-4.02010e-002
 3.826800000000e-004,-4.02010e-002
 3.827200000000e-004,-4.02010e-002
 3.827600000000e-004,-4.02010e-002
 3.828000000000e-004,-4.02010e-002
 3.828400000000e-004,-4.02010e-002
 3.828800000000e-004,-4.02010e-002
 3.829200000000e-004,-4.02010e-002
 3.829600000000e-004,-4.02010e-002
 3.830000000000e-004,-4.02010e-002
 3.830400000000e-004,-4.02010e-002
 3.830800000000e-004,-4.02010e-002
 3.831200000000e-004,-4.02010e-002
 3.831600000000e-004,-4.02010e-002
 3.832000000000e-004,-4.02010e-002
 3.832400000000e-004,-4.02010e-002
 3.832800000000e-004,-4.02010e-002
 3.833200000000e-004,-4.02010e-002
 3.833600000000e-004,-4.02010e-002
 3.834000000000e-004,-4.02010e-002
 3.834400000000e-004,-4.02010e-002
 3.834800000000e-004,-4.02010e-002
 3.835200000000e-004,-4.02010e-002
 3.835600000000e-004,-4.02010e-002
 3.836000000000e-004,-4.02010e-002
 3.836400000000e-004,-4.02010e-002
 3.836800000000e-004,-4.02010e-002
 3.837200000000e-004,-8.04020e-002
 3.837600000000e-004,-8.04020e-002
 3.838000000000e-004,-4.02010e-002
 3.838400000000e-004,-8.04020e-002
 3.838800000000e-004,-4.02010e-002
 3.839200000000e-004,-4.02010e-002
 3.839600000000e-004, 0.00000e+000
 3.840000000000e-004,-4.02010e-002
 3.840400000000e-004,-4.02010e-002
 3.840800000000e-004,-4.02010e-002
 3.841200000000e-004,-4.02010e-002
 3.841600000000e-004,-4.02010e-002
 3.842000000000e-004,-4.02010e-002
 3.842400000000e-004,-4.02010e-002
 3.842800000000e-004,-4.02010e-002
 3.843200000000e-004,-8.04020e-002
 3.843600000000e-004,-4.02010e-002
 3.844000000000e-004,-4.02010e-002
 3.844400000000e-004,-4.02010e-002
 3.844800000000e-004,-4.02010e-002
 3.845200000000e-004,-4.02010e-002
 3.845600000000e-004,-4.02010e-002
 3.846000000000e-004,-4.02010e-002
 3.846400000000e-004,-4.02010e-002
 3.846800000000e-004,-4.02010e-002
 3.847200000000e-004,-4.02010e-002
 3.847600000000e-004,-4.02010e-002
 3.848000000000e-004,-4.02010e-002
 3.848400000000e-004,-4.02010e-002
 3.848800000000e-004,-4.02010e-002
 3.849200000000e-004,-4.02010e-002
 3.849600000000e-004,-4.02010e-002
 3.850000000000e-004,-4.02010e-002
 3.850400000000e-004,-4.02010e-002
 3.850800000000e-004,-4.02010e-002
 3.851200000000e-004,-4.02010e-002
 3.851600000000e-004,-4.02010e-002
 3.852000000000e-004,-8.04020e-002
 3.852400000000e-004,-4.02010e-002
 3.852800000000e-004,-8.04020e-002
 3.853200000000e-004,-4.02010e-002
 3.853600000000e-004,-4.02010e-002
 3.854000000000e-004,-4.02010e-002
 3.854400000000e-004,-4.02010e-002
 3.854800000000e-004,-4.02010e-002
 3.855200000000e-004,-4.02010e-002
 3.855600000000e-004,-4.02010e-002
 3.856000000000e-004,-4.02010e-002
 3.856400000000e-004,-4.02010e-002
 3.856800000000e-004,-4.02010e-002
 3.857200000000e-004,-4.02010e-002
 3.857600000000e-004,-4.02010e-002
 3.858000000000e-004,-4.02010e-002
 3.858400000000e-004,-4.02010e-002
 3.858800000000e-004,-4.02010e-002
 3.859200000000e-004,-4.02010e-002
 3.859600000000e-004, 0.00000e+000
 3.860000000000e-004,-4.02010e-002
 3.860400000000e-004,-4.02010e-002
 3.860800000000e-004,-4.02010e-002
 3.861200000000e-004,-4.02010e-002
 3.861600000000e-004,-4.02010e-002
 3.862000000000e-004,-8.04020e-002
 3.862400000000e-004,-4.02010e-002
 3.862800000000e-004,-4.02010e-002
 3.863200000000e-004, 0.00000e+000
 3.863600000000e-004,-4.02010e-002
 3.864000000000e-004,-4.02010e-002
 3.864400000000e-004,-4.02010e-002
 3.864800000000e-004,-4.02010e-002
 3.865200000000e-004,-8.04020e-002
 3.865600000000e-004,-4.02010e-002
 3.866000000000e-004,-4.02010e-002
 3.866400000000e-004,-8.04020e-002
 3.866800000000e-004,-4.02010e-002
 3.867200000000e-004,-4.02010e-002
 3.867600000000e-004,-4.02010e-002
 3.868000000000e-004, 0.00000e+000
 3.868400000000e-004, 0.00000e+000
 3.868800000000e-004,-4.02010e-002
 3.869200000000e-004,-4.02010e-002
 3.869600000000e-004,-4.02010e-002
 3.870000000000e-004,-4.02010e-002
 3.870400000000e-004,-8.04020e-002
 3.870800000000e-004,-4.02010e-002
 3.871200000000e-004,-4.02010e-002
 3.871600000000e-004,-4.02010e-002
 3.872000000000e-004,-4.02010e-002
 3.872400000000e-004,-4.02010e-002
 3.872800000000e-004,-4.02010e-002
 3.873200000000e-004,-4.02010e-002
 3.873600000000e-004,-4.02010e-002
 3.874000000000e-004,-4.02010e-002
 3.874400000000e-004,-4.02010e-002
 3.874800000000e-004,-4.02010e-002
 3.875200000000e-004, 0.00000e+000
 3.875600000000e-004,-4.02010e-002
 3.876000000000e-004,-4.02010e-002
 3.876400000000e-004,-4.02010e-002
 3.876800000000e-004,-4.02010e-002
 3.877200000000e-004,-4.02010e-002
 3.877600000000e-004,-8.04020e-002
 3.878000000000e-004,-8.04020e-002
 3.878400000000e-004,-8.04020e-002
 3.878800000000e-004,-8.04020e-002
 3.879200000000e-004,-4.02010e-002
 3.879600000000e-004,-4.02010e-002
 3.880000000000e-004,-4.02010e-002
 3.880400000000e-004,-4.02010e-002
 3.880800000000e-004, 0.00000e+000
 3.881200000000e-004,-4.02010e-002
 3.881600000000e-004,-4.02010e-002
 3.882000000000e-004,-4.02010e-002
 3.882400000000e-004,-4.02010e-002
 3.882800000000e-004,-4.02010e-002
 3.883200000000e-004,-8.04020e-002
 3.883600000000e-004,-4.02010e-002
 3.884000000000e-004,-4.02010e-002
 3.884400000000e-004,-4.02010e-002
 3.884800000000e-004,-4.02010e-002
 3.885200000000e-004,-4.02010e-002
 3.885600000000e-004,-4.02010e-002
 3.886000000000e-004,-4.02010e-002
 3.886400000000e-004,-4.02010e-002
 3.886800000000e-004,-4.02010e-002
 3.887200000000e-004,-4.02010e-002
 3.887600000000e-004,-4.02010e-002
 3.888000000000e-004,-4.02010e-002
 3.888400000000e-004,-4.02010e-002
 3.888800000000e-004,-4.02010e-002
 3.889200000000e-004,-4.02010e-002
 3.889600000000e-004,-4.02010e-002
 3.890000000000e-004,-4.02010e-002
 3.890400000000e-004,-8.04020e-002
 3.890800000000e-004,-8.04020e-002
 3.891200000000e-004,-4.02010e-002
 3.891600000000e-004,-4.02010e-002
 3.892000000000e-004,-4.02010e-002
 3.892400000000e-004,-4.02010e-002
 3.892800000000e-004,-4.02010e-002
 3.893200000000e-004,-4.02010e-002
 3.893600000000e-004,-4.02010e-002
 3.894000000000e-004,-4.02010e-002
 3.894400000000e-004,-4.02010e-002
 3.894800000000e-004,-4.02010e-002
 3.895200000000e-004,-4.02010e-002
 3.895600000000e-004,-4.02010e-002
 3.896000000000e-004,-4.02010e-002
 3.896400000000e-004,-4.02010e-002
 3.896800000000e-004,-4.02010e-002
 3.897200000000e-004,-4.02010e-002
 3.897600000000e-004,-4.02010e-002
 3.898000000000e-004,-8.04020e-002
 3.898400000000e-004,-4.02010e-002
 3.898800000000e-004,-4.02010e-002
 3.899200000000e-004, 0.00000e+000
 3.899600000000e-004,-4.02010e-002
 3.900000000000e-004,-4.02010e-002
 3.900400000000e-004,-4.02010e-002
 3.900800000000e-004,-4.02010e-002
 3.901200000000e-004,-4.02010e-002
 3.901600000000e-004,-4.02010e-002
 3.902000000000e-004,-4.02010e-002
 3.902400000000e-004,-4.02010e-002
 3.902800000000e-004,-4.02010e-002
 3.903200000000e-004,-4.02010e-002
 3.903600000000e-004,-4.02010e-002
 3.904000000000e-004,-4.02010e-002
 3.904400000000e-004,-4.02010e-002
 3.904800000000e-004,-4.02010e-002
 3.905200000000e-004,-4.02010e-002
 3.905600000000e-004,-4.02010e-002
 3.906000000000e-004,-4.02010e-002
 3.906400000000e-004,-4.02010e-002
 3.906800000000e-004,-4.02010e-002
 3.907200000000e-004,-4.02010e-002
 3.907600000000e-004,-4.02010e-002
 3.908000000000e-004,-4.02010e-002
 3.908400000000e-004,-4.02010e-002
 3.908800000000e-004,-4.02010e-002
 3.909200000000e-004,-8.04020e-002
 3.909600000000e-004,-4.02010e-002
 3.910000000000e-004,-8.04020e-002
 3.910400000000e-004,-8.04020e-002
 3.910800000000e-004,-4.02010e-002
 3.911200000000e-004,-4.02010e-002
 3.911600000000e-004,-4.02010e-002
 3.912000000000e-004,-4.02010e-002
 3.912400000000e-004,-4.02010e-002
 3.912800000000e-004,-4.02010e-002
 3.913200000000e-004,-4.02010e-002
 3.913600000000e-004,-4.02010e-002
 3.914000000000e-004,-4.02010e-002
 3.914400000000e-004,-8.04020e-002
 3.914800000000e-004,-8.04020e-002
 3.915200000000e-004,-4.02010e-002
 3.915600000000e-004,-4.02010e-002
 3.916000000000e-004,-4.02010e-002
 3.916400000000e-004,-4.02010e-002
 3.916800000000e-004,-4.02010e-002
 3.917200000000e-004,-4.02010e-002
 3.917600000000e-004,-4.02010e-002
 3.918000000000e-004,-4.02010e-002
 3.918400000000e-004,-4.02010e-002
 3.918800000000e-004,-4.02010e-002
 3.919200000000e-004,-4.02010e-002
 3.919600000000e-004,-8.04020e-002
 3.920000000000e-004,-4.02010e-002
 3.920400000000e-004,-8.04020e-002
 3.920800000000e-004,-8.04020e-002
 3.921200000000e-004,-4.02010e-002
 3.921600000000e-004,-4.02010e-002
 3.922000000000e-004, 0.00000e+000
 3.922400000000e-004, 0.00000e+000
 3.922800000000e-004, 4.02010e-002
 3.923200000000e-004, 8.04020e-002
 3.923600000000e-004, 8.04020e-002
 3.924000000000e-004, 4.02010e-002
 3.924400000000e-004,-4.02010e-002
 3.924800000000e-004,-4.02010e-002
 3.925200000000e-004,-8.04020e-002
 3.925600000000e-004,-8.04020e-002
 3.926000000000e-004,-8.04020e-002
 3.926400000000e-004,-8.04020e-002
 3.926800000000e-004,-8.04020e-002
 3.927200000000e-004,-8.04020e-002
 3.927600000000e-004,-1.20603e-001
 3.928000000000e-004,-1.20603e-001
 3.928400000000e-004,-1.60804e-001
 3.928800000000e-004,-2.01005e-001
 3.929200000000e-004,-1.60804e-001
 3.929600000000e-004,-1.20603e-001
 3.930000000000e-004,-8.04020e-002
 3.930400000000e-004,-4.02010e-002
 3.930800000000e-004, 0.00000e+000
 3.931200000000e-004, 0.00000e+000
 3.931600000000e-004, 4.02010e-002
 3.932000000000e-004, 0.00000e+000
 3.932400000000e-004, 4.02010e-002
 3.932800000000e-004, 8.04020e-002
 3.933200000000e-004, 4.02010e-002
 3.933600000000e-004, 4.02010e-002
 3.934000000000e-004, 4.02010e-002
 3.934400000000e-004,-1.60804e-001
 3.934800000000e-004,-2.41206e-001
 3.935200000000e-004,-3.21608e-001
 3.935600000000e-004,-2.81407e-001
 3.936000000000e-004,-8.04020e-002
 3.936400000000e-004, 1.20603e-001
 3.936800000000e-004, 4.02010e-001
 3.937200000000e-004, 6.83417e-001
 3.937600000000e-004, 6.43216e-001
 3.938000000000e-004, 4.02010e-001
 3.938400000000e-004,-2.01005e-001
 3.938800000000e-004,-6.03015e-001
 3.939200000000e-004,-8.44221e-001
 3.939600000000e-004,-8.44221e-001
 3.940000000000e-004,-7.23618e-001
 3.940400000000e-004,-2.81407e-001
 3.940800000000e-004, 2.81407e-001
 3.941200000000e-004, 4.42211e-001
 3.941600000000e-004, 4.42211e-001
 3.942000000000e-004, 2.81407e-001
 3.942400000000e-004, 1.60804e-001
 3.942800000000e-004,-2.01005e-001
 3.943200000000e-004,-3.61809e-001
 3.943600000000e-004,-3.21608e-001
 3.944000000000e-004,-2.01005e-001
 3.944400000000e-004,-8.04020e-002
 3.944800000000e-004, 4.02010e-002
 3.945200000000e-004, 8.04020e-002
 3.945600000000e-004, 8.04020e-002
 3.946000000000e-004, 4.02010e-002
 3.946400000000e-004, 0.00000e+000
 3.946800000000e-004,-8.04020e-002
 3.947200000000e-004,-8.04020e-002
 3.947600000000e-004,-8.04020e-002
 3.948000000000e-004,-8.04020e-002
 3.948400000000e-004,-4.02010e-002
 3.948800000000e-004,-4.02010e-002
 3.949200000000e-004, 0.00000e+000
 3.949600000000e-004,-4.02010e-002
 3.950000000000e-004, 0.00000e+000
 3.950400000000e-004,-4.02010e-002
 3.950800000000e-004,-4.02010e-002
 3.951200000000e-004, 0.00000e+000
 3.951600000000e-004, 0.00000e+000
 3.952000000000e-004, 4.02010e-002
 3.952400000000e-004, 1.60804e-001
 3.952800000000e-004, 2.41206e-001
 3.953200000000e-004,-4.02010e-001
 3.953600000000e-004,-8.04020e-001
 3.954000000000e-004,-1.32663e+000
 3.954400000000e-004,-1.48744e+000
 3.954800000000e-004,-1.48744e+000
 3.955200000000e-004, 2.81407e-001
 3.955600000000e-004, 1.40704e+000
 3.956000000000e-004, 2.41206e+000
 3.956400000000e-004, 2.45226e+000
 3.956800000000e-004, 2.45226e+000
 3.957200000000e-004, 9.64824e-001
 3.957600000000e-004,-1.60804e-001
 3.958000000000e-004,-2.85427e+000
 3.958400000000e-004,-3.53769e+000
 3.958800000000e-004,-3.49749e+000
 3.959200000000e-004,-1.64824e+000
 3.959600000000e-004, 9.64824e-001
 3.960000000000e-004, 2.33166e+000
 3.960400000000e-004, 2.41206e+000
 3.960800000000e-004, 2.33166e+000
 3.961200000000e-004, 8.04020e-001
 3.961600000000e-004,-1.04523e+000
 3.962000000000e-004,-1.24623e+000
 3.962400000000e-004,-1.68844e+000
 3.962800000000e-004,-1.44724e+000
 3.963200000000e-004,-4.82412e-001
 3.963600000000e-004, 2.81407e-001
 3.964000000000e-004, 6.83417e-001
 3.964400000000e-004, 7.23618e-001
 3.964800000000e-004, 6.03015e-001
 3.965200000000e-004, 1.20603e-001
 3.965600000000e-004,-1.60804e-001
 3.966000000000e-004,-4.82412e-001
 3.966400000000e-004,-5.22613e-001
 3.966800000000e-004,-5.22613e-001
 3.967200000000e-004,-4.02010e-001
 3.967600000000e-004,-1.20603e-001
 3.968000000000e-004, 8.04020e-002
 3.968400000000e-004, 2.01005e-001
 3.968800000000e-004, 2.81407e-001
 3.969200000000e-004, 2.81407e-001
 3.969600000000e-004, 1.60804e-001
 3.970000000000e-004, 0.00000e+000
 3.970400000000e-004,-1.60804e-001
 3.970800000000e-004,-2.01005e-001
 3.971200000000e-004,-2.01005e-001
 3.971600000000e-004,-2.01005e-001
 3.972000000000e-004,-1.20603e-001
 3.972400000000e-004,-4.02010e-002
 3.972800000000e-004, 0.00000e+000
 3.973200000000e-004, 4.02010e-002
 3.973600000000e-004, 8.04020e-002
 3.974000000000e-004, 8.04020e-002
 3.974400000000e-004, 0.00000e+000
 3.974800000000e-004,-4.02010e-002
 3.975200000000e-004,-4.02010e-002
 3.975600000000e-004,-8.04020e-002
 3.976000000000e-004,-8.04020e-002
 3.976400000000e-004,-8.04020e-002
 3.976800000000e-004,-4.02010e-002
 3.977200000000e-004,-8.04020e-002
 3.977600000000e-004,-8.04020e-002
 3.978000000000e-004,-4.02010e-002
 3.978400000000e-004,-8.04020e-002
 3.978800000000e-004,-8.04020e-002
 3.979200000000e-004,-4.02010e-002
 3.979600000000e-004,-4.02010e-002
 3.980000000000e-004,-4.02010e-002
 3.980400000000e-004,-4.02010e-002
 3.980800000000e-004,-4.02010e-002
 3.981200000000e-004,-1.20603e-001
 3.981600000000e-004,-2.01005e-001
 3.982000000000e-004,-1.20603e-001
 3.982400000000e-004, 4.02010e-002
 3.982800000000e-004, 2.81407e-001
 3.983200000000e-004, 6.03015e-001
 3.983600000000e-004, 6.83417e-001
 3.984000000000e-004, 4.02010e-001
 3.984400000000e-004,-2.41206e-001
 3.984800000000e-004,-7.23618e-001
 3.985200000000e-004,-1.28643e+000
 3.985600000000e-004,-1.64824e+000
 3.986000000000e-004,-1.08543e+000
 3.986400000000e-004,-6.83417e-001
 3.986800000000e-004, 4.02010e-001
 3.987200000000e-004, 1.44724e+000
 3.987600000000e-004, 1.72864e+000
 3.988000000000e-004, 1.48744e+000
 3.988400000000e-004, 8.44221e-001
 3.988800000000e-004,-7.63819e-001
 3.989200000000e-004,-9.64824e-001
 3.989600000000e-004,-1.32663e+000
 3.990000000000e-004,-9.64824e-001
 3.990400000000e-004,-4.42211e-001
 3.990800000000e-004,-1.20603e-001
 3.991200000000e-004, 4.42211e-001
 3.991600000000e-004, 5.62814e-001
 3.992000000000e-004, 4.42211e-001
 3.992400000000e-004, 1.60804e-001
 3.992800000000e-004,-1.60804e-001
 3.993200000000e-004,-2.01005e-001
 3.993600000000e-004,-2.01005e-001
 3.994000000000e-004,-1.60804e-001
 3.994400000000e-004,-8.04020e-002
 3.994800000000e-004,-4.02010e-002
 3.995200000000e-004,-4.02010e-002
 3.995600000000e-004,-8.04020e-002
 3.996000000000e-004,-1.20603e-001
 3.996400000000e-004,-1.60804e-001
 3.996800000000e-004,-1.20603e-001
 3.997200000000e-004,-4.02010e-002
 3.997600000000e-004, 1.20603e-001
 3.998000000000e-004, 1.60804e-001
 3.998400000000e-004, 1.20603e-001
 3.998800000000e-004, 1.20603e-001
 3.999200000000e-004, 0.00000e+000
 3.999600000000e-004,-2.41206e-001
 4.000000000000e-004,-2.81407e-001
 4.000400000000e-004,-2.41206e-001
 4.000800000000e-004,-1.60804e-001
 4.001200000000e-004, 4.02010e-002
 4.001600000000e-004, 1.60804e-001
 4.002000000000e-004, 2.01005e-001
 4.002400000000e-004, 1.60804e-001
 4.002800000000e-004, 8.04020e-002
 4.003200000000e-004,-1.20603e-001
 4.003600000000e-004,-1.20603e-001
 4.004000000000e-004,-2.01005e-001
 4.004400000000e-004,-1.60804e-001
 4.004800000000e-004,-8.04020e-002
 4.005200000000e-004,-4.02010e-002
 4.005600000000e-004, 0.00000e+000
 4.006000000000e-004, 4.02010e-002
 4.006400000000e-004, 0.00000e+000
 4.006800000000e-004,-8.04020e-002
 4.007200000000e-004,-8.04020e-002
 4.007600000000e-004,-8.04020e-002
 4.008000000000e-004,-8.04020e-002
 4.008400000000e-004,-4.02010e-002
 4.008800000000e-004,-4.02010e-002
 4.009200000000e-004, 0.00000e+000
 4.009600000000e-004,-4.02010e-002
 4.010000000000e-004,-1.20603e-001
 4.010400000000e-004,-1.60804e-001
 4.010800000000e-004,-1.60804e-001
 4.011200000000e-004,-1.60804e-001
 4.011600000000e-004,-1.20603e-001
 4.012000000000e-004, 8.04020e-002
 4.012400000000e-004, 8.04020e-002
 4.012800000000e-004, 2.81407e-001
 4.013200000000e-004, 2.81407e-001
 4.013600000000e-004, 2.41206e-001
 4.014000000000e-004, 0.00000e+000
 4.014400000000e-004,-2.41206e-001
 4.014800000000e-004,-5.62814e-001
 4.015200000000e-004,-6.03015e-001
 4.015600000000e-004,-3.21608e-001
 4.016000000000e-004,-1.60804e-001
 4.016400000000e-004, 8.04020e-002
 4.016800000000e-004, 4.02010e-001
 4.017200000000e-004, 4.02010e-001
 4.017600000000e-004, 2.01005e-001
 4.018000000000e-004, 0.00000e+000
 4.018400000000e-004,-3.61809e-001
 4.018800000000e-004,-4.02010e-001
 4.019200000000e-004,-3.21608e-001
 4.019600000000e-004,-4.02010e-002
 4.020000000000e-004, 2.01005e-001
 4.020400000000e-004, 2.81407e-001
 4.020800000000e-004, 2.41206e-001
 4.021200000000e-004, 8.04020e-002
 4.021600000000e-004,-1.20603e-001
 4.022000000000e-004,-2.81407e-001
 4.022400000000e-004,-2.81407e-001
 4.022800000000e-004,-2.81407e-001
 4.023200000000e-004,-2.01005e-001
 4.023600000000e-004,-8.04020e-002
 4.024000000000e-004, 8.04020e-002
 4.024400000000e-004, 8.04020e-002
 4.024800000000e-004, 8.04020e-002
 4.025200000000e-004, 0.00000e+000
 4.025600000000e-004,-4.02010e-002
 4.026000000000e-004,-1.20603e-001
 4.026400000000e-004,-1.20603e-001
 4.026800000000e-004,-1.20603e-001
 4.027200000000e-004,-4.02010e-002
 4.027600000000e-004, 0.00000e+000
 4.028000000000e-004, 4.02010e-002
 4.028400000000e-004, 4.02010e-002
 4.028800000000e-004, 0.00000e+000
 4.029200000000e-004,-4.02010e-002
 4.029600000000e-004,-8.04020e-002
 4.030000000000e-004,-8.04020e-002
 4.030400000000e-004,-8.04020e-002
 4.030800000000e-004,-4.02010e-002
 4.031200000000e-004,-4.02010e-002
 4.031600000000e-004,-4.02010e-002
 4.032000000000e-004,-4.02010e-002
 4.032400000000e-004,-8.04020e-002
 4.032800000000e-004,-1.20603e-001
 4.033200000000e-004,-8.04020e-002
 4.033600000000e-004,-8.04020e-002
 4.034000000000e-004, 0.00000e+000
 4.034400000000e-004, 0.00000e+000
 4.034800000000e-004, 0.00000e+000
 4.035200000000e-004, 0.00000e+000
 4.035600000000e-004, 0.00000e+000
 4.036000000000e-004, 4.02010e-002
 4.036400000000e-004, 0.00000e+000
 4.036800000000e-004, 0.00000e+000
 4.037200000000e-004,-8.04020e-002
 4.037600000000e-004,-8.04020e-002
 4.038000000000e-004,-8.04020e-002
 4.038400000000e-004,-1.60804e-001
 4.038800000000e-004,-1.60804e-001
 4.039200000000e-004,-1.60804e-001
 4.039600000000e-004,-1.60804e-001
 4.040000000000e-004,-1.60804e-001
 4.040400000000e-004,-4.02010e-002
 4.040800000000e-004, 0.00000e+000
 4.041200000000e-004, 1.20603e-001
 4.041600000000e-004, 1.60804e-001
 4.042000000000e-004, 2.41206e-001
 4.042400000000e-004, 2.41206e-001
 4.042800000000e-004, 1.20603e-001
 4.043200000000e-004,-8.04020e-002
 4.043600000000e-004,-8.04020e-002
 4.044000000000e-004,-2.41206e-001
 4.044400000000e-004,-4.82412e-001
 4.044800000000e-004,-4.82412e-001
 4.045200000000e-004,-3.21608e-001
 4.045600000000e-004,-1.60804e-001
 4.046000000000e-004, 4.02010e-002
 4.046400000000e-004, 2.81407e-001
 4.046800000000e-004, 3.61809e-001
 4.047200000000e-004, 2.41206e-001
 4.047600000000e-004, 1.20603e-001
 4.048000000000e-004, 0.00000e+000
 4.048400000000e-004,-2.01005e-001
 4.048800000000e-004,-2.41206e-001
 4.049200000000e-004,-2.01005e-001
 4.049600000000e-004,-8.04020e-002
 4.050000000000e-004, 0.00000e+000
 4.050400000000e-004, 4.02010e-002
 4.050800000000e-004, 0.00000e+000
 4.051200000000e-004,-4.02010e-002
 4.051600000000e-004,-8.04020e-002
 4.052000000000e-004,-8.04020e-002
 4.052400000000e-004,-8.04020e-002
 4.052800000000e-004,-8.04020e-002
 4.053200000000e-004,-8.04020e-002
 4.053600000000e-004,-8.04020e-002
 4.054000000000e-004,-8.04020e-002
 4.054400000000e-004,-8.04020e-002
 4.054800000000e-004,-8.04020e-002
 4.055200000000e-004,-4.02010e-002
 4.055600000000e-004, 4.02010e-002
 4.056000000000e-004, 1.20603e-001
 4.056400000000e-004, 1.20603e-001
 4.056800000000e-004, 1.20603e-001
 4.057200000000e-004, 8.04020e-002
 4.057600000000e-004,-1.20603e-001
 4.058000000000e-004,-2.01005e-001
 4.058400000000e-004,-3.21608e-001
 4.058800000000e-004,-3.21608e-001
 4.059200000000e-004,-2.81407e-001
 4.059600000000e-004,-8.04020e-002
 4.060000000000e-004,-4.02010e-002
 4.060400000000e-004, 2.41206e-001
 4.060800000000e-004, 2.41206e-001
 4.061200000000e-004, 2.41206e-001
 4.061600000000e-004, 2.01005e-001
 4.062000000000e-004, 0.00000e+000
 4.062400000000e-004,-8.04020e-002
 4.062800000000e-004,-1.60804e-001
 4.063200000000e-004,-2.01005e-001
 4.063600000000e-004,-2.01005e-001
 4.064000000000e-004,-1.20603e-001
 4.064400000000e-004,-8.04020e-002
 4.064800000000e-004,-4.02010e-002
 4.065200000000e-004,-4.02010e-002
 4.065600000000e-004, 0.00000e+000
 4.066000000000e-004,-4.02010e-002
 4.066400000000e-004,-4.02010e-002
 4.066800000000e-004,-8.04020e-002
 4.067200000000e-004,-1.20603e-001
 4.067600000000e-004,-8.04020e-002
 4.068000000000e-004,-8.04020e-002
 4.068400000000e-004,-4.02010e-002
 4.068800000000e-004, 0.00000e+000
 4.069200000000e-004, 4.02010e-002
 4.069600000000e-004, 8.04020e-002
 4.070000000000e-004, 4.02010e-002
 4.070400000000e-004, 0.00000e+000
 4.070800000000e-004,-8.04020e-002
 4.071200000000e-004,-8.04020e-002
 4.071600000000e-004,-1.60804e-001
 4.072000000000e-004,-1.20603e-001
 4.072400000000e-004,-1.20603e-001
 4.072800000000e-004,-8.04020e-002
 4.073200000000e-004,-4.02010e-002
 4.073600000000e-004,-8.04020e-002
 4.074000000000e-004,-8.04020e-002
 4.074400000000e-004,-1.20603e-001
 4.074800000000e-004,-4.02010e-002
 4.075200000000e-004,-4.02010e-002
 4.075600000000e-004, 8.04020e-002
 4.076000000000e-004, 1.20603e-001
 4.076400000000e-004, 8.04020e-002
 4.076800000000e-004,-4.02010e-002
 4.077200000000e-004,-8.04020e-002
 4.077600000000e-004,-1.60804e-001
 4.078000000000e-004,-1.60804e-001
 4.078400000000e-004,-1.60804e-001
 4.078800000000e-004, 0.00000e+000
 4.079200000000e-004, 0.00000e+000
 4.079600000000e-004, 8.04020e-002
 4.080000000000e-004, 8.04020e-002
 4.080400000000e-004, 4.02010e-002
 4.080800000000e-004,-4.02010e-002
 4.081200000000e-004,-1.20603e-001
 4.081600000000e-004,-1.60804e-001
 4.082000000000e-004,-1.60804e-001
 4.082400000000e-004,-1.60804e-001
 4.082800000000e-004,-1.20603e-001
 4.083200000000e-004, 0.00000e+000
 4.083600000000e-004, 4.02010e-002
 4.084000000000e-004, 8.04020e-002
 4.084400000000e-004, 1.20603e-001
 4.084800000000e-004, 1.20603e-001
 4.085200000000e-004, 4.02010e-002
 4.085600000000e-004, 0.00000e+000
 4.086000000000e-004,-1.20603e-001
 4.086400000000e-004,-2.01005e-001
 4.086800000000e-004,-2.81407e-001
 4.087200000000e-004,-3.21608e-001
 4.087600000000e-004,-2.81407e-001
 4.088000000000e-004,-1.20603e-001
 4.088400000000e-004, 0.00000e+000
 4.088800000000e-004, 1.60804e-001
 4.089200000000e-004, 2.81407e-001
 4.089600000000e-004, 2.41206e-001
 4.090000000000e-004, 2.01005e-001
 4.090400000000e-004, 4.02010e-002
 4.090800000000e-004,-8.04020e-002
 4.091200000000e-004,-2.01005e-001
 4.091600000000e-004,-2.41206e-001
 4.092000000000e-004,-2.01005e-001
 4.092400000000e-004,-8.04020e-002
 4.092800000000e-004,-8.04020e-002
 4.093200000000e-004,-4.02010e-002
 4.093600000000e-004, 0.00000e+000
 4.094000000000e-004,-4.02010e-002
 4.094400000000e-004,-8.04020e-002
 4.094800000000e-004,-8.04020e-002
 4.095200000000e-004,-1.20603e-001
 4.095600000000e-004,-8.04020e-002
 4.096000000000e-004,-4.02010e-002
 4.096400000000e-004, 0.00000e+000
 4.096800000000e-004, 0.00000e+000
 4.097200000000e-004, 0.00000e+000
 4.097600000000e-004, 0.00000e+000
 4.098000000000e-004, 0.00000e+000
 4.098400000000e-004, 4.02010e-002
 4.098800000000e-004, 0.00000e+000
 4.099200000000e-004, 0.00000e+000
 4.099600000000e-004, 0.00000e+000
 4.100000000000e-004,-8.04020e-002
 4.100400000000e-004,-1.60804e-001
 4.100800000000e-004,-2.41206e-001
 4.101200000000e-004,-2.01005e-001
 4.101600000000e-004,-1.60804e-001
 4.102000000000e-004,-4.02010e-002
 4.102400000000e-004, 1.60804e-001
 4.102800000000e-004, 1.60804e-001
 4.103200000000e-004, 1.20603e-001
 4.103600000000e-004,-4.02010e-002
 4.104000000000e-004,-8.04020e-002
 4.104400000000e-004,-2.01005e-001
 4.104800000000e-004,-2.01005e-001
 4.105200000000e-004,-1.60804e-001
 4.105600000000e-004,-4.02010e-002
 4.106000000000e-004, 0.00000e+000
 4.106400000000e-004, 4.02010e-002
 4.106800000000e-004, 0.00000e+000
 4.107200000000e-004, 0.00000e+000
 4.107600000000e-004,-8.04020e-002
 4.108000000000e-004,-8.04020e-002
 4.108400000000e-004,-8.04020e-002
 4.108800000000e-004,-4.02010e-002
 4.109200000000e-004, 0.00000e+000
 4.109600000000e-004, 0.00000e+000
 4.110000000000e-004, 0.00000e+000
 4.110400000000e-004,-4.02010e-002
 4.110800000000e-004,-1.20603e-001
 4.111200000000e-004,-1.60804e-001
 4.111600000000e-004,-8.04020e-002
 4.112000000000e-004,-8.04020e-002
 4.112400000000e-004, 0.00000e+000
 4.112800000000e-004, 8.04020e-002
 4.113200000000e-004, 8.04020e-002
 4.113600000000e-004, 0.00000e+000
 4.114000000000e-004,-8.04020e-002
 4.114400000000e-004,-1.60804e-001
 4.114800000000e-004,-1.60804e-001
 4.115200000000e-004,-1.20603e-001
 4.115600000000e-004,-1.20603e-001
 4.116000000000e-004, 4.02010e-002
 4.116400000000e-004, 8.04020e-002
 4.116800000000e-004, 8.04020e-002
 4.117200000000e-004, 4.02010e-002
 4.117600000000e-004, 4.02010e-002
 4.118000000000e-004, 0.00000e+000
 4.118400000000e-004,-8.04020e-002
 4.118800000000e-004,-1.20603e-001
 4.119200000000e-004,-8.04020e-002
 4.119600000000e-004,-8.04020e-002
 4.120000000000e-004,-8.04020e-002
 4.120400000000e-004,-4.02010e-002
 4.120800000000e-004,-4.02010e-002
 4.121200000000e-004,-4.02010e-002
 4.121600000000e-004,-4.02010e-002
 4.122000000000e-004,-4.02010e-002
 4.122400000000e-004,-8.04020e-002
 4.122800000000e-004,-8.04020e-002
 4.123200000000e-004,-1.20603e-001
 4.123600000000e-004,-8.04020e-002
 4.124000000000e-004,-8.04020e-002
 4.124400000000e-004,-4.02010e-002
 4.124800000000e-004, 0.00000e+000
 4.125200000000e-004, 4.02010e-002
 4.125600000000e-004, 8.04020e-002
 4.126000000000e-004, 4.02010e-002
 4.126400000000e-004, 8.04020e-002
 4.126800000000e-004, 4.02010e-002
 4.127200000000e-004, 4.02010e-002
 4.127600000000e-004, 0.00000e+000
 4.128000000000e-004,-4.02010e-002
 4.128400000000e-004,-1.60804e-001
 4.128800000000e-004,-2.01005e-001
 4.129200000000e-004,-2.41206e-001
 4.129600000000e-004,-2.41206e-001
 4.130000000000e-004,-1.60804e-001
 4.130400000000e-004, 0.00000e+000
 4.130800000000e-004, 8.04020e-002
 4.131200000000e-004, 2.01005e-001
 4.131600000000e-004, 2.41206e-001
 4.132000000000e-004, 2.41206e-001
 4.132400000000e-004, 1.20603e-001
 4.132800000000e-004,-8.04020e-002
 4.133200000000e-004,-1.20603e-001
 4.133600000000e-004,-2.41206e-001
 4.134000000000e-004,-2.41206e-001
 4.134400000000e-004,-1.20603e-001
 4.134800000000e-004,-1.20603e-001
 4.135200000000e-004, 0.00000e+000
 4.135600000000e-004, 0.00000e+000
 4.136000000000e-004, 0.00000e+000
 4.136400000000e-004,-4.02010e-002
 4.136800000000e-004,-8.04020e-002
 4.137200000000e-004,-1.20603e-001
 4.137600000000e-004,-1.20603e-001
 4.138000000000e-004,-8.04020e-002
 4.138400000000e-004,-4.02010e-002
 4.138800000000e-004, 0.00000e+000
 4.139200000000e-004, 8.04020e-002
 4.139600000000e-004, 8.04020e-002
 4.140000000000e-004, 8.04020e-002
 4.140400000000e-004, 8.04020e-002
 4.140800000000e-004, 4.02010e-002
 4.141200000000e-004,-4.02010e-002
 4.141600000000e-004,-1.60804e-001
 4.142000000000e-004,-2.01005e-001
 4.142400000000e-004,-2.01005e-001
 4.142800000000e-004,-1.20603e-001
 4.143200000000e-004,-1.20603e-001
 4.143600000000e-004, 4.02010e-002
 4.144000000000e-004, 4.02010e-002
 4.144400000000e-004, 1.60804e-001
 4.144800000000e-004, 1.20603e-001
 4.145200000000e-004, 8.04020e-002
 4.145600000000e-004, 0.00000e+000
 4.146000000000e-004,-2.01005e-001
 4.146400000000e-004,-2.41206e-001
 4.146800000000e-004,-2.41206e-001
 4.147200000000e-004,-2.01005e-001
 4.147600000000e-004,-4.02010e-002
 4.148000000000e-004, 0.00000e+000
 4.148400000000e-004, 8.04020e-002
 4.148800000000e-004, 8.04020e-002
 4.149200000000e-004, 0.00000e+000
 4.149600000000e-004,-4.02010e-002
 4.150000000000e-004,-8.04020e-002
 4.150400000000e-004,-1.20603e-001
 4.150800000000e-004,-8.04020e-002
 4.151200000000e-004,-4.02010e-002
 4.151600000000e-004,-4.02010e-002
 4.152000000000e-004, 0.00000e+000
 4.152400000000e-004, 0.00000e+000
 4.152800000000e-004, 0.00000e+000
 4.153200000000e-004, 0.00000e+000
 4.153600000000e-004,-8.04020e-002
 4.154000000000e-004,-4.02010e-002
 4.154400000000e-004, 0.00000e+000
 4.154800000000e-004, 0.00000e+000
 4.155200000000e-004, 0.00000e+000
 4.155600000000e-004, 4.02010e-002
 4.156000000000e-004,-4.02010e-002
 4.156400000000e-004,-8.04020e-002
 4.156800000000e-004,-2.01005e-001
 4.157200000000e-004,-2.01005e-001
 4.157600000000e-004,-2.41206e-001
 4.158000000000e-004,-1.60804e-001
 4.158400000000e-004,-8.04020e-002
 4.158800000000e-004, 0.00000e+000
 4.159200000000e-004, 4.02010e-002
 4.159600000000e-004, 1.60804e-001
 4.160000000000e-004, 1.20603e-001
 4.160400000000e-004, 1.20603e-001
 4.160800000000e-004, 4.02010e-002
 4.161200000000e-004, 0.00000e+000
 4.161600000000e-004,-8.04020e-002
 4.162000000000e-004,-1.60804e-001
 4.162400000000e-004,-2.01005e-001
 4.162800000000e-004,-2.01005e-001
 4.163200000000e-004,-1.60804e-001
 4.163600000000e-004, 0.00000e+000
 4.164000000000e-004, 0.00000e+000
 4.164400000000e-004, 8.04020e-002
 4.164800000000e-004, 4.02010e-002
 4.165200000000e-004, 0.00000e+000
 4.165600000000e-004, 0.00000e+000
 4.166000000000e-004,-8.04020e-002
 4.166400000000e-004,-8.04020e-002
 4.166800000000e-004,-8.04020e-002
 4.167200000000e-004,-4.02010e-002
 4.167600000000e-004, 0.00000e+000
 4.168000000000e-004, 0.00000e+000
 4.168400000000e-004, 0.00000e+000
 4.168800000000e-004, 0.00000e+000
 4.169200000000e-004,-4.02010e-002
 4.169600000000e-004,-8.04020e-002
 4.170000000000e-004,-1.60804e-001
 4.170400000000e-004,-1.60804e-001
 4.170800000000e-004,-2.01005e-001
 4.171200000000e-004,-1.60804e-001
 4.171600000000e-004,-8.04020e-002
 4.172000000000e-004, 8.04020e-002
 4.172400000000e-004, 1.20603e-001
 4.172800000000e-004, 1.60804e-001
 4.173200000000e-004, 1.60804e-001
 4.173600000000e-004, 4.02010e-002
 4.174000000000e-004,-8.04020e-002
 4.174400000000e-004,-1.60804e-001
 4.174800000000e-004,-2.41206e-001
 4.175200000000e-004,-2.81407e-001
 4.175600000000e-004,-2.41206e-001
 4.176000000000e-004,-1.20603e-001
 4.176400000000e-004,-8.04020e-002
 4.176800000000e-004, 4.02010e-002
 4.177200000000e-004, 1.20603e-001
 4.177600000000e-004, 1.20603e-001
 4.178000000000e-004, 8.04020e-002
 4.178400000000e-004,-4.02010e-002
 4.178800000000e-004,-8.04020e-002
 4.179200000000e-004,-1.20603e-001
 4.179600000000e-004,-1.20603e-001
 4.180000000000e-004,-4.02010e-002
 4.180400000000e-004,-4.02010e-002
 4.180800000000e-004, 4.02010e-002
 4.181200000000e-004, 4.02010e-002
 4.181600000000e-004, 0.00000e+000
 4.182000000000e-004, 0.00000e+000
 4.182400000000e-004,-8.04020e-002
 4.182800000000e-004,-8.04020e-002
 4.183200000000e-004,-1.20603e-001
 4.183600000000e-004,-8.04020e-002
 4.184000000000e-004,-4.02010e-002
 4.184400000000e-004,-4.02010e-002
 4.184800000000e-004, 0.00000e+000
 4.185200000000e-004,-4.02010e-002
 4.185600000000e-004,-8.04020e-002
 4.186000000000e-004,-8.04020e-002
 4.186400000000e-004,-1.20603e-001
 4.186800000000e-004,-8.04020e-002
 4.187200000000e-004,-4.02010e-002
 4.187600000000e-004, 0.00000e+000
 4.188000000000e-004, 0.00000e+000
 4.188400000000e-004, 0.00000e+000
 4.188800000000e-004,-4.02010e-002
 4.189200000000e-004,-4.02010e-002
 4.189600000000e-004,-4.02010e-002
 4.190000000000e-004,-4.02010e-002
 4.190400000000e-004,-4.02010e-002
 4.190800000000e-004, 0.00000e+000
 4.191200000000e-004, 0.00000e+000
 4.191600000000e-004,-8.04020e-002
 4.192000000000e-004,-1.20603e-001
 4.192400000000e-004,-1.20603e-001
 4.192800000000e-004,-1.60804e-001
 4.193200000000e-004,-8.04020e-002
 4.193600000000e-004, 0.00000e+000
 4.194000000000e-004, 0.00000e+000
 4.194400000000e-004, 8.04020e-002
 4.194800000000e-004, 4.02010e-002
 4.195200000000e-004, 4.02010e-002
 4.195600000000e-004,-4.02010e-002
 4.196000000000e-004,-8.04020e-002
 4.196400000000e-004,-8.04020e-002
 4.196800000000e-004,-8.04020e-002
 4.197200000000e-004,-8.04020e-002
 4.197600000000e-004,-4.02010e-002
 4.198000000000e-004,-4.02010e-002
 4.198400000000e-004,-8.04020e-002
 4.198800000000e-004,-8.04020e-002
 4.199200000000e-004,-1.20603e-001
 4.199600000000e-004,-8.04020e-002
 4.200000000000e-004,-4.02010e-002
 4.200400000000e-004,-4.02010e-002
 4.200800000000e-004, 0.00000e+000
 4.201200000000e-004, 0.00000e+000
 4.201600000000e-004, 0.00000e+000
 4.202000000000e-004,-4.02010e-002
 4.202400000000e-004,-4.02010e-002
 4.202800000000e-004,-1.20603e-001
 4.203200000000e-004,-8.04020e-002
 4.203600000000e-004,-1.20603e-001
 4.204000000000e-004,-1.20603e-001
 4.204400000000e-004,-1.20603e-001
 4.204800000000e-004,-4.02010e-002
 4.205200000000e-004,-4.02010e-002
 4.205600000000e-004, 4.02010e-002
 4.206000000000e-004, 8.04020e-002
 4.206400000000e-004, 8.04020e-002
 4.206800000000e-004, 8.04020e-002
 4.207200000000e-004, 0.00000e+000
 4.207600000000e-004,-4.02010e-002
 4.208000000000e-004,-8.04020e-002
 4.208400000000e-004,-1.60804e-001
 4.208800000000e-004,-1.60804e-001
 4.209200000000e-004,-8.04020e-002
 4.209600000000e-004,-4.02010e-002
 4.210000000000e-004,-4.02010e-002
 4.210400000000e-004, 8.04020e-002
 4.210800000000e-004, 4.02010e-002
 4.211200000000e-004, 0.00000e+000
 4.211600000000e-004,-4.02010e-002
 4.212000000000e-004,-1.20603e-001
 4.212400000000e-004,-1.60804e-001
 4.212800000000e-004,-1.20603e-001
 4.213200000000e-004,-1.60804e-001
 4.213600000000e-004,-8.04020e-002
 4.214000000000e-004,-4.02010e-002
 4.214400000000e-004, 0.00000e+000
 4.214800000000e-004, 4.02010e-002
 4.215200000000e-004, 4.02010e-002
 4.215600000000e-004, 0.00000e+000
 4.216000000000e-004, 0.00000e+000
 4.216400000000e-004,-4.02010e-002
 4.216800000000e-004,-8.04020e-002
 4.217200000000e-004,-8.04020e-002
 4.217600000000e-004,-1.20603e-001
 4.218000000000e-004,-8.04020e-002
 4.218400000000e-004, 0.00000e+000
 4.218800000000e-004, 4.02010e-002
 4.219200000000e-004, 0.00000e+000
 4.219600000000e-004, 4.02010e-002
 4.220000000000e-004, 0.00000e+000
 4.220400000000e-004,-1.20603e-001
 4.220800000000e-004,-1.20603e-001
 4.221200000000e-004,-1.20603e-001
 4.221600000000e-004,-1.20603e-001
 4.222000000000e-004,-4.02010e-002
 4.222400000000e-004, 0.00000e+000
 4.222800000000e-004, 4.02010e-002
 4.223200000000e-004, 4.02010e-002
 4.223600000000e-004, 0.00000e+000
 4.224000000000e-004,-4.02010e-002
 4.224400000000e-004,-4.02010e-002
 4.224800000000e-004,-8.04020e-002
 4.225200000000e-004,-8.04020e-002
 4.225600000000e-004,-8.04020e-002
 4.226000000000e-004,-1.20603e-001
 4.226400000000e-004,-8.04020e-002
 4.226800000000e-004,-8.04020e-002
 4.227200000000e-004,-8.04020e-002
 4.227600000000e-004,-8.04020e-002
 4.228000000000e-004,-8.04020e-002
 4.228400000000e-004,-4.02010e-002
 4.228800000000e-004,-4.02010e-002
 4.229200000000e-004,-4.02010e-002
 4.229600000000e-004, 0.00000e+000
 4.230000000000e-004, 0.00000e+000
 4.230400000000e-004, 0.00000e+000
 4.230800000000e-004,-4.02010e-002
 4.231200000000e-004, 0.00000e+000
 4.231600000000e-004,-4.02010e-002
 4.232000000000e-004,-4.02010e-002
 4.232400000000e-004,-4.02010e-002
 4.232800000000e-004,-8.04020e-002
 4.233200000000e-004,-1.20603e-001
 4.233600000000e-004,-1.20603e-001
 4.234000000000e-004,-1.20603e-001
 4.234400000000e-004,-8.04020e-002
 4.234800000000e-004,-4.02010e-002
 4.235200000000e-004, 4.02010e-002
 4.235600000000e-004, 8.04020e-002
 4.236000000000e-004, 4.02010e-002
 4.236400000000e-004, 0.00000e+000
 4.236800000000e-004,-1.20603e-001
 4.237200000000e-004,-1.60804e-001
 4.237600000000e-004,-1.60804e-001
 4.238000000000e-004,-1.20603e-001
 4.238400000000e-004,-4.02010e-002
 4.238800000000e-004, 0.00000e+000
 4.239200000000e-004, 0.00000e+000
 4.239600000000e-004, 0.00000e+000
 4.240000000000e-004,-4.02010e-002
 4.240400000000e-004,-8.04020e-002
 4.240800000000e-004,-1.20603e-001
 4.241200000000e-004,-8.04020e-002
 4.241600000000e-004,-8.04020e-002
 4.242000000000e-004, 0.00000e+000
 4.242400000000e-004, 8.04020e-002
 4.242800000000e-004, 8.04020e-002
 4.243200000000e-004, 4.02010e-002
 4.243600000000e-004, 0.00000e+000
 4.244000000000e-004,-4.02010e-002
 4.244400000000e-004,-1.20603e-001
 4.244800000000e-004,-1.20603e-001
 4.245200000000e-004,-1.20603e-001
 4.245600000000e-004,-1.20603e-001
 4.246000000000e-004,-8.04020e-002
 4.246400000000e-004,-4.02010e-002
 4.246800000000e-004,-8.04020e-002
 4.247200000000e-004,-4.02010e-002
 4.247600000000e-004,-4.02010e-002
 4.248000000000e-004, 0.00000e+000
 4.248400000000e-004, 0.00000e+000
 4.248800000000e-004, 0.00000e+000
 4.249200000000e-004,-4.02010e-002
 4.249600000000e-004,-4.02010e-002
 4.250000000000e-004,-4.02010e-002
 4.250400000000e-004,-4.02010e-002
 4.250800000000e-004,-4.02010e-002
 4.251200000000e-004,-4.02010e-002
 4.251600000000e-004,-4.02010e-002
 4.252000000000e-004, 0.00000e+000
 4.252400000000e-004,-4.02010e-002
 4.252800000000e-004,-4.02010e-002
 4.253200000000e-004,-8.04020e-002
 4.253600000000e-004,-8.04020e-002
 4.254000000000e-004,-8.04020e-002
 4.254400000000e-004,-8.04020e-002
 4.254800000000e-004,-8.04020e-002
 4.255200000000e-004,-8.04020e-002
 4.255600000000e-004,-4.02010e-002
 4.256000000000e-004, 0.00000e+000
 4.256400000000e-004,-4.02010e-002
 4.256800000000e-004, 0.00000e+000
 4.257200000000e-004, 0.00000e+000
 4.257600000000e-004,-4.02010e-002
 4.258000000000e-004,-4.02010e-002
 4.258400000000e-004,-8.04020e-002
 4.258800000000e-004,-8.04020e-002
 4.259200000000e-004,-8.04020e-002
 4.259600000000e-004,-8.04020e-002
 4.260000000000e-004,-4.02010e-002
 4.260400000000e-004, 0.00000e+000
 4.260800000000e-004,-4.02010e-002
 4.261200000000e-004, 0.00000e+000
 4.261600000000e-004,-4.02010e-002
 4.262000000000e-004, 0.00000e+000
 4.262400000000e-004,-8.04020e-002
 4.262800000000e-004,-8.04020e-002
 4.263200000000e-004,-8.04020e-002
 4.263600000000e-004,-8.04020e-002
 4.264000000000e-004,-8.04020e-002
 4.264400000000e-004,-4.02010e-002
 4.264800000000e-004, 0.00000e+000
 4.265200000000e-004, 0.00000e+000
 4.265600000000e-004, 0.00000e+000
 4.266000000000e-004, 0.00000e+000
 4.266400000000e-004,-4.02010e-002
 4.266800000000e-004,-8.04020e-002
 4.267200000000e-004,-8.04020e-002
 4.267600000000e-004,-8.04020e-002
 4.268000000000e-004,-8.04020e-002
 4.268400000000e-004,-8.04020e-002
 4.268800000000e-004,-4.02010e-002
 4.269200000000e-004,-4.02010e-002
 4.269600000000e-004,-4.02010e-002
 4.270000000000e-004, 4.02010e-002
 4.270400000000e-004, 0.00000e+000
 4.270800000000e-004, 4.02010e-002
 4.271200000000e-004, 0.00000e+000
 4.271600000000e-004,-4.02010e-002
 4.272000000000e-004,-8.04020e-002
 4.272400000000e-004,-1.20603e-001
 4.272800000000e-004,-8.04020e-002
 4.273200000000e-004,-8.04020e-002
 4.273600000000e-004,-8.04020e-002
 4.274000000000e-004,-4.02010e-002
 4.274400000000e-004,-4.02010e-002
 4.274800000000e-004, 0.00000e+000
 4.275200000000e-004, 0.00000e+000
 4.275600000000e-004,-4.02010e-002
 4.276000000000e-004,-4.02010e-002
 4.276400000000e-004,-4.02010e-002
 4.276800000000e-004,-4.02010e-002
 4.277200000000e-004,-4.02010e-002
 4.277600000000e-004,-4.02010e-002
 4.278000000000e-004,-4.02010e-002
 4.278400000000e-004,-8.04020e-002
 4.278800000000e-004,-8.04020e-002
 4.279200000000e-004,-1.20603e-001
 4.279600000000e-004,-8.04020e-002
 4.280000000000e-004,-8.04020e-002
 4.280400000000e-004,-4.02010e-002
 4.280800000000e-004,-4.02010e-002
 4.281200000000e-004,-4.02010e-002
 4.281600000000e-004,-4.02010e-002
 4.282000000000e-004,-4.02010e-002
 4.282400000000e-004,-4.02010e-002
 4.282800000000e-004,-4.02010e-002
 4.283200000000e-004, 0.00000e+000
 4.283600000000e-004, 0.00000e+000
 4.284000000000e-004, 0.00000e+000
 4.284400000000e-004, 0.00000e+000
 4.284800000000e-004,-8.04020e-002
 4.285200000000e-004,-8.04020e-002
 4.285600000000e-004,-1.60804e-001
 4.286000000000e-004,-1.20603e-001
 4.286400000000e-004,-8.04020e-002
 4.286800000000e-004,-4.02010e-002
 4.287200000000e-004, 0.00000e+000
 4.287600000000e-004, 4.02010e-002
 4.288000000000e-004, 4.02010e-002
 4.288400000000e-004, 0.00000e+000
 4.288800000000e-004,-4.02010e-002
 4.289200000000e-004,-8.04020e-002
 4.289600000000e-004,-8.04020e-002
 4.290000000000e-004,-8.04020e-002
 4.290400000000e-004,-8.04020e-002
 4.290800000000e-004,-4.02010e-002
 4.291200000000e-004,-4.02010e-002
 4.291600000000e-004,-4.02010e-002
 4.292000000000e-004,-8.04020e-002
 4.292400000000e-004,-8.04020e-002
 4.292800000000e-004,-8.04020e-002
 4.293200000000e-004,-4.02010e-002
 4.293600000000e-004, 0.00000e+000
 4.294000000000e-004, 4.02010e-002
 4.294400000000e-004, 4.02010e-002
 4.294800000000e-004, 4.02010e-002
 4.295200000000e-004, 0.00000e+000
 4.295600000000e-004,-4.02010e-002
 4.296000000000e-004,-8.04020e-002
 4.296400000000e-004,-8.04020e-002
 4.296800000000e-004,-1.20603e-001
 4.297200000000e-004,-8.04020e-002
 4.297600000000e-004,-8.04020e-002
 4.298000000000e-004,-8.04020e-002
 4.298400000000e-004,-4.02010e-002
 4.298800000000e-004,-4.02010e-002
 4.299200000000e-004, 0.00000e+000
 4.299600000000e-004, 0.00000e+000
 4.300000000000e-004, 0.00000e+000
 4.300400000000e-004, 0.00000e+000
 4.300800000000e-004,-4.02010e-002
 4.301200000000e-004,-4.02010e-002
 4.301600000000e-004,-4.02010e-002
 4.302000000000e-004,-8.04020e-002
 4.302400000000e-004,-8.04020e-002
 4.302800000000e-004,-8.04020e-002
 4.303200000000e-004,-4.02010e-002
 4.303600000000e-004,-4.02010e-002
 4.304000000000e-004,-4.02010e-002
 4.304400000000e-004,-8.04020e-002
 4.304800000000e-004,-8.04020e-002
 4.305200000000e-004,-4.02010e-002
 4.305600000000e-004,-4.02010e-002
 4.306000000000e-004, 0.00000e+000
 4.306400000000e-004, 4.02010e-002
 4.306800000000e-004, 0.00000e+000
 4.307200000000e-004, 0.00000e+000
 4.307600000000e-004,-4.02010e-002
 4.308000000000e-004,-4.02010e-002
 4.308400000000e-004,-8.04020e-002
 4.308800000000e-004,-1.20603e-001
 4.309200000000e-004,-1.20603e-001
 4.309600000000e-004,-8.04020e-002
 4.310000000000e-004,-4.02010e-002
 4.310400000000e-004,-4.02010e-002
 4.310800000000e-004,-4.02010e-002
 4.311200000000e-004,-4.02010e-002
 4.311600000000e-004, 0.00000e+000
 4.312000000000e-004, 0.00000e+000
 4.312400000000e-004, 0.00000e+000
 4.312800000000e-004, 0.00000e+000
 4.313200000000e-004,-4.02010e-002
 4.313600000000e-004,-4.02010e-002
 4.314000000000e-004,-8.04020e-002
 4.314400000000e-004,-1.20603e-001
 4.314800000000e-004,-1.20603e-001
 4.315200000000e-004,-8.04020e-002
 4.315600000000e-004,-4.02010e-002
 4.316000000000e-004, 0.00000e+000
 4.316400000000e-004, 0.00000e+000
 4.316800000000e-004, 0.00000e+000
 4.317200000000e-004, 0.00000e+000
 4.317600000000e-004,-8.04020e-002
 4.318000000000e-004,-8.04020e-002
 4.318400000000e-004,-8.04020e-002
 4.318800000000e-004,-4.02010e-002
 4.319200000000e-004, 0.00000e+000
 4.319600000000e-004, 0.00000e+000
 4.320000000000e-004, 0.00000e+000
 4.320400000000e-004, 0.00000e+000
 4.320800000000e-004,-4.02010e-002
 4.321200000000e-004,-8.04020e-002
 4.321600000000e-004,-1.20603e-001
 4.322000000000e-004,-8.04020e-002
 4.322400000000e-004,-8.04020e-002
 4.322800000000e-004,-8.04020e-002
 4.323200000000e-004, 0.00000e+000
 4.323600000000e-004, 0.00000e+000
 4.324000000000e-004, 0.00000e+000
 4.324400000000e-004,-4.02010e-002
 4.324800000000e-004,-4.02010e-002
 4.325200000000e-004,-4.02010e-002
 4.325600000000e-004,-8.04020e-002
 4.326000000000e-004,-8.04020e-002
 4.326400000000e-004,-4.02010e-002
 4.326800000000e-004,-4.02010e-002
 4.327200000000e-004,-4.02010e-002
 4.327600000000e-004,-4.02010e-002
 4.328000000000e-004,-4.02010e-002
 4.328400000000e-004, 0.00000e+000
 4.328800000000e-004, 0.00000e+000
 4.329200000000e-004,-4.02010e-002
 4.329600000000e-004,-8.04020e-002
 4.330000000000e-004,-8.04020e-002
 4.330400000000e-004,-8.04020e-002
 4.330800000000e-004,-8.04020e-002
 4.331200000000e-004,-4.02010e-002
 4.331600000000e-004,-4.02010e-002
 4.332000000000e-004, 0.00000e+000
 4.332400000000e-004, 0.00000e+000
 4.332800000000e-004, 0.00000e+000
 4.333200000000e-004, 0.00000e+000
 4.333600000000e-004,-4.02010e-002
 4.334000000000e-004,-8.04020e-002
 4.334400000000e-004,-8.04020e-002
 4.334800000000e-004,-8.04020e-002
 4.335200000000e-004,-8.04020e-002
 4.335600000000e-004,-4.02010e-002
 4.336000000000e-004, 0.00000e+000
 4.336400000000e-004, 0.00000e+000
 4.336800000000e-004,-4.02010e-002
 4.337200000000e-004,-8.04020e-002
 4.337600000000e-004,-8.04020e-002
 4.338000000000e-004,-8.04020e-002
 4.338400000000e-004,-4.02010e-002
 4.338800000000e-004,-4.02010e-002
 4.339200000000e-004,-4.02010e-002
 4.339600000000e-004,-4.02010e-002
 4.340000000000e-004, 0.00000e+000
 4.340400000000e-004,-4.02010e-002
 4.340800000000e-004,-4.02010e-002
 4.341200000000e-004,-4.02010e-002
 4.341600000000e-004,-4.02010e-002
 4.342000000000e-004, 0.00000e+000
 4.342400000000e-004,-4.02010e-002
 4.342800000000e-004,-4.02010e-002
 4.343200000000e-004,-8.04020e-002
 4.343600000000e-004,-4.02010e-002
 4.344000000000e-004,-4.02010e-002
 4.344400000000e-004,-4.02010e-002
 4.344800000000e-004,-4.02010e-002
 4.345200000000e-004, 0.00000e+000
 4.345600000000e-004,-4.02010e-002
 4.346000000000e-004, 0.00000e+000
 4.346400000000e-004,-8.04020e-002
 4.346800000000e-004,-8.04020e-002
 4.347200000000e-004,-8.04020e-002
 4.347600000000e-004,-8.04020e-002
 4.348000000000e-004,-8.04020e-002
 4.348400000000e-004, 0.00000e+000
 4.348800000000e-004,-4.02010e-002
 4.349200000000e-004, 0.00000e+000
 4.349600000000e-004,-4.02010e-002
 4.350000000000e-004,-8.04020e-002
 4.350400000000e-004,-8.04020e-002
 4.350800000000e-004,-8.04020e-002
 4.351200000000e-004,-4.02010e-002
 4.351600000000e-004,-4.02010e-002
 4.352000000000e-004, 0.00000e+000
 4.352400000000e-004, 0.00000e+000
 4.352800000000e-004, 0.00000e+000
 4.353200000000e-004,-4.02010e-002
 4.353600000000e-004,-4.02010e-002
 4.354000000000e-004,-4.02010e-002
 4.354400000000e-004,-4.02010e-002
 4.354800000000e-004,-4.02010e-002
 4.355200000000e-004,-4.02010e-002
 4.355600000000e-004,-4.02010e-002
 4.356000000000e-004,-8.04020e-002
 4.356400000000e-004,-4.02010e-002
 4.356800000000e-004,-8.04020e-002
 4.357200000000e-004,-8.04020e-002
 4.357600000000e-004,-4.02010e-002
 4.358000000000e-004,-4.02010e-002
 4.358400000000e-004,-4.02010e-002
 4.358800000000e-004, 0.00000e+000
 4.359200000000e-004,-4.02010e-002
 4.359600000000e-004,-4.02010e-002
 4.360000000000e-004,-8.04020e-002
 4.360400000000e-004,-4.02010e-002
 4.360800000000e-004,-8.04020e-002
 4.361200000000e-004,-4.02010e-002
 4.361600000000e-004,-4.02010e-002
 4.362000000000e-004,-4.02010e-002
 4.362400000000e-004,-4.02010e-002
 4.362800000000e-004,-4.02010e-002
 4.363200000000e-004,-4.02010e-002
 4.363600000000e-004,-8.04020e-002
 4.364000000000e-004,-4.02010e-002
 4.364400000000e-004, 0.00000e+000
 4.364800000000e-004, 0.00000e+000
 4.365200000000e-004,-4.02010e-002
 4.365600000000e-004, 0.00000e+000
 4.366000000000e-004,-4.02010e-002
 4.366400000000e-004,-8.04020e-002
 4.366800000000e-004,-8.04020e-002
 4.367200000000e-004,-8.04020e-002
 4.367600000000e-004,-4.02010e-002
 4.368000000000e-004,-8.04020e-002
 4.368400000000e-004,-4.02010e-002
 4.368800000000e-004,-4.02010e-002
 4.369200000000e-004,-4.02010e-002
 4.369600000000e-004,-4.02010e-002
 4.370000000000e-004,-4.02010e-002
 4.370400000000e-004,-8.04020e-002
 4.370800000000e-004,-4.02010e-002
 4.371200000000e-004,-4.02010e-002
 4.371600000000e-004,-4.02010e-002
 4.372000000000e-004,-4.02010e-002
 4.372400000000e-004,-4.02010e-002
 4.372800000000e-004,-4.02010e-002
 4.373200000000e-004,-4.02010e-002
 4.373600000000e-004,-4.02010e-002
 4.374000000000e-004,-4.02010e-002
 4.374400000000e-004,-4.02010e-002
 4.374800000000e-004,-4.02010e-002
 4.375200000000e-004,-8.04020e-002
 4.375600000000e-004,-8.04020e-002
 4.376000000000e-004,-4.02010e-002
 4.376400000000e-004,-4.02010e-002
 4.376800000000e-004, 0.00000e+000
 4.377200000000e-004, 0.00000e+000
 4.377600000000e-004, 0.00000e+000
 4.378000000000e-004, 0.00000e+000
 4.378400000000e-004,-4.02010e-002
 4.378800000000e-004,-8.04020e-002
 4.379200000000e-004,-8.04020e-002
 4.379600000000e-004,-1.20603e-001
 4.380000000000e-004,-8.04020e-002
 4.380400000000e-004,-8.04020e-002
 4.380800000000e-004,-4.02010e-002
 4.381200000000e-004,-4.02010e-002
 4.381600000000e-004, 0.00000e+000
 4.382000000000e-004, 0.00000e+000
 4.382400000000e-004, 0.00000e+000
 4.382800000000e-004,-4.02010e-002
 4.383200000000e-004,-8.04020e-002
 4.383600000000e-004,-8.04020e-002
 4.384000000000e-004,-8.04020e-002
 4.384400000000e-004,-4.02010e-002
 4.384800000000e-004,-4.02010e-002
 4.385200000000e-004,-4.02010e-002
 4.385600000000e-004,-4.02010e-002
 4.386000000000e-004,-4.02010e-002
 4.386400000000e-004,-4.02010e-002
 4.386800000000e-004,-4.02010e-002
 4.387200000000e-004,-4.02010e-002
 4.387600000000e-004,-8.04020e-002
 4.388000000000e-004,-8.04020e-002
 4.388400000000e-004,-8.04020e-002
 4.388800000000e-004,-8.04020e-002
 4.389200000000e-004,-4.02010e-002
 4.389600000000e-004,-4.02010e-002
 4.390000000000e-004, 0.00000e+000
 4.390400000000e-004, 0.00000e+000
 4.390800000000e-004, 0.00000e+000
 4.391200000000e-004,-4.02010e-002
 4.391600000000e-004,-8.04020e-002
 4.392000000000e-004,-8.04020e-002
 4.392400000000e-004,-1.20603e-001
 4.392800000000e-004,-8.04020e-002
 4.393200000000e-004,-8.04020e-002
 4.393600000000e-004,-4.02010e-002
 4.394000000000e-004, 0.00000e+000
 4.394400000000e-004, 0.00000e+000
 4.394800000000e-004, 4.02010e-002
 4.395200000000e-004, 0.00000e+000
 4.395600000000e-004,-4.02010e-002
 4.396000000000e-004,-4.02010e-002
 4.396400000000e-004,-8.04020e-002
 4.396800000000e-004,-8.04020e-002
 4.397200000000e-004,-8.04020e-002
 4.397600000000e-004,-4.02010e-002
 4.398000000000e-004,-4.02010e-002
 4.398400000000e-004,-4.02010e-002
 4.398800000000e-004,-4.02010e-002
 4.399200000000e-004,-4.02010e-002
 4.399600000000e-004,-4.02010e-002
 4.400000000000e-004,-8.04020e-002
 4.400400000000e-004,-8.04020e-002
 4.400800000000e-004,-4.02010e-002
 4.401200000000e-004,-4.02010e-002
 4.401600000000e-004,-4.02010e-002
 4.402000000000e-004,-4.02010e-002
 4.402400000000e-004,-4.02010e-002
 4.402800000000e-004,-4.02010e-002
 4.403200000000e-004,-4.02010e-002
 4.403600000000e-004,-4.02010e-002
 4.404000000000e-004,-4.02010e-002
 4.404400000000e-004,-8.04020e-002
 4.404800000000e-004,-8.04020e-002
 4.405200000000e-004,-4.02010e-002
 4.405600000000e-004,-4.02010e-002
 4.406000000000e-004,-4.02010e-002
 4.406400000000e-004, 0.00000e+000
 4.406800000000e-004, 0.00000e+000
 4.407200000000e-004,-4.02010e-002
 4.407600000000e-004,-4.02010e-002
 4.408000000000e-004,-4.02010e-002
 4.408400000000e-004,-8.04020e-002
 4.408800000000e-004,-8.04020e-002
 4.409200000000e-004,-8.04020e-002
 4.409600000000e-004,-4.02010e-002
 4.410000000000e-004,-4.02010e-002
 4.410400000000e-004, 0.00000e+000
 4.410800000000e-004,-4.02010e-002
 4.411200000000e-004,-4.02010e-002
 4.411600000000e-004,-4.02010e-002
 4.412000000000e-004,-4.02010e-002
 4.412400000000e-004,-4.02010e-002
 4.412800000000e-004,-4.02010e-002
 4.413200000000e-004,-4.02010e-002
 4.413600000000e-004,-4.02010e-002
 4.414000000000e-004,-4.02010e-002
 4.414400000000e-004,-4.02010e-002
 4.414800000000e-004,-8.04020e-002
 4.415200000000e-004,-8.04020e-002
 4.415600000000e-004,-4.02010e-002
 4.416000000000e-004,-4.02010e-002
 4.416400000000e-004,-4.02010e-002
 4.416800000000e-004,-4.02010e-002
 4.417200000000e-004,-4.02010e-002
 4.417600000000e-004,-8.04020e-002
 4.418000000000e-004,-4.02010e-002
 4.418400000000e-004,-8.04020e-002
 4.418800000000e-004,-4.02010e-002
 4.419200000000e-004,-4.02010e-002
 4.419600000000e-004,-4.02010e-002
 4.420000000000e-004,-4.02010e-002
 4.420400000000e-004,-4.02010e-002
 4.420800000000e-004,-4.02010e-002
 4.421200000000e-004,-4.02010e-002
 4.421600000000e-004,-4.02010e-002
 4.422000000000e-004,-8.04020e-002
 4.422400000000e-004,-8.04020e-002
 4.422800000000e-004,-8.04020e-002
 4.423200000000e-004,-4.02010e-002
 4.423600000000e-004,-4.02010e-002
 4.424000000000e-004,-4.02010e-002
 4.424400000000e-004, 0.00000e+000
 4.424800000000e-004,-4.02010e-002
 4.425200000000e-004,-4.02010e-002
 4.425600000000e-004,-8.04020e-002
 4.426000000000e-004,-4.02010e-002
 4.426400000000e-004,-4.02010e-002
 4.426800000000e-004, 0.00000e+000
 4.427200000000e-004, 0.00000e+000
 4.427600000000e-004,-4.02010e-002
 4.428000000000e-004,-4.02010e-002
 4.428400000000e-004,-4.02010e-002
 4.428800000000e-004,-4.02010e-002
 4.429200000000e-004,-8.04020e-002
 4.429600000000e-004,-8.04020e-002
 4.430000000000e-004,-4.02010e-002
 4.430400000000e-004,-4.02010e-002
 4.430800000000e-004,-4.02010e-002
 4.431200000000e-004,-4.02010e-002
 4.431600000000e-004,-4.02010e-002
 4.432000000000e-004,-4.02010e-002
 4.432400000000e-004,-4.02010e-002
 4.432800000000e-004,-4.02010e-002
 4.433200000000e-004,-4.02010e-002
 4.433600000000e-004,-4.02010e-002
 4.434000000000e-004,-4.02010e-002
 4.434400000000e-004,-4.02010e-002
 4.434800000000e-004,-4.02010e-002
 4.435200000000e-004,-4.02010e-002
 4.435600000000e-004,-4.02010e-002
 4.436000000000e-004,-4.02010e-002
 4.436400000000e-004,-4.02010e-002
 4.436800000000e-004,-4.02010e-002
 4.437200000000e-004,-8.04020e-002
 4.437600000000e-004,-4.02010e-002
 4.438000000000e-004,-8.04020e-002
 4.438400000000e-004,-4.02010e-002
 4.438800000000e-004,-8.04020e-002
 4.439200000000e-004,-4.02010e-002
 4.439600000000e-004, 0.00000e+000
 4.440000000000e-004, 0.00000e+000
 4.440400000000e-004, 0.00000e+000
 4.440800000000e-004, 0.00000e+000
 4.441200000000e-004,-4.02010e-002
 4.441600000000e-004,-4.02010e-002
 4.442000000000e-004,-8.04020e-002
 4.442400000000e-004,-8.04020e-002
 4.442800000000e-004,-8.04020e-002
 4.443200000000e-004,-4.02010e-002
 4.443600000000e-004,-4.02010e-002
 4.444000000000e-004, 0.00000e+000
 4.444400000000e-004, 0.00000e+000
 4.444800000000e-004,-4.02010e-002
 4.445200000000e-004,-4.02010e-002
 4.445600000000e-004,-8.04020e-002
 4.446000000000e-004,-4.02010e-002
 4.446400000000e-004,-4.02010e-002
 4.446800000000e-004,-4.02010e-002
 4.447200000000e-004,-4.02010e-002
 4.447600000000e-004,-4.02010e-002
 4.448000000000e-004,-4.02010e-002
 4.448400000000e-004, 0.00000e+000
 4.448800000000e-004,-4.02010e-002
 4.449200000000e-004, 0.00000e+000
 4.449600000000e-004,-4.02010e-002
 4.450000000000e-004,-4.02010e-002
 4.450400000000e-004,-1.20603e-001
 4.450800000000e-004,-8.04020e-002
 4.451200000000e-004,-1.20603e-001
 4.451600000000e-004,-8.04020e-002
 4.452000000000e-004,-4.02010e-002
 4.452400000000e-004, 0.00000e+000
 4.452800000000e-004, 4.02010e-002
 4.453200000000e-004, 4.02010e-002
 4.453600000000e-004, 0.00000e+000
 4.454000000000e-004, 0.00000e+000
 4.454400000000e-004,-8.04020e-002
 4.454800000000e-004,-8.04020e-002
 4.455200000000e-004,-1.20603e-001
 4.455600000000e-004,-8.04020e-002
 4.456000000000e-004,-4.02010e-002
 4.456400000000e-004, 0.00000e+000
 4.456800000000e-004, 0.00000e+000
 4.457200000000e-004,-4.02010e-002
 4.457600000000e-004,-4.02010e-002
 4.458000000000e-004,-4.02010e-002
 4.458400000000e-004,-8.04020e-002
 4.458800000000e-004,-8.04020e-002
 4.459200000000e-004,-8.04020e-002
 4.459600000000e-004,-4.02010e-002
 4.460000000000e-004,-4.02010e-002
 4.460400000000e-004,-4.02010e-002
 4.460800000000e-004,-4.02010e-002
 4.461200000000e-004, 0.00000e+000
 4.461600000000e-004,-4.02010e-002
 4.462000000000e-004,-4.02010e-002
 4.462400000000e-004,-4.02010e-002
 4.462800000000e-004,-8.04020e-002
 4.463200000000e-004,-8.04020e-002
 4.463600000000e-004,-8.04020e-002
 4.464000000000e-004,-8.04020e-002
 4.464400000000e-004,-4.02010e-002
 4.464800000000e-004, 0.00000e+000
 4.465200000000e-004, 0.00000e+000
 4.465600000000e-004, 0.00000e+000
 4.466000000000e-004, 0.00000e+000
 4.466400000000e-004,-4.02010e-002
 4.466800000000e-004,-8.04020e-002
 4.467200000000e-004,-8.04020e-002
 4.467600000000e-004,-8.04020e-002
 4.468000000000e-004,-8.04020e-002
 4.468400000000e-004,-4.02010e-002
 4.468800000000e-004,-4.02010e-002
 4.469200000000e-004,-4.02010e-002
 4.469600000000e-004,-4.02010e-002
 4.470000000000e-004, 0.00000e+000
 4.470400000000e-004,-4.02010e-002
 4.470800000000e-004,-4.02010e-002
 4.471200000000e-004,-4.02010e-002
 4.471600000000e-004,-8.04020e-002
 4.472000000000e-004,-4.02010e-002
 4.472400000000e-004,-4.02010e-002
 4.472800000000e-004,-4.02010e-002
 4.473200000000e-004,-4.02010e-002
 4.473600000000e-004,-4.02010e-002
 4.474000000000e-004,-4.02010e-002
 4.474400000000e-004, 0.00000e+000
 4.474800000000e-004, 0.00000e+000
 4.475200000000e-004,-4.02010e-002
 4.475600000000e-004,-4.02010e-002
 4.476000000000e-004,-4.02010e-002
 4.476400000000e-004,-4.02010e-002
 4.476800000000e-004,-8.04020e-002
 4.477200000000e-004,-8.04020e-002
 4.477600000000e-004,-4.02010e-002
 4.478000000000e-004,-4.02010e-002
 4.478400000000e-004,-4.02010e-002
 4.478800000000e-004, 0.00000e+000
 4.479200000000e-004,-4.02010e-002
 4.479600000000e-004,-4.02010e-002
 4.480000000000e-004,-8.04020e-002
 4.480400000000e-004,-8.04020e-002
 4.480800000000e-004,-8.04020e-002
 4.481200000000e-004,-8.04020e-002
 4.481600000000e-004,-4.02010e-002
 4.482000000000e-004,-4.02010e-002
 4.482400000000e-004, 0.00000e+000
 4.482800000000e-004, 0.00000e+000
 4.483200000000e-004,-4.02010e-002
 4.483600000000e-004,-8.04020e-002
 4.484000000000e-004,-8.04020e-002
 4.484400000000e-004,-8.04020e-002
 4.484800000000e-004,-4.02010e-002
 4.485200000000e-004,-4.02010e-002
 4.485600000000e-004, 0.00000e+000
 4.486000000000e-004, 0.00000e+000
 4.486400000000e-004,-4.02010e-002
 4.486800000000e-004, 0.00000e+000
 4.487200000000e-004,-4.02010e-002
 4.487600000000e-004,-4.02010e-002
 4.488000000000e-004,-8.04020e-002
 4.488400000000e-004,-8.04020e-002
 4.488800000000e-004,-8.04020e-002
 4.489200000000e-004,-8.04020e-002
 4.489600000000e-004,-8.04020e-002
 4.490000000000e-004,-4.02010e-002
 4.490400000000e-004,-4.02010e-002
 4.490800000000e-004, 0.00000e+000
 4.491200000000e-004, 0.00000e+000
 4.491600000000e-004,-4.02010e-002
 4.492000000000e-004,-4.02010e-002
 4.492400000000e-004,-4.02010e-002
 4.492800000000e-004,-4.02010e-002
 4.493200000000e-004,-8.04020e-002
 4.493600000000e-004,-8.04020e-002
 4.494000000000e-004,-8.04020e-002
 4.494400000000e-004,-4.02010e-002
 4.494800000000e-004,-4.02010e-002
 4.495200000000e-004,-4.02010e-002
 4.495600000000e-004, 0.00000e+000
 4.496000000000e-004, 0.00000e+000
 4.496400000000e-004,-4.02010e-002
 4.496800000000e-004,-4.02010e-002
 4.497200000000e-004,-4.02010e-002
 4.497600000000e-004,-4.02010e-002
 4.498000000000e-004,-4.02010e-002
 4.498400000000e-004,-8.04020e-002
 4.498800000000e-004,-4.02010e-002
 4.499200000000e-004,-4.02010e-002
 4.499600000000e-004,-4.02010e-002
 4.500000000000e-004,-8.04020e-002
 4.500400000000e-004,-8.04020e-002
 4.500800000000e-004,-8.04020e-002
 4.501200000000e-004,-8.04020e-002
 4.501600000000e-004,-4.02010e-002
 4.502000000000e-004,-4.02010e-002
 4.502400000000e-004, 0.00000e+000
 4.502800000000e-004, 0.00000e+000
 4.503200000000e-004, 0.00000e+000
 4.503600000000e-004, 0.00000e+000
 4.504000000000e-004,-4.02010e-002
 4.504400000000e-004,-8.04020e-002
 4.504800000000e-004,-8.04020e-002
 4.505200000000e-004,-8.04020e-002
 4.505600000000e-004,-8.04020e-002
 4.506000000000e-004,-4.02010e-002
 4.506400000000e-004,-4.02010e-002
 4.506800000000e-004,-4.02010e-002
 4.507200000000e-004,-4.02010e-002
 4.507600000000e-004,-4.02010e-002
 4.508000000000e-004,-4.02010e-002
 4.508400000000e-004,-4.02010e-002
 4.508800000000e-004,-8.04020e-002
 4.509200000000e-004,-4.02010e-002
 4.509600000000e-004,-4.02010e-002
 4.510000000000e-004,-4.02010e-002
 4.510400000000e-004,-4.02010e-002
 4.510800000000e-004,-4.02010e-002
 4.511200000000e-004,-4.02010e-002
 4.511600000000e-004,-4.02010e-002
 4.512000000000e-004,-8.04020e-002
 4.512400000000e-004,-8.04020e-002
 4.512800000000e-004,-8.04020e-002
 4.513200000000e-004,-1.20603e-001
 4.513600000000e-004,-4.02010e-002
 4.514000000000e-004,-4.02010e-002
 4.514400000000e-004, 0.00000e+000
 4.514800000000e-004, 0.00000e+000
 4.515200000000e-004, 0.00000e+000
 4.515600000000e-004,-4.02010e-002
 4.516000000000e-004,-4.02010e-002
 4.516400000000e-004,-8.04020e-002
 4.516800000000e-004,-8.04020e-002
 4.517200000000e-004,-8.04020e-002
 4.517600000000e-004,-4.02010e-002
 4.518000000000e-004,-4.02010e-002
 4.518400000000e-004,-4.02010e-002
 4.518800000000e-004,-4.02010e-002
 4.519200000000e-004,-4.02010e-002
 4.519600000000e-004,-4.02010e-002
 4.520000000000e-004,-4.02010e-002
 4.520400000000e-004,-4.02010e-002
 4.520800000000e-004,-4.02010e-002
 4.521200000000e-004,-4.02010e-002
 4.521600000000e-004,-4.02010e-002
 4.522000000000e-004,-4.02010e-002
 4.522400000000e-004,-4.02010e-002
 4.522800000000e-004,-4.02010e-002
 4.523200000000e-004,-4.02010e-002
 4.523600000000e-004,-4.02010e-002
 4.524000000000e-004,-4.02010e-002
 4.524400000000e-004,-4.02010e-002
 4.524800000000e-004,-4.02010e-002
 4.525200000000e-004,-8.04020e-002
 4.525600000000e-004,-8.04020e-002
 4.526000000000e-004,-4.02010e-002
 4.526400000000e-004,-4.02010e-002
 4.526800000000e-004,-4.02010e-002
 4.527200000000e-004,-4.02010e-002
 4.527600000000e-004, 0.00000e+000
 4.528000000000e-004, 0.00000e+000
 4.528400000000e-004,-4.02010e-002
 4.528800000000e-004,-4.02010e-002
 4.529200000000e-004,-8.04020e-002
 4.529600000000e-004,-8.04020e-002
 4.530000000000e-004,-8.04020e-002
 4.530400000000e-004,-8.04020e-002
 4.530800000000e-004,-4.02010e-002
 4.531200000000e-004,-4.02010e-002
 4.531600000000e-004,-4.02010e-002
 4.532000000000e-004,-4.02010e-002
 4.532400000000e-004, 0.00000e+000
 4.532800000000e-004,-4.02010e-002
 4.533200000000e-004, 0.00000e+000
 4.533600000000e-004, 0.00000e+000
 4.534000000000e-004,-4.02010e-002
 4.534400000000e-004,-4.02010e-002
 4.534800000000e-004,-8.04020e-002
 4.535200000000e-004,-4.02010e-002
 4.535600000000e-004,-4.02010e-002
 4.536000000000e-004,-4.02010e-002
 4.536400000000e-004, 0.00000e+000
 4.536800000000e-004,-4.02010e-002
 4.537200000000e-004,-4.02010e-002
 4.537600000000e-004,-4.02010e-002
 4.538000000000e-004,-8.04020e-002
 4.538400000000e-004,-8.04020e-002
 4.538800000000e-004,-8.04020e-002
 4.539200000000e-004,-8.04020e-002
 4.539600000000e-004,-4.02010e-002
 4.540000000000e-004,-4.02010e-002
 4.540400000000e-004, 0.00000e+000
 4.540800000000e-004, 0.00000e+000
 4.541200000000e-004, 0.00000e+000
 4.541600000000e-004,-4.02010e-002
 4.542000000000e-004,-4.02010e-002
 4.542400000000e-004,-8.04020e-002
 4.542800000000e-004,-4.02010e-002
 4.543200000000e-004,-8.04020e-002
 4.543600000000e-004,-4.02010e-002
 4.544000000000e-004,-4.02010e-002
 4.544400000000e-004, 0.00000e+000
 4.544800000000e-004,-4.02010e-002
 4.545200000000e-004, 0.00000e+000
 4.545600000000e-004,-4.02010e-002
 4.546000000000e-004,-4.02010e-002
 4.546400000000e-004,-8.04020e-002
 4.546800000000e-004,-8.04020e-002
 4.547200000000e-004,-8.04020e-002
 4.547600000000e-004,-4.02010e-002
 4.548000000000e-004,-4.02010e-002
 4.548400000000e-004,-4.02010e-002
 4.548800000000e-004,-4.02010e-002
 4.549200000000e-004,-4.02010e-002
 4.549600000000e-004,-4.02010e-002
 4.550000000000e-004,-4.02010e-002
 4.550400000000e-004,-4.02010e-002
 4.550800000000e-004,-8.04020e-002
 4.551200000000e-004,-8.04020e-002
 4.551600000000e-004,-8.04020e-002
 4.552000000000e-004,-8.04020e-002
 4.552400000000e-004,-8.04020e-002
 4.552800000000e-004,-4.02010e-002
 4.553200000000e-004,-4.02010e-002
 4.553600000000e-004, 0.00000e+000
 4.554000000000e-004, 0.00000e+000
 4.554400000000e-004, 0.00000e+000
 4.554800000000e-004,-4.02010e-002
 4.555200000000e-004,-4.02010e-002
 4.555600000000e-004,-8.04020e-002
 4.556000000000e-004,-8.04020e-002
 4.556400000000e-004,-8.04020e-002
 4.556800000000e-004,-8.04020e-002
 4.557200000000e-004,-4.02010e-002
 4.557600000000e-004, 0.00000e+000
 4.558000000000e-004,-4.02010e-002
 4.558400000000e-004,-4.02010e-002
 4.558800000000e-004,-8.04020e-002
 4.559200000000e-004,-8.04020e-002
 4.559600000000e-004,-8.04020e-002
 4.560000000000e-004,-4.02010e-002
 4.560400000000e-004,-4.02010e-002
 4.560800000000e-004, 0.00000e+000
 4.561200000000e-004, 0.00000e+000
 4.561600000000e-004, 0.00000e+000
 4.562000000000e-004,-4.02010e-002
 4.562400000000e-004,-8.04020e-002
 4.562800000000e-004,-4.02010e-002
 4.563200000000e-004,-4.02010e-002
 4.563600000000e-004,-8.04020e-002
 4.564000000000e-004,-4.02010e-002
 4.564400000000e-004,-4.02010e-002
 4.564800000000e-004,-4.02010e-002
 4.565200000000e-004,-4.02010e-002
 4.565600000000e-004,-4.02010e-002
 4.566000000000e-004,-4.02010e-002
 4.566400000000e-004,-4.02010e-002
 4.566800000000e-004,-4.02010e-002
 4.567200000000e-004,-4.02010e-002
 4.567600000000e-004,-4.02010e-002
 4.568000000000e-004,-4.02010e-002
 4.568400000000e-004,-4.02010e-002
 4.568800000000e-004,-8.04020e-002
 4.569200000000e-004,-4.02010e-002
 4.569600000000e-004,-4.02010e-002
 4.570000000000e-004,-1.20603e-001
 4.570400000000e-004,-8.04020e-002
 4.570800000000e-004,-4.02010e-002
 4.571200000000e-004,-4.02010e-002
 4.571600000000e-004,-4.02010e-002
 4.572000000000e-004, 0.00000e+000
 4.572400000000e-004, 0.00000e+000
 4.572800000000e-004, 0.00000e+000
 4.573200000000e-004,-4.02010e-002
 4.573600000000e-004,-4.02010e-002
 4.574000000000e-004,-4.02010e-002
 4.574400000000e-004,-4.02010e-002
 4.574800000000e-004,-4.02010e-002
 4.575200000000e-004,-8.04020e-002
 4.575600000000e-004,-4.02010e-002
 4.576000000000e-004,-4.02010e-002
 4.576400000000e-004,-4.02010e-002
 4.576800000000e-004,-4.02010e-002
 4.577200000000e-004,-4.02010e-002
 4.577600000000e-004,-4.02010e-002
 4.578000000000e-004,-8.04020e-002
 4.578400000000e-004,-4.02010e-002
 4.578800000000e-004,-8.04020e-002
 4.579200000000e-004,-4.02010e-002
 4.579600000000e-004,-4.02010e-002
 4.580000000000e-004,-4.02010e-002
 4.580400000000e-004,-4.02010e-002
 4.580800000000e-004,-4.02010e-002
 4.581200000000e-004,-4.02010e-002
 4.581600000000e-004, 0.00000e+000
 4.582000000000e-004, 0.00000e+000
 4.582400000000e-004,-4.02010e-002
 4.582800000000e-004,-8.04020e-002
 4.583200000000e-004,-8.04020e-002
 4.583600000000e-004,-8.04020e-002
 4.584000000000e-004,-8.04020e-002
 4.584400000000e-004,-4.02010e-002
 4.584800000000e-004,-4.02010e-002
 4.585200000000e-004, 0.00000e+000
 4.585600000000e-004, 4.02010e-002
 4.586000000000e-004, 0.00000e+000
 4.586400000000e-004, 0.00000e+000
 4.586800000000e-004,-4.02010e-002
 4.587200000000e-004,-8.04020e-002
 4.587600000000e-004,-8.04020e-002
 4.588000000000e-004,-1.20603e-001
 4.588400000000e-004,-8.04020e-002
 4.588800000000e-004,-8.04020e-002
 4.589200000000e-004,-4.02010e-002
 4.589600000000e-004,-4.02010e-002
 4.590000000000e-004,-4.02010e-002
 4.590400000000e-004,-4.02010e-002
 4.590800000000e-004,-4.02010e-002
 4.591200000000e-004, 0.00000e+000
 4.591600000000e-004,-4.02010e-002
 4.592000000000e-004, 0.00000e+000
 4.592400000000e-004,-4.02010e-002
 4.592800000000e-004,-4.02010e-002
 4.593200000000e-004,-4.02010e-002
 4.593600000000e-004,-4.02010e-002
 4.594000000000e-004,-4.02010e-002
 4.594400000000e-004,-4.02010e-002
 4.594800000000e-004,-4.02010e-002
 4.595200000000e-004,-4.02010e-002
 4.595600000000e-004,-4.02010e-002
 4.596000000000e-004,-8.04020e-002
 4.596400000000e-004,-8.04020e-002
 4.596800000000e-004,-8.04020e-002
 4.597200000000e-004,-4.02010e-002
 4.597600000000e-004,-4.02010e-002
 4.598000000000e-004, 0.00000e+000
 4.598400000000e-004, 0.00000e+000
 4.598800000000e-004, 0.00000e+000
 4.599200000000e-004,-4.02010e-002
 4.599600000000e-004,-4.02010e-002
 4.600000000000e-004,-8.04020e-002
 4.600400000000e-004,-8.04020e-002
 4.600800000000e-004,-8.04020e-002
 4.601200000000e-004,-4.02010e-002
 4.601600000000e-004,-4.02010e-002
 4.602000000000e-004, 0.00000e+000
 4.602400000000e-004, 0.00000e+000
 4.602800000000e-004, 0.00000e+000
 4.603200000000e-004, 0.00000e+000
 4.603600000000e-004, 0.00000e+000
 4.604000000000e-004,-4.02010e-002
 4.604400000000e-004,-4.02010e-002
 4.604800000000e-004,-8.04020e-002
 4.605200000000e-004,-8.04020e-002
 4.605600000000e-004,-4.02010e-002
 4.606000000000e-004,-8.04020e-002
 4.606400000000e-004,-4.02010e-002
 4.606800000000e-004,-4.02010e-002
 4.607200000000e-004,-4.02010e-002
 4.607600000000e-004,-4.02010e-002
 4.608000000000e-004,-4.02010e-002
 4.608400000000e-004,-4.02010e-002
 4.608800000000e-004,-4.02010e-002
 4.609200000000e-004,-8.04020e-002
 4.609600000000e-004,-8.04020e-002
 4.610000000000e-004,-8.04020e-002
 4.610400000000e-004,-8.04020e-002
 4.610800000000e-004,-4.02010e-002
 4.611200000000e-004,-4.02010e-002
 4.611600000000e-004, 0.00000e+000
 4.612000000000e-004, 0.00000e+000
 4.612400000000e-004, 0.00000e+000
 4.612800000000e-004,-4.02010e-002
 4.613200000000e-004,-8.04020e-002
 4.613600000000e-004,-1.20603e-001
 4.614000000000e-004,-8.04020e-002
 4.614400000000e-004,-8.04020e-002
 4.614800000000e-004,-4.02010e-002
 4.615200000000e-004,-4.02010e-002
 4.615600000000e-004, 0.00000e+000
 4.616000000000e-004,-4.02010e-002
 4.616400000000e-004,-4.02010e-002
 4.616800000000e-004,-4.02010e-002
 4.617200000000e-004,-8.04020e-002
 4.617600000000e-004,-8.04020e-002
 4.618000000000e-004,-8.04020e-002
 4.618400000000e-004,-8.04020e-002
 4.618800000000e-004,-4.02010e-002
 4.619200000000e-004,-4.02010e-002
 4.619600000000e-004,-4.02010e-002
 4.620000000000e-004,-4.02010e-002
 4.620400000000e-004,-4.02010e-002
 4.620800000000e-004,-4.02010e-002
 4.621200000000e-004,-4.02010e-002
 4.621600000000e-004,-4.02010e-002
 4.622000000000e-004,-8.04020e-002
 4.622400000000e-004,-8.04020e-002
 4.622800000000e-004,-4.02010e-002
 4.623200000000e-004,-4.02010e-002
 4.623600000000e-004,-4.02010e-002
 4.624000000000e-004,-4.02010e-002
 4.624400000000e-004, 0.00000e+000
 4.624800000000e-004,-4.02010e-002
 4.625200000000e-004,-4.02010e-002
 4.625600000000e-004,-4.02010e-002
 4.626000000000e-004,-8.04020e-002
 4.626400000000e-004,-4.02010e-002
 4.626800000000e-004,-4.02010e-002
 4.627200000000e-004,-8.04020e-002
 4.627600000000e-004,-8.04020e-002
 4.628000000000e-004,-8.04020e-002
 4.628400000000e-004,-4.02010e-002
 4.628800000000e-004,-4.02010e-002
 4.629200000000e-004,-4.02010e-002
 4.629600000000e-004,-4.02010e-002
 4.630000000000e-004,-4.02010e-002
 4.630400000000e-004,-4.02010e-002
 4.630800000000e-004,-4.02010e-002
 4.631200000000e-004,-4.02010e-002
 4.631600000000e-004,-4.02010e-002
 4.632000000000e-004,-4.02010e-002
 4.632400000000e-004,-4.02010e-002
 4.632800000000e-004,-4.02010e-002
 4.633200000000e-004,-4.02010e-002
 4.633600000000e-004,-4.02010e-002
 4.634000000000e-004,-4.02010e-002
 4.634400000000e-004,-4.02010e-002
 4.634800000000e-004,-4.02010e-002
 4.635200000000e-004,-8.04020e-002
 4.635600000000e-004,-4.02010e-002
 4.636000000000e-004,-4.02010e-002
 4.636400000000e-004,-4.02010e-002
 4.636800000000e-004,-4.02010e-002
 4.637200000000e-004,-4.02010e-002
 4.637600000000e-004,-4.02010e-002
 4.638000000000e-004,-4.02010e-002
 4.638400000000e-004,-4.02010e-002
 4.638800000000e-004,-4.02010e-002
 4.639200000000e-004,-4.02010e-002
 4.639600000000e-004,-4.02010e-002
 4.640000000000e-004,-4.02010e-002
 4.640400000000e-004,-8.04020e-002
 4.640800000000e-004,-4.02010e-002
 4.641200000000e-004,-8.04020e-002
 4.641600000000e-004,-8.04020e-002
 4.642000000000e-004,-4.02010e-002
 4.642400000000e-004,-4.02010e-002
 4.642800000000e-004, 0.00000e+000
 4.643200000000e-004, 0.00000e+000
 4.643600000000e-004, 0.00000e+000
 4.644000000000e-004,-4.02010e-002
 4.644400000000e-004,-4.02010e-002
 4.644800000000e-004,-4.02010e-002
 4.645200000000e-004,-8.04020e-002
 4.645600000000e-004,-8.04020e-002
 4.646000000000e-004,-8.04020e-002
 4.646400000000e-004,-8.04020e-002
 4.646800000000e-004,-4.02010e-002
 4.647200000000e-004,-4.02010e-002
 4.647600000000e-004,-4.02010e-002
 4.648000000000e-004,-8.04020e-002
 4.648400000000e-004,-4.02010e-002
 4.648800000000e-004,-4.02010e-002
 4.649200000000e-004,-4.02010e-002
 4.649600000000e-004,-4.02010e-002
 4.650000000000e-004,-4.02010e-002
 4.650400000000e-004,-4.02010e-002
 4.650800000000e-004,-4.02010e-002
 4.651200000000e-004,-4.02010e-002
 4.651600000000e-004,-4.02010e-002
 4.652000000000e-004,-4.02010e-002
 4.652400000000e-004,-4.02010e-002
 4.652800000000e-004,-8.04020e-002
 4.653200000000e-004,-4.02010e-002
 4.653600000000e-004,-4.02010e-002
 4.654000000000e-004,-4.02010e-002
 4.654400000000e-004,-4.02010e-002
 4.654800000000e-004,-4.02010e-002
 4.655200000000e-004,-4.02010e-002
 4.655600000000e-004,-4.02010e-002
 4.656000000000e-004, 0.00000e+000
 4.656400000000e-004,-4.02010e-002
 4.656800000000e-004, 0.00000e+000
 4.657200000000e-004,-4.02010e-002
 4.657600000000e-004,-4.02010e-002
 4.658000000000e-004,-8.04020e-002
 4.658400000000e-004,-8.04020e-002
 4.658800000000e-004,-8.04020e-002
 4.659200000000e-004,-8.04020e-002
 4.659600000000e-004,-4.02010e-002
 4.660000000000e-004,-4.02010e-002
 4.660400000000e-004, 0.00000e+000
 4.660800000000e-004,-4.02010e-002
 4.661200000000e-004,-4.02010e-002
 4.661600000000e-004,-4.02010e-002
 4.662000000000e-004,-4.02010e-002
 4.662400000000e-004,-4.02010e-002
 4.662800000000e-004,-4.02010e-002
 4.663200000000e-004,-4.02010e-002
 4.663600000000e-004,-4.02010e-002
 4.664000000000e-004,-4.02010e-002
 4.664400000000e-004,-4.02010e-002
 4.664800000000e-004,-4.02010e-002
 4.665200000000e-004,-4.02010e-002
 4.665600000000e-004,-4.02010e-002
 4.666000000000e-004,-4.02010e-002
 4.666400000000e-004,-4.02010e-002
 4.666800000000e-004,-8.04020e-002
 4.667200000000e-004,-8.04020e-002
 4.667600000000e-004,-8.04020e-002
 4.668000000000e-004,-8.04020e-002
 4.668400000000e-004,-8.04020e-002
 4.668800000000e-004,-8.04020e-002
 4.669200000000e-004,-4.02010e-002
 4.669600000000e-004, 0.00000e+000
 4.670000000000e-004, 0.00000e+000
 4.670400000000e-004, 0.00000e+000
 4.670800000000e-004, 0.00000e+000
 4.671200000000e-004,-4.02010e-002
 4.671600000000e-004,-8.04020e-002
 4.672000000000e-004,-8.04020e-002
 4.672400000000e-004,-8.04020e-002
 4.672800000000e-004,-8.04020e-002
 4.673200000000e-004,-4.02010e-002
 4.673600000000e-004, 0.00000e+000
 4.674000000000e-004,-4.02010e-002
 4.674400000000e-004,-4.02010e-002
 4.674800000000e-004,-4.02010e-002
 4.675200000000e-004,-4.02010e-002
 4.675600000000e-004,-8.04020e-002
 4.676000000000e-004,-4.02010e-002
 4.676400000000e-004,-4.02010e-002
 4.676800000000e-004,-4.02010e-002
 4.677200000000e-004,-4.02010e-002
 4.677600000000e-004,-4.02010e-002
 4.678000000000e-004,-4.02010e-002
 4.678400000000e-004,-4.02010e-002
 4.678800000000e-004,-8.04020e-002
 4.679200000000e-004,-8.04020e-002
 4.679600000000e-004,-8.04020e-002
 4.680000000000e-004,-8.04020e-002
 4.680400000000e-004,-4.02010e-002
 4.680800000000e-004,-4.02010e-002
 4.681200000000e-004,-4.02010e-002
 4.681600000000e-004,-4.02010e-002
 4.682000000000e-004, 0.00000e+000
 4.682400000000e-004, 0.00000e+000
 4.682800000000e-004, 0.00000e+000
 4.683200000000e-004, 0.00000e+000
 4.683600000000e-004,-4.02010e-002
 4.684000000000e-004,-4.02010e-002
 4.684400000000e-004,-8.04020e-002
 4.684800000000e-004,-8.04020e-002
 4.685200000000e-004,-8.04020e-002
 4.685600000000e-004,-8.04020e-002
 4.686000000000e-004,-8.04020e-002
 4.686400000000e-004, 0.00000e+000
 4.686800000000e-004, 0.00000e+000
 4.687200000000e-004, 0.00000e+000
 4.687600000000e-004,-4.02010e-002
 4.688000000000e-004, 0.00000e+000
 4.688400000000e-004,-4.02010e-002
 4.688800000000e-004,-4.02010e-002
 4.689200000000e-004,-4.02010e-002
 4.689600000000e-004,-8.04020e-002
 4.690000000000e-004,-8.04020e-002
 4.690400000000e-004,-4.02010e-002
 4.690800000000e-004,-8.04020e-002
 4.691200000000e-004,-4.02010e-002
 4.691600000000e-004,-4.02010e-002
 4.692000000000e-004, 0.00000e+000
 4.692400000000e-004,-4.02010e-002
 4.692800000000e-004,-4.02010e-002
 4.693200000000e-004,-4.02010e-002
 4.693600000000e-004,-4.02010e-002
 4.694000000000e-004,-8.04020e-002
 4.694400000000e-004,-8.04020e-002
 4.694800000000e-004,-8.04020e-002
 4.695200000000e-004,-4.02010e-002
 4.695600000000e-004,-4.02010e-002
 4.696000000000e-004,-4.02010e-002
 4.696400000000e-004,-4.02010e-002
 4.696800000000e-004,-4.02010e-002
 4.697200000000e-004,-8.04020e-002
 4.697600000000e-004,-8.04020e-002
 4.698000000000e-004,-8.04020e-002
 4.698400000000e-004,-8.04020e-002
 4.698800000000e-004,-8.04020e-002
 4.699200000000e-004,-4.02010e-002
 4.699600000000e-004,-4.02010e-002
 4.700000000000e-004, 0.00000e+000
 4.700400000000e-004, 0.00000e+000
 4.700800000000e-004, 0.00000e+000
 4.701200000000e-004, 0.00000e+000
 4.701600000000e-004,-4.02010e-002
 4.702000000000e-004,-4.02010e-002
 4.702400000000e-004,-8.04020e-002
 4.702800000000e-004,-8.04020e-002
 4.703200000000e-004,-8.04020e-002
 4.703600000000e-004,-8.04020e-002
 4.704000000000e-004,-4.02010e-002
 4.704400000000e-004,-4.02010e-002
 4.704800000000e-004,-4.02010e-002
 4.705200000000e-004,-4.02010e-002
 4.705600000000e-004,-4.02010e-002
 4.706000000000e-004,-4.02010e-002
 4.706400000000e-004,-8.04020e-002
 4.706800000000e-004,-8.04020e-002
 4.707200000000e-004,-8.04020e-002
 4.707600000000e-004,-8.04020e-002
 4.708000000000e-004,-4.02010e-002
 4.708400000000e-004,-4.02010e-002
 4.708800000000e-004, 0.00000e+000
 4.709200000000e-004, 0.00000e+000
 4.709600000000e-004,-4.02010e-002
 4.710000000000e-004,-4.02010e-002
 4.710400000000e-004,-4.02010e-002
 4.710800000000e-004,-8.04020e-002
 4.711200000000e-004,-8.04020e-002
 4.711600000000e-004,-8.04020e-002
 4.712000000000e-004,-4.02010e-002
 4.712400000000e-004,-4.02010e-002
 4.712800000000e-004,-4.02010e-002
 4.713200000000e-004, 0.00000e+000
 4.713600000000e-004, 0.00000e+000
 4.714000000000e-004, 0.00000e+000
 4.714400000000e-004, 0.00000e+000
 4.714800000000e-004,-8.04020e-002
 4.715200000000e-004,-8.04020e-002
 4.715600000000e-004,-8.04020e-002
 4.716000000000e-004,-8.04020e-002
 4.716400000000e-004,-8.04020e-002
 4.716800000000e-004,-4.02010e-002
 4.717200000000e-004,-4.02010e-002
 4.717600000000e-004,-4.02010e-002
 4.718000000000e-004,-4.02010e-002
 4.718400000000e-004,-4.02010e-002
 4.718800000000e-004,-4.02010e-002
 4.719200000000e-004,-4.02010e-002
 4.719600000000e-004,-4.02010e-002
 4.720000000000e-004,-4.02010e-002
 4.720400000000e-004,-4.02010e-002
 4.720800000000e-004,-4.02010e-002
 4.721200000000e-004,-4.02010e-002
 4.721600000000e-004,-4.02010e-002
 4.722000000000e-004,-4.02010e-002
 4.722400000000e-004,-4.02010e-002
 4.722800000000e-004,-4.02010e-002
 4.723200000000e-004,-4.02010e-002
 4.723600000000e-004,-4.02010e-002
 4.724000000000e-004,-4.02010e-002
 4.724400000000e-004,-4.02010e-002
 4.724800000000e-004,-4.02010e-002
 4.725200000000e-004,-8.04020e-002
 4.725600000000e-004,-4.02010e-002
 4.726000000000e-004,-4.02010e-002
 4.726400000000e-004,-4.02010e-002
 4.726800000000e-004,-4.02010e-002
 4.727200000000e-004, 0.00000e+000
 4.727600000000e-004,-4.02010e-002
 4.728000000000e-004,-4.02010e-002
 4.728400000000e-004,-4.02010e-002
 4.728800000000e-004,-4.02010e-002
 4.729200000000e-004,-8.04020e-002
 4.729600000000e-004,-8.04020e-002
 4.730000000000e-004,-8.04020e-002
 4.730400000000e-004,-8.04020e-002
 4.730800000000e-004,-4.02010e-002
 4.731200000000e-004,-4.02010e-002
 4.731600000000e-004,-4.02010e-002
 4.732000000000e-004,-4.02010e-002
 4.732400000000e-004,-4.02010e-002
 4.732800000000e-004,-4.02010e-002
 4.733200000000e-004,-4.02010e-002
 4.733600000000e-004,-8.04020e-002
 4.734000000000e-004,-4.02010e-002
 4.734400000000e-004,-4.02010e-002
 4.734800000000e-004,-4.02010e-002
 4.735200000000e-004,-4.02010e-002
 4.735600000000e-004,-4.02010e-002
 4.736000000000e-004,-4.02010e-002
 4.736400000000e-004,-4.02010e-002
 4.736800000000e-004,-4.02010e-002
 4.737200000000e-004,-8.04020e-002
 4.737600000000e-004,-8.04020e-002
 4.738000000000e-004,-8.04020e-002
 4.738400000000e-004,-8.04020e-002
 4.738800000000e-004,-4.02010e-002
 4.739200000000e-004,-4.02010e-002
 4.739600000000e-004, 0.00000e+000
 4.740000000000e-004, 0.00000e+000
 4.740400000000e-004, 0.00000e+000
 4.740800000000e-004, 0.00000e+000
 4.741200000000e-004, 0.00000e+000
 4.741600000000e-004, 0.00000e+000
 4.742000000000e-004,-4.02010e-002
 4.742400000000e-004,-8.04020e-002
 4.742800000000e-004,-8.04020e-002
 4.743200000000e-004,-8.04020e-002
 4.743600000000e-004,-4.02010e-002
 4.744000000000e-004,-4.02010e-002
 4.744400000000e-004, 0.00000e+000
 4.744800000000e-004,-4.02010e-002
 4.745200000000e-004, 0.00000e+000
 4.745600000000e-004, 0.00000e+000
 4.746000000000e-004,-4.02010e-002
 4.746400000000e-004,-4.02010e-002
 4.746800000000e-004,-8.04020e-002
 4.747200000000e-004,-4.02010e-002
 4.747600000000e-004,-8.04020e-002
 4.748000000000e-004,-4.02010e-002
 4.748400000000e-004,-8.04020e-002
 4.748800000000e-004,-4.02010e-002
 4.749200000000e-004,-4.02010e-002
 4.749600000000e-004,-4.02010e-002
 4.750000000000e-004,-4.02010e-002
 4.750400000000e-004,-4.02010e-002
 4.750800000000e-004,-4.02010e-002
 4.751200000000e-004,-4.02010e-002
 4.751600000000e-004,-4.02010e-002
 4.752000000000e-004,-4.02010e-002
 4.752400000000e-004,-4.02010e-002
 4.752800000000e-004,-4.02010e-002
 4.753200000000e-004,-4.02010e-002
 4.753600000000e-004,-4.02010e-002
 4.754000000000e-004,-4.02010e-002
 4.754400000000e-004,-4.02010e-002
 4.754800000000e-004,-4.02010e-002
 4.755200000000e-004,-4.02010e-002
 4.755600000000e-004,-4.02010e-002
 4.756000000000e-004,-8.04020e-002
 4.756400000000e-004,-8.04020e-002
 4.756800000000e-004,-8.04020e-002
 4.757200000000e-004,-8.04020e-002
 4.757600000000e-004,-4.02010e-002
 4.758000000000e-004, 0.00000e+000
 4.758400000000e-004, 0.00000e+000
 4.758800000000e-004, 0.00000e+000
 4.759200000000e-004, 0.00000e+000
 4.759600000000e-004,-4.02010e-002
 4.760000000000e-004,-4.02010e-002
 4.760400000000e-004,-8.04020e-002
 4.760800000000e-004,-4.02010e-002
 4.761200000000e-004,-8.04020e-002
 4.761600000000e-004,-8.04020e-002
 4.762000000000e-004,-4.02010e-002
 4.762400000000e-004,-4.02010e-002
 4.762800000000e-004, 0.00000e+000
 4.763200000000e-004, 0.00000e+000
 4.763600000000e-004,-4.02010e-002
 4.764000000000e-004,-4.02010e-002
 4.764400000000e-004,-4.02010e-002
 4.764800000000e-004,-8.04020e-002
 4.765200000000e-004,-4.02010e-002
 4.765600000000e-004,-8.04020e-002
 4.766000000000e-004,-8.04020e-002
 4.766400000000e-004,-4.02010e-002
 4.766800000000e-004,-4.02010e-002
 4.767200000000e-004, 0.00000e+000
 4.767600000000e-004, 0.00000e+000
 4.768000000000e-004,-4.02010e-002
 4.768400000000e-004,-4.02010e-002
 4.768800000000e-004,-8.04020e-002
 4.769200000000e-004,-8.04020e-002
 4.769600000000e-004,-8.04020e-002
 4.770000000000e-004,-8.04020e-002
 4.770400000000e-004,-4.02010e-002
 4.770800000000e-004, 0.00000e+000
 4.771200000000e-004, 0.00000e+000
 4.771600000000e-004, 4.02010e-002
 4.772000000000e-004, 0.00000e+000
 4.772400000000e-004, 0.00000e+000
 4.772800000000e-004,-4.02010e-002
 4.773200000000e-004,-8.04020e-002
 4.773600000000e-004,-8.04020e-002
 4.774000000000e-004,-8.04020e-002
 4.774400000000e-004,-1.20603e-001
 4.774800000000e-004,-8.04020e-002
 4.775200000000e-004,-8.04020e-002
 4.775600000000e-004,-4.02010e-002
 4.776000000000e-004,-4.02010e-002
 4.776400000000e-004, 0.00000e+000
 4.776800000000e-004, 0.00000e+000
 4.777200000000e-004, 0.00000e+000
 4.777600000000e-004,-4.02010e-002
 4.778000000000e-004,-8.04020e-002
 4.778400000000e-004,-8.04020e-002
 4.778800000000e-004,-8.04020e-002
 4.779200000000e-004,-4.02010e-002
 4.779600000000e-004,-8.04020e-002
 4.780000000000e-004,-4.02010e-002
 4.780400000000e-004, 0.00000e+000
 4.780800000000e-004,-4.02010e-002
 4.781200000000e-004,-4.02010e-002
 4.781600000000e-004, 0.00000e+000
 4.782000000000e-004,-4.02010e-002
 4.782400000000e-004,-8.04020e-002
 4.782800000000e-004,-4.02010e-002
 4.783200000000e-004,-4.02010e-002
 4.783600000000e-004,-4.02010e-002
 4.784000000000e-004,-4.02010e-002
 4.784400000000e-004,-4.02010e-002
 4.784800000000e-004, 0.00000e+000
 4.785200000000e-004,-4.02010e-002
 4.785600000000e-004,-4.02010e-002
 4.786000000000e-004,-4.02010e-002
 4.786400000000e-004,-8.04020e-002
 4.786800000000e-004,-8.04020e-002
 4.787200000000e-004,-8.04020e-002
 4.787600000000e-004,-8.04020e-002
 4.788000000000e-004,-8.04020e-002
 4.788400000000e-004,-4.02010e-002
 4.788800000000e-004, 0.00000e+000
 4.789200000000e-004, 0.00000e+000
 4.789600000000e-004, 0.00000e+000
 4.790000000000e-004, 0.00000e+000
 4.790400000000e-004,-4.02010e-002
 4.790800000000e-004,-8.04020e-002
 4.791200000000e-004,-4.02010e-002
 4.791600000000e-004,-4.02010e-002
 4.792000000000e-004,-4.02010e-002
 4.792400000000e-004,-4.02010e-002
 4.792800000000e-004,-4.02010e-002
 4.793200000000e-004,-4.02010e-002
 4.793600000000e-004, 0.00000e+000
 4.794000000000e-004,-4.02010e-002
 4.794400000000e-004,-4.02010e-002
 4.794800000000e-004,-4.02010e-002
 4.795200000000e-004,-8.04020e-002
 4.795600000000e-004,-8.04020e-002
 4.796000000000e-004,-4.02010e-002
 4.796400000000e-004,-8.04020e-002
 4.796800000000e-004,-4.02010e-002
 4.797200000000e-004,-4.02010e-002
 4.797600000000e-004, 0.00000e+000
 4.798000000000e-004, 0.00000e+000
 4.798400000000e-004, 0.00000e+000
 4.798800000000e-004,-4.02010e-002
 4.799200000000e-004,-4.02010e-002
 4.799600000000e-004,-4.02010e-002
 4.800000000000e-004,-8.04020e-002
 4.800400000000e-004,-8.04020e-002
 4.800800000000e-004,-8.04020e-002
 4.801200000000e-004,-8.04020e-002
 4.801600000000e-004,-8.04020e-002
 4.802000000000e-004, 0.00000e+000
 4.802400000000e-004, 0.00000e+000
 4.802800000000e-004, 0.00000e+000
 4.803200000000e-004, 0.00000e+000
 4.803600000000e-004,-4.02010e-002
 4.804000000000e-004,-4.02010e-002
 4.804400000000e-004,-4.02010e-002
 4.804800000000e-004,-8.04020e-002
 4.805200000000e-004,-8.04020e-002
 4.805600000000e-004,-8.04020e-002
 4.806000000000e-004,-4.02010e-002
 4.806400000000e-004,-4.02010e-002
 4.806800000000e-004,-4.02010e-002
 4.807200000000e-004,-4.02010e-002
 4.807600000000e-004,-4.02010e-002
 4.808000000000e-004,-4.02010e-002
 4.808400000000e-004,-4.02010e-002
 4.808800000000e-004,-4.02010e-002
 4.809200000000e-004,-4.02010e-002
 4.809600000000e-004,-4.02010e-002
 4.810000000000e-004,-4.02010e-002
 4.810400000000e-004,-4.02010e-002
 4.810800000000e-004,-4.02010e-002
 4.811200000000e-004,-4.02010e-002
 4.811600000000e-004,-4.02010e-002
 4.812000000000e-004,-4.02010e-002
 4.812400000000e-004,-4.02010e-002
 4.812800000000e-004,-4.02010e-002
 4.813200000000e-004,-4.02010e-002
 4.813600000000e-004,-4.02010e-002
 4.814000000000e-004,-8.04020e-002
 4.814400000000e-004,-8.04020e-002
 4.814800000000e-004,-8.04020e-002
 4.815200000000e-004,-4.02010e-002
 4.815600000000e-004,-4.02010e-002
 4.816000000000e-004, 0.00000e+000
 4.816400000000e-004,-4.02010e-002
 4.816800000000e-004, 0.00000e+000
 4.817200000000e-004, 0.00000e+000
 4.817600000000e-004,-4.02010e-002
 4.818000000000e-004,-8.04020e-002
 4.818400000000e-004,-8.04020e-002
 4.818800000000e-004,-4.02010e-002
 4.819200000000e-004,-4.02010e-002
 4.819600000000e-004,-4.02010e-002
 4.820000000000e-004,-4.02010e-002
 4.820400000000e-004,-4.02010e-002
 4.820800000000e-004,-4.02010e-002
 4.821200000000e-004, 0.00000e+000
 4.821600000000e-004,-4.02010e-002
 4.822000000000e-004,-4.02010e-002
 4.822400000000e-004,-4.02010e-002
 4.822800000000e-004,-4.02010e-002
 4.823200000000e-004,-4.02010e-002
 4.823600000000e-004,-4.02010e-002
 4.824000000000e-004,-4.02010e-002
 4.824400000000e-004,-4.02010e-002
 4.824800000000e-004,-4.02010e-002
 4.825200000000e-004, 0.00000e+000
 4.825600000000e-004, 0.00000e+000
 4.826000000000e-004,-4.02010e-002
 4.826400000000e-004,-4.02010e-002
 4.826800000000e-004,-8.04020e-002
 4.827200000000e-004,-1.20603e-001
 4.827600000000e-004,-8.04020e-002
 4.828000000000e-004,-8.04020e-002
 4.828400000000e-004,-4.02010e-002
 4.828800000000e-004,-4.02010e-002
 4.829200000000e-004, 0.00000e+000
 4.829600000000e-004, 0.00000e+000
 4.830000000000e-004, 0.00000e+000
 4.830400000000e-004,-4.02010e-002
 4.830800000000e-004,-4.02010e-002
 4.831200000000e-004,-8.04020e-002
 4.831600000000e-004,-8.04020e-002
 4.832000000000e-004,-8.04020e-002
 4.832400000000e-004,-4.02010e-002
 4.832800000000e-004,-4.02010e-002
 4.833200000000e-004,-4.02010e-002
 4.833600000000e-004, 0.00000e+000
 4.834000000000e-004, 0.00000e+000
 4.834400000000e-004,-4.02010e-002
 4.834800000000e-004,-4.02010e-002
 4.835200000000e-004,-4.02010e-002
 4.835600000000e-004,-8.04020e-002
 4.836000000000e-004,-8.04020e-002
 4.836400000000e-004,-4.02010e-002
 4.836800000000e-004,-4.02010e-002
 4.837200000000e-004,-4.02010e-002
 4.837600000000e-004, 0.00000e+000
 4.838000000000e-004,-4.02010e-002
 4.838400000000e-004,-4.02010e-002
 4.838800000000e-004,-4.02010e-002
 4.839200000000e-004,-4.02010e-002
 4.839600000000e-004,-4.02010e-002
 4.840000000000e-004,-4.02010e-002
 4.840400000000e-004,-4.02010e-002
 4.840800000000e-004,-4.02010e-002
 4.841200000000e-004,-4.02010e-002
 4.841600000000e-004,-4.02010e-002
 4.842000000000e-004, 0.00000e+000
 4.842400000000e-004,-4.02010e-002
 4.842800000000e-004, 0.00000e+000
 4.843200000000e-004,-4.02010e-002
 4.843600000000e-004,-4.02010e-002
 4.844000000000e-004,-8.04020e-002
 4.844400000000e-004,-8.04020e-002
 4.844800000000e-004,-8.04020e-002
 4.845200000000e-004,-8.04020e-002
 4.845600000000e-004,-4.02010e-002
 4.846000000000e-004,-4.02010e-002
 4.846400000000e-004,-4.02010e-002
 4.846800000000e-004,-4.02010e-002
 4.847200000000e-004, 0.00000e+000
 4.847600000000e-004,-4.02010e-002
 4.848000000000e-004,-4.02010e-002
 4.848400000000e-004,-4.02010e-002
 4.848800000000e-004,-4.02010e-002
 4.849200000000e-004,-8.04020e-002
 4.849600000000e-004,-4.02010e-002
 4.850000000000e-004,-4.02010e-002
 4.850400000000e-004,-4.02010e-002
 4.850800000000e-004, 0.00000e+000
 4.851200000000e-004,-4.02010e-002
 4.851600000000e-004,-4.02010e-002
 4.852000000000e-004,-4.02010e-002
 4.852400000000e-004,-4.02010e-002
 4.852800000000e-004,-4.02010e-002
 4.853200000000e-004,-8.04020e-002
 4.853600000000e-004,-4.02010e-002
 4.854000000000e-004,-8.04020e-002
 4.854400000000e-004,-4.02010e-002
 4.854800000000e-004,-4.02010e-002
 4.855200000000e-004,-4.02010e-002
 4.855600000000e-004,-4.02010e-002
 4.856000000000e-004,-4.02010e-002
 4.856400000000e-004, 0.00000e+000
 4.856800000000e-004,-4.02010e-002
 4.857200000000e-004,-4.02010e-002
 4.857600000000e-004,-4.02010e-002
 4.858000000000e-004,-8.04020e-002
 4.858400000000e-004,-4.02010e-002
 4.858800000000e-004,-4.02010e-002
 4.859200000000e-004,-8.04020e-002
 4.859600000000e-004,-4.02010e-002
 4.860000000000e-004, 0.00000e+000
 4.860400000000e-004, 0.00000e+000
 4.860800000000e-004,-4.02010e-002
 4.861200000000e-004, 0.00000e+000
 4.861600000000e-004, 0.00000e+000
 4.862000000000e-004,-4.02010e-002
 4.862400000000e-004,-4.02010e-002
 4.862800000000e-004,-4.02010e-002
 4.863200000000e-004,-8.04020e-002
 4.863600000000e-004,-8.04020e-002
 4.864000000000e-004,-8.04020e-002
 4.864400000000e-004,-8.04020e-002
 4.864800000000e-004,-8.04020e-002
 4.865200000000e-004,-4.02010e-002
 4.865600000000e-004,-4.02010e-002
 4.866000000000e-004, 0.00000e+000
 4.866400000000e-004,-4.02010e-002
 4.866800000000e-004,-4.02010e-002
 4.867200000000e-004,-4.02010e-002
 4.867600000000e-004,-4.02010e-002
 4.868000000000e-004, 0.00000e+000
 4.868400000000e-004,-4.02010e-002
 4.868800000000e-004,-8.04020e-002
 4.869200000000e-004,-4.02010e-002
 4.869600000000e-004,-4.02010e-002
 4.870000000000e-004,-4.02010e-002
 4.870400000000e-004,-4.02010e-002
 4.870800000000e-004, 0.00000e+000
 4.871200000000e-004,-4.02010e-002
 4.871600000000e-004,-4.02010e-002
 4.872000000000e-004,-8.04020e-002
 4.872400000000e-004,-4.02010e-002
 4.872800000000e-004,-8.04020e-002
 4.873200000000e-004,-8.04020e-002
 4.873600000000e-004,-4.02010e-002
 4.874000000000e-004,-4.02010e-002
 4.874400000000e-004, 0.00000e+000
 4.874800000000e-004,-4.02010e-002
 4.875200000000e-004,-4.02010e-002
 4.875600000000e-004,-4.02010e-002
 4.876000000000e-004,-8.04020e-002
 4.876400000000e-004,-8.04020e-002
 4.876800000000e-004,-8.04020e-002
 4.877200000000e-004,-8.04020e-002
 4.877600000000e-004,-8.04020e-002
 4.878000000000e-004,-4.02010e-002
 4.878400000000e-004,-4.02010e-002
 4.878800000000e-004, 0.00000e+000
 4.879200000000e-004,-4.02010e-002
 4.879600000000e-004, 0.00000e+000
 4.880000000000e-004,-4.02010e-002
 4.880400000000e-004,-4.02010e-002
 4.880800000000e-004,-4.02010e-002
 4.881200000000e-004,-8.04020e-002
 4.881600000000e-004,-8.04020e-002
 4.882000000000e-004,-8.04020e-002
 4.882400000000e-004,-8.04020e-002
 4.882800000000e-004,-4.02010e-002
 4.883200000000e-004, 0.00000e+000
 4.883600000000e-004, 0.00000e+000
 4.884000000000e-004, 0.00000e+000
 4.884400000000e-004, 0.00000e+000
 4.884800000000e-004,-4.02010e-002
 4.885200000000e-004,-4.02010e-002
 4.885600000000e-004,-8.04020e-002
 4.886000000000e-004,-8.04020e-002
 4.886400000000e-004,-8.04020e-002
 4.886800000000e-004,-4.02010e-002
 4.887200000000e-004, 0.00000e+000
 4.887600000000e-004, 0.00000e+000
 4.888000000000e-004, 0.00000e+000
 4.888400000000e-004,-4.02010e-002
 4.888800000000e-004,-4.02010e-002
 4.889200000000e-004,-8.04020e-002
 4.889600000000e-004,-8.04020e-002
 4.890000000000e-004,-1.20603e-001
 4.890400000000e-004,-8.04020e-002
 4.890800000000e-004,-4.02010e-002
 4.891200000000e-004, 0.00000e+000
 4.891600000000e-004, 0.00000e+000
 4.892000000000e-004, 0.00000e+000
 4.892400000000e-004,-4.02010e-002
 4.892800000000e-004, 0.00000e+000
 4.893200000000e-004,-4.02010e-002
 4.893600000000e-004,-4.02010e-002
 4.894000000000e-004,-8.04020e-002
 4.894400000000e-004,-8.04020e-002
 4.894800000000e-004,-8.04020e-002
 4.895200000000e-004,-4.02010e-002
 4.895600000000e-004,-4.02010e-002
 4.896000000000e-004,-4.02010e-002
 4.896400000000e-004, 0.00000e+000
 4.896800000000e-004,-4.02010e-002
 4.897200000000e-004,-4.02010e-002
 4.897600000000e-004,-4.02010e-002
 4.898000000000e-004,-8.04020e-002
 4.898400000000e-004,-8.04020e-002
 4.898800000000e-004,-8.04020e-002
 4.899200000000e-004,-8.04020e-002
 4.899600000000e-004,-8.04020e-002
 4.900000000000e-004,-4.02010e-002
 4.900400000000e-004, 0.00000e+000
 4.900800000000e-004, 0.00000e+000
 4.901200000000e-004, 0.00000e+000
 4.901600000000e-004, 0.00000e+000
 4.902000000000e-004,-4.02010e-002
 4.902400000000e-004,-8.04020e-002
 4.902800000000e-004,-1.20603e-001
 4.903200000000e-004,-1.20603e-001
 4.903600000000e-004,-8.04020e-002
 4.904000000000e-004,-8.04020e-002
 4.904400000000e-004, 0.00000e+000
 4.904800000000e-004, 0.00000e+000
 4.905200000000e-004, 0.00000e+000
 4.905600000000e-004, 0.00000e+000
 4.906000000000e-004,-4.02010e-002
 4.906400000000e-004,-8.04020e-002
 4.906800000000e-004,-8.04020e-002
 4.907200000000e-004,-8.04020e-002
 4.907600000000e-004,-8.04020e-002
 4.908000000000e-004,-4.02010e-002
 4.908400000000e-004,-4.02010e-002
 4.908800000000e-004, 0.00000e+000
 4.909200000000e-004,-4.02010e-002
 4.909600000000e-004,-4.02010e-002
 4.910000000000e-004,-8.04020e-002
 4.910400000000e-004,-4.02010e-002
 4.910800000000e-004,-8.04020e-002
 4.911200000000e-004,-4.02010e-002
 4.911600000000e-004,-4.02010e-002
 4.912000000000e-004,-8.04020e-002
 4.912400000000e-004,-8.04020e-002
 4.912800000000e-004,-4.02010e-002
 4.913200000000e-004,-4.02010e-002
 4.913600000000e-004,-4.02010e-002
 4.914000000000e-004,-4.02010e-002
 4.914400000000e-004,-4.02010e-002
 4.914800000000e-004,-4.02010e-002
 4.915200000000e-004,-4.02010e-002
 4.915600000000e-004,-8.04020e-002
 4.916000000000e-004,-8.04020e-002
 4.916400000000e-004,-8.04020e-002
 4.916800000000e-004,-4.02010e-002
 4.917200000000e-004,-8.04020e-002
 4.917600000000e-004,-4.02010e-002
 4.918000000000e-004, 0.00000e+000
 4.918400000000e-004,-4.02010e-002
 4.918800000000e-004, 0.00000e+000
 4.919200000000e-004, 0.00000e+000
 4.919600000000e-004,-4.02010e-002
 4.920000000000e-004,-4.02010e-002
 4.920400000000e-004,-4.02010e-002
 4.920800000000e-004,-4.02010e-002
 4.921200000000e-004,-4.02010e-002
 4.921600000000e-004,-4.02010e-002
 4.922000000000e-004,-4.02010e-002
 4.922400000000e-004,-8.04020e-002
 4.922800000000e-004,-4.02010e-002
 4.923200000000e-004,-4.02010e-002
 4.923600000000e-004,-4.02010e-002
 4.924000000000e-004,-4.02010e-002
 4.924400000000e-004,-4.02010e-002
 4.924800000000e-004,-4.02010e-002
 4.925200000000e-004,-4.02010e-002
 4.925600000000e-004,-4.02010e-002
 4.926000000000e-004,-4.02010e-002
 4.926400000000e-004,-4.02010e-002
 4.926800000000e-004,-4.02010e-002
 4.927200000000e-004,-8.04020e-002
 4.927600000000e-004,-4.02010e-002
 4.928000000000e-004,-4.02010e-002
 4.928400000000e-004,-8.04020e-002
 4.928800000000e-004,-4.02010e-002
 4.929200000000e-004,-4.02010e-002
 4.929600000000e-004,-4.02010e-002
 4.930000000000e-004,-4.02010e-002
 4.930400000000e-004,-4.02010e-002
 4.930800000000e-004,-4.02010e-002
 4.931200000000e-004,-4.02010e-002
 4.931600000000e-004,-4.02010e-002
 4.932000000000e-004,-4.02010e-002
 4.932400000000e-004, 0.00000e+000
 4.932800000000e-004,-4.02010e-002
 4.933200000000e-004,-4.02010e-002
 4.933600000000e-004,-8.04020e-002
 4.934000000000e-004,-8.04020e-002
 4.934400000000e-004,-8.04020e-002
 4.934800000000e-004,-8.04020e-002
 4.935200000000e-004,-8.04020e-002
 4.935600000000e-004,-4.02010e-002
 4.936000000000e-004,-4.02010e-002
 4.936400000000e-004,-4.02010e-002
 4.936800000000e-004,-4.02010e-002
 4.937200000000e-004,-4.02010e-002
 4.937600000000e-004,-4.02010e-002
 4.938000000000e-004,-4.02010e-002
 4.938400000000e-004,-4.02010e-002
 4.938800000000e-004,-4.02010e-002
 4.939200000000e-004,-8.04020e-002
 4.939600000000e-004,-8.04020e-002
 4.940000000000e-004,-8.04020e-002
 4.940400000000e-004,-8.04020e-002
 4.940800000000e-004,-8.04020e-002
 4.941200000000e-004,-4.02010e-002
 4.941600000000e-004,-4.02010e-002
 4.942000000000e-004, 0.00000e+000
 4.942400000000e-004, 0.00000e+000
 4.942800000000e-004, 0.00000e+000
 4.943200000000e-004,-4.02010e-002
 4.943600000000e-004,-4.02010e-002
 4.944000000000e-004,-8.04020e-002
 4.944400000000e-004,-8.04020e-002
 4.944800000000e-004,-4.02010e-002
 4.945200000000e-004,-4.02010e-002
 4.945600000000e-004, 0.00000e+000
 4.946000000000e-004, 0.00000e+000
 4.946400000000e-004, 0.00000e+000
 4.946800000000e-004,-4.02010e-002
 4.947200000000e-004,-4.02010e-002
 4.947600000000e-004,-8.04020e-002
 4.948000000000e-004,-8.04020e-002
 4.948400000000e-004,-8.04020e-002
 4.948800000000e-004,-4.02010e-002
 4.949200000000e-004, 0.00000e+000
 4.949600000000e-004, 0.00000e+000
 4.950000000000e-004,-4.02010e-002
 4.950400000000e-004,-4.02010e-002
 4.950800000000e-004,-4.02010e-002
 4.951200000000e-004,-4.02010e-002
 4.951600000000e-004,-4.02010e-002
 4.952000000000e-004,-8.04020e-002
 4.952400000000e-004,-8.04020e-002
 4.952800000000e-004,-4.02010e-002
 4.953200000000e-004,-4.02010e-002
 4.953600000000e-004,-4.02010e-002
 4.954000000000e-004,-4.02010e-002
 4.954400000000e-004,-4.02010e-002
 4.954800000000e-004,-4.02010e-002
 4.955200000000e-004,-4.02010e-002
 4.955600000000e-004,-4.02010e-002
 4.956000000000e-004,-4.02010e-002
 4.956400000000e-004,-8.04020e-002
 4.956800000000e-004,-8.04020e-002
 4.957200000000e-004,-8.04020e-002
 4.957600000000e-004,-8.04020e-002
 4.958000000000e-004,-4.02010e-002
 4.958400000000e-004, 0.00000e+000
 4.958800000000e-004, 0.00000e+000
 4.959200000000e-004, 0.00000e+000
 4.959600000000e-004, 0.00000e+000
 4.960000000000e-004,-4.02010e-002
 4.960400000000e-004,-8.04020e-002
 4.960800000000e-004,-8.04020e-002
 4.961200000000e-004,-1.20603e-001
 4.961600000000e-004,-8.04020e-002
 4.962000000000e-004,-8.04020e-002
 4.962400000000e-004,-4.02010e-002
 4.962800000000e-004, 0.00000e+000
 4.963200000000e-004, 0.00000e+000
 4.963600000000e-004,-4.02010e-002
 4.964000000000e-004,-4.02010e-002
 4.964400000000e-004,-4.02010e-002
 4.964800000000e-004,-8.04020e-002
 4.965200000000e-004,-8.04020e-002
 4.965600000000e-004,-8.04020e-002
 4.966000000000e-004,-4.02010e-002
 4.966400000000e-004,-4.02010e-002
 4.966800000000e-004,-4.02010e-002
 4.967200000000e-004,-4.02010e-002
 4.967600000000e-004,-4.02010e-002
 4.968000000000e-004,-4.02010e-002
 4.968400000000e-004,-4.02010e-002
 4.968800000000e-004,-4.02010e-002
 4.969200000000e-004,-4.02010e-002
 4.969600000000e-004,-4.02010e-002
 4.970000000000e-004,-4.02010e-002
 4.970400000000e-004,-4.02010e-002
 4.970800000000e-004,-4.02010e-002
 4.971200000000e-004,-4.02010e-002
 4.971600000000e-004, 0.00000e+000
 4.972000000000e-004,-4.02010e-002
 4.972400000000e-004,-4.02010e-002
 4.972800000000e-004,-4.02010e-002
 4.973200000000e-004,-4.02010e-002
 4.973600000000e-004,-4.02010e-002
 4.974000000000e-004,-8.04020e-002
 4.974400000000e-004,-1.20603e-001
 4.974800000000e-004,-8.04020e-002
 4.975200000000e-004,-8.04020e-002
 4.975600000000e-004,-4.02010e-002
 4.976000000000e-004, 0.00000e+000
 4.976400000000e-004, 0.00000e+000
 4.976800000000e-004, 0.00000e+000
 4.977200000000e-004,-4.02010e-002
 4.977600000000e-004,-4.02010e-002
 4.978000000000e-004,-4.02010e-002
 4.978400000000e-004,-4.02010e-002
 4.978800000000e-004,-8.04020e-002
 4.979200000000e-004,-4.02010e-002
 4.979600000000e-004,-4.02010e-002
 4.980000000000e-004,-4.02010e-002
 4.980400000000e-004,-4.02010e-002
 4.980800000000e-004,-8.04020e-002
 4.981200000000e-004,-4.02010e-002
 4.981600000000e-004,-4.02010e-002
 4.982000000000e-004,-4.02010e-002
 4.982400000000e-004,-4.02010e-002
 4.982800000000e-004,-4.02010e-002
 4.983200000000e-004,-4.02010e-002
 4.983600000000e-004,-4.02010e-002
 4.984000000000e-004,-8.04020e-002
 4.984400000000e-004,-4.02010e-002
 4.984800000000e-004,-4.02010e-002
 4.985200000000e-004,-4.02010e-002
 4.985600000000e-004,-4.02010e-002
 4.986000000000e-004,-4.02010e-002
 4.986400000000e-004,-8.04020e-002
 4.986800000000e-004,-4.02010e-002
 4.987200000000e-004,-4.02010e-002
 4.987600000000e-004,-8.04020e-002
 4.988000000000e-004,-4.02010e-002
 4.988400000000e-004,-4.02010e-002
 4.988800000000e-004,-4.02010e-002
 4.989200000000e-004,-4.02010e-002
 4.989600000000e-004,-4.02010e-002
 4.990000000000e-004, 0.00000e+000
 4.990400000000e-004,-4.02010e-002
 4.990800000000e-004,-4.02010e-002
 4.991200000000e-004,-4.02010e-002
 4.991600000000e-004,-4.02010e-002
 4.992000000000e-004,-4.02010e-002
 4.992400000000e-004,-4.02010e-002
 4.992800000000e-004,-4.02010e-002
 4.993200000000e-004,-4.02010e-002
 4.993600000000e-004,-4.02010e-002
 4.994000000000e-004,-4.02010e-002
 4.994400000000e-004,-4.02010e-002
 4.994800000000e-004, 0.00000e+000
 4.995200000000e-004, 0.00000e+000
 4.995600000000e-004,-4.02010e-002
 4.996000000000e-004,-4.02010e-002
 4.996400000000e-004,-4.02010e-002
 4.996800000000e-004,-4.02010e-002
 4.997200000000e-004,-4.02010e-002
 4.997600000000e-004,-8.04020e-002
 4.998000000000e-004,-8.04020e-002
 4.998400000000e-004,-4.02010e-002
 4.998800000000e-004,-4.02010e-002
 4.999200000000e-004,-4.02010e-002
 4.999600000000e-004,-4.02010e-002
 5.000000000000e-004, 0.00000e+000
 5.000400000000e-004,-4.02010e-002
 5.000800000000e-004,-4.02010e-002
 5.001200000000e-004,-4.02010e-002
 5.001600000000e-004,-4.02010e-002
 5.002000000000e-004,-8.04020e-002
 5.002400000000e-004,-8.04020e-002
 5.002800000000e-004,-8.04020e-002
 5.003200000000e-004,-4.02010e-002
 5.003600000000e-004, 0.00000e+000
 5.004000000000e-004, 0.00000e+000
 5.004400000000e-004,-4.02010e-002
 5.004800000000e-004,-4.02010e-002
 5.005200000000e-004,-8.04020e-002
 5.005600000000e-004,-8.04020e-002
 5.006000000000e-004,-8.04020e-002
 5.006400000000e-004,-8.04020e-002
 5.006800000000e-004,-4.02010e-002
 5.007200000000e-004, 0.00000e+000
 5.007600000000e-004,-4.02010e-002
 5.008000000000e-004, 0.00000e+000
 5.008400000000e-004,-4.02010e-002
 5.008800000000e-004,-4.02010e-002
 5.009200000000e-004,-4.02010e-002
 5.009600000000e-004,-4.02010e-002
 5.010000000000e-004,-4.02010e-002
 5.010400000000e-004,-4.02010e-002
 5.010800000000e-004,-4.02010e-002
 5.011200000000e-004,-4.02010e-002
 5.011600000000e-004,-4.02010e-002
 5.012000000000e-004,-4.02010e-002
 5.012400000000e-004,-4.02010e-002
 5.012800000000e-004,-4.02010e-002
 5.013200000000e-004,-4.02010e-002
 5.013600000000e-004,-4.02010e-002
 5.014000000000e-004,-4.02010e-002
 5.014400000000e-004,-4.02010e-002
 5.014800000000e-004,-4.02010e-002
 5.015200000000e-004,-8.04020e-002
 5.015600000000e-004,-8.04020e-002
 5.016000000000e-004,-4.02010e-002
 5.016400000000e-004,-4.02010e-002
 5.016800000000e-004,-4.02010e-002
 5.017200000000e-004, 0.00000e+000
 5.017600000000e-004, 0.00000e+000
 5.018000000000e-004,-4.02010e-002
 5.018400000000e-004,-8.04020e-002
 5.018800000000e-004,-8.04020e-002
 5.019200000000e-004,-8.04020e-002
 5.019600000000e-004,-4.02010e-002
 5.020000000000e-004,-4.02010e-002
 5.020400000000e-004, 0.00000e+000
 5.020800000000e-004, 0.00000e+000
 5.021200000000e-004, 0.00000e+000
 5.021600000000e-004, 0.00000e+000
 5.022000000000e-004,-4.02010e-002
 5.022400000000e-004,-8.04020e-002
 5.022800000000e-004,-8.04020e-002
 5.023200000000e-004,-4.02010e-002
 5.023600000000e-004,-4.02010e-002
 5.024000000000e-004,-4.02010e-002
 5.024400000000e-004, 0.00000e+000
 5.024800000000e-004,-4.02010e-002
 5.025200000000e-004, 0.00000e+000
 5.025600000000e-004,-4.02010e-002
 5.026000000000e-004,-4.02010e-002
 5.026400000000e-004,-8.04020e-002
 5.026800000000e-004,-8.04020e-002
 5.027200000000e-004,-4.02010e-002
 5.027600000000e-004,-4.02010e-002
 5.028000000000e-004,-8.04020e-002
 5.028400000000e-004,-8.04020e-002
 5.028800000000e-004,-4.02010e-002
 5.029200000000e-004,-4.02010e-002
 5.029600000000e-004,-4.02010e-002
 5.030000000000e-004,-4.02010e-002
 5.030400000000e-004, 0.00000e+000
 5.030800000000e-004,-4.02010e-002
 5.031200000000e-004, 0.00000e+000
 5.031600000000e-004,-8.04020e-002
 5.032000000000e-004,-8.04020e-002
 5.032400000000e-004,-8.04020e-002
 5.032800000000e-004,-8.04020e-002
 5.033200000000e-004,-8.04020e-002
 5.033600000000e-004,-4.02010e-002
 5.034000000000e-004,-4.02010e-002
 5.034400000000e-004, 0.00000e+000
 5.034800000000e-004, 0.00000e+000
 5.035200000000e-004,-4.02010e-002
 5.035600000000e-004, 0.00000e+000
 5.036000000000e-004,-4.02010e-002
 5.036400000000e-004,-8.04020e-002
 5.036800000000e-004,-4.02010e-002
 5.037200000000e-004,-4.02010e-002
 5.037600000000e-004,-4.02010e-002
 5.038000000000e-004,-4.02010e-002
 5.038400000000e-004,-8.04020e-002
 5.038800000000e-004,-4.02010e-002
 5.039200000000e-004,-8.04020e-002
 5.039600000000e-004,-4.02010e-002
 5.040000000000e-004,-4.02010e-002
 5.040400000000e-004,-4.02010e-002
 5.040800000000e-004,-4.02010e-002
 5.041200000000e-004,-4.02010e-002
 5.041600000000e-004,-4.02010e-002
 5.042000000000e-004,-4.02010e-002
 5.042400000000e-004,-4.02010e-002
 5.042800000000e-004,-8.04020e-002
 5.043200000000e-004,-4.02010e-002
 5.043600000000e-004,-4.02010e-002
 5.044000000000e-004,-4.02010e-002
 5.044400000000e-004,-4.02010e-002
 5.044800000000e-004,-4.02010e-002
 5.045200000000e-004,-4.02010e-002
 5.045600000000e-004,-8.04020e-002
 5.046000000000e-004,-4.02010e-002
 5.046400000000e-004,-4.02010e-002
 5.046800000000e-004,-8.04020e-002
 5.047200000000e-004,-4.02010e-002
 5.047600000000e-004, 0.00000e+000
 5.048000000000e-004, 0.00000e+000
 5.048400000000e-004,-4.02010e-002
 5.048800000000e-004,-4.02010e-002
 5.049200000000e-004,-4.02010e-002
 5.049600000000e-004,-4.02010e-002
 5.050000000000e-004,-8.04020e-002
 5.050400000000e-004,-8.04020e-002
 5.050800000000e-004,-8.04020e-002
 5.051200000000e-004,-8.04020e-002
 5.051600000000e-004,-4.02010e-002
 5.052000000000e-004,-4.02010e-002
 5.052400000000e-004,-4.02010e-002
 5.052800000000e-004,-4.02010e-002
 5.053200000000e-004,-4.02010e-002
 5.053600000000e-004, 0.00000e+000
 5.054000000000e-004, 0.00000e+000
 5.054400000000e-004,-4.02010e-002
 5.054800000000e-004,-8.04020e-002
 5.055200000000e-004,-4.02010e-002
 5.055600000000e-004,-4.02010e-002
 5.056000000000e-004,-8.04020e-002
 5.056400000000e-004,-8.04020e-002
 5.056800000000e-004,-4.02010e-002
 5.057200000000e-004,-4.02010e-002
 5.057600000000e-004,-4.02010e-002
 5.058000000000e-004,-4.02010e-002
 5.058400000000e-004,-4.02010e-002
 5.058800000000e-004,-4.02010e-002
 5.059200000000e-004,-4.02010e-002
 5.059600000000e-004,-4.02010e-002
 5.060000000000e-004,-8.04020e-002
 5.060400000000e-004,-8.04020e-002
 5.060800000000e-004,-4.02010e-002
 5.061200000000e-004,-4.02010e-002
 5.061600000000e-004,-4.02010e-002
 5.062000000000e-004,-4.02010e-002
 5.062400000000e-004,-4.02010e-002
 5.062800000000e-004,-4.02010e-002
 5.063200000000e-004,-4.02010e-002
 5.063600000000e-004,-8.04020e-002
 5.064000000000e-004,-8.04020e-002
 5.064400000000e-004,-8.04020e-002
 5.064800000000e-004,-8.04020e-002
 5.065200000000e-004,-4.02010e-002
 5.065600000000e-004,-4.02010e-002
 5.066000000000e-004, 0.00000e+000
 5.066400000000e-004,-4.02010e-002
 5.066800000000e-004, 0.00000e+000
 5.067200000000e-004,-4.02010e-002
 5.067600000000e-004,-4.02010e-002
 5.068000000000e-004,-4.02010e-002
 5.068400000000e-004,-4.02010e-002
 5.068800000000e-004,-4.02010e-002
 5.069200000000e-004,-8.04020e-002
 5.069600000000e-004,-4.02010e-002
 5.070000000000e-004,-4.02010e-002
 5.070400000000e-004,-4.02010e-002
 5.070800000000e-004, 0.00000e+000
 5.071200000000e-004,-4.02010e-002
 5.071600000000e-004, 0.00000e+000
 5.072000000000e-004,-4.02010e-002
 5.072400000000e-004,-8.04020e-002
 5.072800000000e-004,-4.02010e-002
 5.073200000000e-004,-8.04020e-002
 5.073600000000e-004,-8.04020e-002
 5.074000000000e-004,-8.04020e-002
 5.074400000000e-004,-4.02010e-002
 5.074800000000e-004, 0.00000e+000
 5.075200000000e-004, 0.00000e+000
 5.075600000000e-004, 0.00000e+000
 5.076000000000e-004,-4.02010e-002
 5.076400000000e-004,-4.02010e-002
 5.076800000000e-004,-8.04020e-002
 5.077200000000e-004,-8.04020e-002
 5.077600000000e-004,-8.04020e-002
 5.078000000000e-004,-4.02010e-002
 5.078400000000e-004,-4.02010e-002
 5.078800000000e-004,-4.02010e-002
 5.079200000000e-004, 0.00000e+000
 5.079600000000e-004, 0.00000e+000
 5.080000000000e-004,-4.02010e-002
 5.080400000000e-004,-4.02010e-002
 5.080800000000e-004,-4.02010e-002
 5.081200000000e-004,-8.04020e-002
 5.081600000000e-004,-8.04020e-002
 5.082000000000e-004,-8.04020e-002
 5.082400000000e-004,-4.02010e-002
 5.082800000000e-004,-4.02010e-002
 5.083200000000e-004, 0.00000e+000
 5.083600000000e-004,-4.02010e-002
 5.084000000000e-004,-4.02010e-002
 5.084400000000e-004,-4.02010e-002
 5.084800000000e-004,-4.02010e-002
 5.085200000000e-004,-8.04020e-002
 5.085600000000e-004,-8.04020e-002
 5.086000000000e-004,-4.02010e-002
 5.086400000000e-004,-8.04020e-002
 5.086800000000e-004,-8.04020e-002
 5.087200000000e-004,-4.02010e-002
 5.087600000000e-004,-4.02010e-002
 5.088000000000e-004,-4.02010e-002
 5.088400000000e-004,-4.02010e-002
 5.088800000000e-004,-4.02010e-002
 5.089200000000e-004, 0.00000e+000
 5.089600000000e-004,-4.02010e-002
 5.090000000000e-004,-4.02010e-002
 5.090400000000e-004,-8.04020e-002
 5.090800000000e-004,-8.04020e-002
 5.091200000000e-004,-8.04020e-002
 5.091600000000e-004,-4.02010e-002
 5.092000000000e-004,-4.02010e-002
 5.092400000000e-004,-4.02010e-002
 5.092800000000e-004, 0.00000e+000
 5.093200000000e-004, 0.00000e+000
 5.093600000000e-004,-4.02010e-002
 5.094000000000e-004,-4.02010e-002
 5.094400000000e-004,-8.04020e-002
 5.094800000000e-004,-8.04020e-002
 5.095200000000e-004,-4.02010e-002
 5.095600000000e-004,-4.02010e-002
 5.096000000000e-004, 0.00000e+000
 5.096400000000e-004,-4.02010e-002
 5.096800000000e-004,-8.04020e-002
 5.097200000000e-004,-4.02010e-002
 5.097600000000e-004,-8.04020e-002
 5.098000000000e-004,-4.02010e-002
 5.098400000000e-004,-4.02010e-002
 5.098800000000e-004,-4.02010e-002
 5.099200000000e-004,-4.02010e-002
 5.099600000000e-004,-4.02010e-002
 5.100000000000e-004,-4.02010e-002
 5.100400000000e-004,-4.02010e-002
 5.100800000000e-004, 0.00000e+000
 5.101200000000e-004,-4.02010e-002
 5.101600000000e-004,-4.02010e-002
 5.102000000000e-004,-4.02010e-002
 5.102400000000e-004,-4.02010e-002
 5.102800000000e-004,-4.02010e-002
 5.103200000000e-004,-8.04020e-002
 5.103600000000e-004,-8.04020e-002
 5.104000000000e-004,-4.02010e-002
 5.104400000000e-004,-8.04020e-002
 5.104800000000e-004,-8.04020e-002
 5.105200000000e-004,-4.02010e-002
 5.105600000000e-004,-4.02010e-002
 5.106000000000e-004, 0.00000e+000
 5.106400000000e-004, 0.00000e+000
 5.106800000000e-004,-4.02010e-002
 5.107200000000e-004, 0.00000e+000
 5.107600000000e-004,-4.02010e-002
 5.108000000000e-004,-8.04020e-002
 5.108400000000e-004,-4.02010e-002
 5.108800000000e-004,-4.02010e-002
 5.109200000000e-004,-8.04020e-002
 5.109600000000e-004,-4.02010e-002
 5.110000000000e-004,-4.02010e-002
 5.110400000000e-004,-4.02010e-002
 5.110800000000e-004, 0.00000e+000
 5.111200000000e-004,-4.02010e-002
 5.111600000000e-004,-4.02010e-002
 5.112000000000e-004,-4.02010e-002
 5.112400000000e-004,-4.02010e-002
 5.112800000000e-004,-4.02010e-002
 5.113200000000e-004,-4.02010e-002
 5.113600000000e-004,-4.02010e-002
 5.114000000000e-004,-4.02010e-002
 5.114400000000e-004,-4.02010e-002
 5.114800000000e-004,-8.04020e-002
 5.115200000000e-004,-4.02010e-002
 5.115600000000e-004,-4.02010e-002
 5.116000000000e-004,-4.02010e-002
 5.116400000000e-004,-4.02010e-002
 5.116800000000e-004,-4.02010e-002
 5.117200000000e-004,-4.02010e-002
 5.117600000000e-004, 0.00000e+000
 5.118000000000e-004,-4.02010e-002
 5.118400000000e-004,-4.02010e-002
 5.118800000000e-004,-4.02010e-002
 5.119200000000e-004,-4.02010e-002
 5.119600000000e-004,-4.02010e-002
 5.120000000000e-004,-4.02010e-002
 5.120400000000e-004,-4.02010e-002
 5.120800000000e-004,-4.02010e-002
 5.121200000000e-004,-4.02010e-002
 5.121600000000e-004,-4.02010e-002
 5.122000000000e-004,-4.02010e-002
 5.122400000000e-004,-4.02010e-002
 5.122800000000e-004,-8.04020e-002
 5.123200000000e-004,-4.02010e-002
 5.123600000000e-004,-4.02010e-002
 5.124000000000e-004,-4.02010e-002
 5.124400000000e-004,-4.02010e-002
 5.124800000000e-004,-4.02010e-002
 5.125200000000e-004,-8.04020e-002
 5.125600000000e-004,-4.02010e-002
 5.126000000000e-004,-4.02010e-002
 5.126400000000e-004,-4.02010e-002
 5.126800000000e-004,-4.02010e-002
 5.127200000000e-004,-4.02010e-002
 5.127600000000e-004,-8.04020e-002
 5.128000000000e-004,-4.02010e-002
 5.128400000000e-004,-4.02010e-002
 5.128800000000e-004,-4.02010e-002
 5.129200000000e-004,-4.02010e-002
 5.129600000000e-004,-4.02010e-002
 5.130000000000e-004,-4.02010e-002
 5.130400000000e-004,-4.02010e-002
 5.130800000000e-004,-4.02010e-002
 5.131200000000e-004,-8.04020e-002
 5.131600000000e-004,-8.04020e-002
 5.132000000000e-004,-4.02010e-002
 5.132400000000e-004,-4.02010e-002
 5.132800000000e-004,-4.02010e-002
 5.133200000000e-004,-4.02010e-002
 5.133600000000e-004, 0.00000e+000
 5.134000000000e-004, 0.00000e+000
 5.134400000000e-004,-4.02010e-002
 5.134800000000e-004,-4.02010e-002
 5.135200000000e-004,-4.02010e-002
 5.135600000000e-004,-8.04020e-002
 5.136000000000e-004,-8.04020e-002
 5.136400000000e-004,-4.02010e-002
 5.136800000000e-004, 0.00000e+000
 5.137200000000e-004, 0.00000e+000
 5.137600000000e-004, 0.00000e+000
 5.138000000000e-004,-4.02010e-002
 5.138400000000e-004, 0.00000e+000
 5.138800000000e-004,-4.02010e-002
 5.139200000000e-004,-8.04020e-002
 5.139600000000e-004,-8.04020e-002
 5.140000000000e-004,-8.04020e-002
 5.140400000000e-004,-8.04020e-002
 5.140800000000e-004,-4.02010e-002
 5.141200000000e-004,-4.02010e-002
 5.141600000000e-004,-4.02010e-002
 5.142000000000e-004,-4.02010e-002
 5.142400000000e-004, 0.00000e+000
 5.142800000000e-004,-4.02010e-002
 5.143200000000e-004,-4.02010e-002
 5.143600000000e-004,-4.02010e-002
 5.144000000000e-004,-4.02010e-002
 5.144400000000e-004,-4.02010e-002
 5.144800000000e-004,-8.04020e-002
 5.145200000000e-004,-4.02010e-002
 5.145600000000e-004,-8.04020e-002
 5.146000000000e-004,-4.02010e-002
 5.146400000000e-004, 0.00000e+000
 5.146800000000e-004,-4.02010e-002
 5.147200000000e-004,-4.02010e-002
 5.147600000000e-004,-4.02010e-002
 5.148000000000e-004,-4.02010e-002
 5.148400000000e-004,-8.04020e-002
 5.148800000000e-004,-8.04020e-002
 5.149200000000e-004,-8.04020e-002
 5.149600000000e-004,-4.02010e-002
 5.150000000000e-004,-4.02010e-002
 5.150400000000e-004,-4.02010e-002
 5.150800000000e-004, 0.00000e+000
 5.151200000000e-004, 0.00000e+000
 5.151600000000e-004,-4.02010e-002
 5.152000000000e-004,-4.02010e-002
 5.152400000000e-004,-8.04020e-002
 5.152800000000e-004,-4.02010e-002
 5.153200000000e-004,-8.04020e-002
 5.153600000000e-004,-4.02010e-002
 5.154000000000e-004,-4.02010e-002
 5.154400000000e-004,-4.02010e-002
 5.154800000000e-004,-4.02010e-002
 5.155200000000e-004,-4.02010e-002
 5.155600000000e-004,-4.02010e-002
 5.156000000000e-004,-4.02010e-002
 5.156400000000e-004,-4.02010e-002
 5.156800000000e-004,-4.02010e-002
 5.157200000000e-004,-4.02010e-002
 5.157600000000e-004,-4.02010e-002
 5.158000000000e-004,-8.04020e-002
 5.158400000000e-004,-4.02010e-002
 5.158800000000e-004,-4.02010e-002
 5.159200000000e-004,-4.02010e-002
 5.159600000000e-004,-4.02010e-002
 5.160000000000e-004,-4.02010e-002
 5.160400000000e-004,-4.02010e-002
 5.160800000000e-004,-4.02010e-002
 5.161200000000e-004,-4.02010e-002
 5.161600000000e-004,-4.02010e-002
 5.162000000000e-004,-8.04020e-002
 5.162400000000e-004,-8.04020e-002
 5.162800000000e-004,-4.02010e-002
 5.163200000000e-004,-4.02010e-002
 5.163600000000e-004,-4.02010e-002
 5.164000000000e-004, 0.00000e+000
 5.164400000000e-004,-4.02010e-002
 5.164800000000e-004, 0.00000e+000
 5.165200000000e-004,-4.02010e-002
 5.165600000000e-004,-4.02010e-002
 5.166000000000e-004,-4.02010e-002
 5.166400000000e-004,-8.04020e-002
 5.166800000000e-004,-8.04020e-002
 5.167200000000e-004,-4.02010e-002
 5.167600000000e-004,-4.02010e-002
 5.168000000000e-004,-4.02010e-002
 5.168400000000e-004,-4.02010e-002
 5.168800000000e-004,-4.02010e-002
 5.169200000000e-004,-4.02010e-002
 5.169600000000e-004,-4.02010e-002
 5.170000000000e-004,-4.02010e-002
 5.170400000000e-004,-4.02010e-002
 5.170800000000e-004,-4.02010e-002
 5.171200000000e-004,-8.04020e-002
 5.171600000000e-004,-4.02010e-002
 5.172000000000e-004,-4.02010e-002
 5.172400000000e-004,-8.04020e-002
 5.172800000000e-004,-4.02010e-002
 5.173200000000e-004,-4.02010e-002
 5.173600000000e-004,-4.02010e-002
 5.174000000000e-004,-4.02010e-002
 5.174400000000e-004,-4.02010e-002
 5.174800000000e-004,-4.02010e-002
 5.175200000000e-004,-4.02010e-002
 5.175600000000e-004,-4.02010e-002
 5.176000000000e-004,-4.02010e-002
 5.176400000000e-004,-4.02010e-002
 5.176800000000e-004,-8.04020e-002
 5.177200000000e-004,-4.02010e-002
 5.177600000000e-004,-4.02010e-002
 5.178000000000e-004,-4.02010e-002
 5.178400000000e-004,-4.02010e-002
 5.178800000000e-004,-4.02010e-002
 5.179200000000e-004,-4.02010e-002
 5.179600000000e-004,-4.02010e-002
 5.180000000000e-004,-4.02010e-002
 5.180400000000e-004,-4.02010e-002
 5.180800000000e-004,-4.02010e-002
 5.181200000000e-004,-4.02010e-002
 5.181600000000e-004,-4.02010e-002
 5.182000000000e-004,-4.02010e-002
 5.182400000000e-004, 0.00000e+000
 5.182800000000e-004,-4.02010e-002
 5.183200000000e-004,-4.02010e-002
 5.183600000000e-004,-4.02010e-002
 5.184000000000e-004,-4.02010e-002
 5.184400000000e-004,-4.02010e-002
 5.184800000000e-004,-8.04020e-002
 5.185200000000e-004,-8.04020e-002
 5.185600000000e-004,-4.02010e-002
 5.186000000000e-004,-4.02010e-002
 5.186400000000e-004,-4.02010e-002
 5.186800000000e-004,-4.02010e-002
 5.187200000000e-004,-4.02010e-002
 5.187600000000e-004,-4.02010e-002
 5.188000000000e-004,-4.02010e-002
 5.188400000000e-004,-4.02010e-002
 5.188800000000e-004,-4.02010e-002
 5.189200000000e-004,-4.02010e-002
 5.189600000000e-004,-8.04020e-002
 5.190000000000e-004,-8.04020e-002
 5.190400000000e-004,-4.02010e-002
 5.190800000000e-004,-4.02010e-002
 5.191200000000e-004,-4.02010e-002
 5.191600000000e-004, 0.00000e+000
 5.192000000000e-004,-4.02010e-002
 5.192400000000e-004, 0.00000e+000
 5.192800000000e-004,-4.02010e-002
 5.193200000000e-004,-4.02010e-002
 5.193600000000e-004,-8.04020e-002
 5.194000000000e-004,-8.04020e-002
 5.194400000000e-004,-4.02010e-002
 5.194800000000e-004,-4.02010e-002
 5.195200000000e-004,-4.02010e-002
 5.195600000000e-004,-4.02010e-002
 5.196000000000e-004,-4.02010e-002
 5.196400000000e-004,-4.02010e-002
 5.196800000000e-004,-4.02010e-002
 5.197200000000e-004,-4.02010e-002
 5.197600000000e-004,-4.02010e-002
 5.198000000000e-004,-8.04020e-002
 5.198400000000e-004,-8.04020e-002
 5.198800000000e-004,-4.02010e-002
 5.199200000000e-004, 0.00000e+000
 5.199600000000e-004,-8.04020e-002
 5.200000000000e-004,-4.02010e-002
 5.200400000000e-004,-4.02010e-002
 5.200800000000e-004,-4.02010e-002
 5.201200000000e-004,-4.02010e-002
 5.201600000000e-004,-4.02010e-002
 5.202000000000e-004,-4.02010e-002
 5.202400000000e-004,-8.04020e-002
 5.202800000000e-004,-4.02010e-002
 5.203200000000e-004,-8.04020e-002
 5.203600000000e-004,-4.02010e-002
 5.204000000000e-004,-4.02010e-002
 5.204400000000e-004,-4.02010e-002
 5.204800000000e-004,-4.02010e-002
 5.205200000000e-004,-4.02010e-002
 5.205600000000e-004,-4.02010e-002
 5.206000000000e-004,-4.02010e-002
 5.206400000000e-004,-8.04020e-002
 5.206800000000e-004,-8.04020e-002
 5.207200000000e-004,-8.04020e-002
 5.207600000000e-004,-8.04020e-002
 5.208000000000e-004,-4.02010e-002
 5.208400000000e-004,-4.02010e-002
 5.208800000000e-004,-4.02010e-002
 5.209200000000e-004, 0.00000e+000
 5.209600000000e-004,-4.02010e-002
 5.210000000000e-004,-4.02010e-002
 5.210400000000e-004,-4.02010e-002
 5.210800000000e-004,-8.04020e-002
 5.211200000000e-004,-4.02010e-002
 5.211600000000e-004,-4.02010e-002
 5.212000000000e-004,-4.02010e-002
 5.212400000000e-004,-4.02010e-002
 5.212800000000e-004,-8.04020e-002
 5.213200000000e-004,-4.02010e-002
 5.213600000000e-004,-4.02010e-002
 5.214000000000e-004,-4.02010e-002
 5.214400000000e-004,-4.02010e-002
 5.214800000000e-004,-4.02010e-002
 5.215200000000e-004,-4.02010e-002
 5.215600000000e-004,-4.02010e-002
 5.216000000000e-004,-4.02010e-002
 5.216400000000e-004,-4.02010e-002
 5.216800000000e-004,-4.02010e-002
 5.217200000000e-004,-4.02010e-002
 5.217600000000e-004,-4.02010e-002
 5.218000000000e-004,-4.02010e-002
 5.218400000000e-004,-4.02010e-002
 5.218800000000e-004,-4.02010e-002
 5.219200000000e-004,-4.02010e-002
 5.219600000000e-004,-4.02010e-002
 5.220000000000e-004,-4.02010e-002
 5.220400000000e-004,-4.02010e-002
 5.220800000000e-004,-8.04020e-002
 5.221200000000e-004,-4.02010e-002
 5.221600000000e-004,-4.02010e-002
 5.222000000000e-004,-4.02010e-002
 5.222400000000e-004, 0.00000e+000
 5.222800000000e-004, 0.00000e+000
 5.223200000000e-004,-4.02010e-002
 5.223600000000e-004,-4.02010e-002
 5.224000000000e-004,-4.02010e-002
 5.224400000000e-004,-8.04020e-002
 5.224800000000e-004,-4.02010e-002
 5.225200000000e-004,-8.04020e-002
 5.225600000000e-004,-4.02010e-002
 5.226000000000e-004,-4.02010e-002
 5.226400000000e-004,-4.02010e-002
 5.226800000000e-004,-4.02010e-002
 5.227200000000e-004,-4.02010e-002
 5.227600000000e-004,-4.02010e-002
 5.228000000000e-004,-4.02010e-002
 5.228400000000e-004,-4.02010e-002
 5.228800000000e-004,-4.02010e-002
 5.229200000000e-004,-4.02010e-002
 5.229600000000e-004,-4.02010e-002
 5.230000000000e-004,-4.02010e-002
 5.230400000000e-004,-8.04020e-002
 5.230800000000e-004,-4.02010e-002
 5.231200000000e-004,-4.02010e-002
 5.231600000000e-004,-4.02010e-002
 5.232000000000e-004,-4.02010e-002
 5.232400000000e-004,-4.02010e-002
 5.232800000000e-004,-4.02010e-002
 5.233200000000e-004,-4.02010e-002
 5.233600000000e-004,-4.02010e-002
 5.234000000000e-004,-4.02010e-002
 5.234400000000e-004,-4.02010e-002
 5.234800000000e-004,-4.02010e-002
 5.235200000000e-004,-4.02010e-002
 5.235600000000e-004,-4.02010e-002
 5.236000000000e-004,-4.02010e-002
 5.236400000000e-004,-4.02010e-002
 5.236800000000e-004,-4.02010e-002
 5.237200000000e-004,-4.02010e-002
 5.237600000000e-004,-4.02010e-002
 5.238000000000e-004,-4.02010e-002
 5.238400000000e-004,-4.02010e-002
 5.238800000000e-004,-4.02010e-002
 5.239200000000e-004,-4.02010e-002
 5.239600000000e-004,-4.02010e-002
 5.240000000000e-004,-4.02010e-002
 5.240400000000e-004,-4.02010e-002
 5.240800000000e-004,-8.04020e-002
 5.241200000000e-004,-4.02010e-002
 5.241600000000e-004,-4.02010e-002
 5.242000000000e-004,-4.02010e-002
 5.242400000000e-004,-8.04020e-002
 5.242800000000e-004,-4.02010e-002
 5.243200000000e-004,-8.04020e-002
 5.243600000000e-004,-4.02010e-002
 5.244000000000e-004,-4.02010e-002
 5.244400000000e-004,-4.02010e-002
 5.244800000000e-004,-4.02010e-002
 5.245200000000e-004,-4.02010e-002
 5.245600000000e-004,-4.02010e-002
 5.246000000000e-004,-4.02010e-002
 5.246400000000e-004,-4.02010e-002
 5.246800000000e-004,-4.02010e-002
 5.247200000000e-004,-8.04020e-002
 5.247600000000e-004,-8.04020e-002
 5.248000000000e-004,-8.04020e-002
 5.248400000000e-004,-8.04020e-002
 5.248800000000e-004,-4.02010e-002
 5.249200000000e-004,-4.02010e-002
 5.249600000000e-004, 0.00000e+000
 5.250000000000e-004, 0.00000e+000
 5.250400000000e-004,-4.02010e-002
 5.250800000000e-004,-4.02010e-002
 5.251200000000e-004,-4.02010e-002
 5.251600000000e-004,-4.02010e-002
 5.252000000000e-004,-4.02010e-002
 5.252400000000e-004,-8.04020e-002
 5.252800000000e-004,-8.04020e-002
 5.253200000000e-004,-4.02010e-002
 5.253600000000e-004,-4.02010e-002
 5.254000000000e-004,-4.02010e-002
 5.254400000000e-004,-4.02010e-002
 5.254800000000e-004,-4.02010e-002
 5.255200000000e-004,-4.02010e-002
 5.255600000000e-004,-4.02010e-002
 5.256000000000e-004,-8.04020e-002
 5.256400000000e-004,-8.04020e-002
 5.256800000000e-004,-4.02010e-002
 5.257200000000e-004,-4.02010e-002
 5.257600000000e-004,-4.02010e-002
 5.258000000000e-004,-4.02010e-002
 5.258400000000e-004,-4.02010e-002
 5.258800000000e-004,-4.02010e-002
 5.259200000000e-004,-4.02010e-002
 5.259600000000e-004,-4.02010e-002
 5.260000000000e-004,-4.02010e-002
 5.260400000000e-004,-4.02010e-002
 5.260800000000e-004,-4.02010e-002
 5.261200000000e-004,-4.02010e-002
 5.261600000000e-004,-4.02010e-002
 5.262000000000e-004,-4.02010e-002
 5.262400000000e-004,-4.02010e-002
 5.262800000000e-004,-4.02010e-002
 5.263200000000e-004,-4.02010e-002
 5.263600000000e-004,-4.02010e-002
 5.264000000000e-004,-4.02010e-002
 5.264400000000e-004,-4.02010e-002
 5.264800000000e-004,-8.04020e-002
 5.265200000000e-004,-8.04020e-002
 5.265600000000e-004,-8.04020e-002
 5.266000000000e-004,-8.04020e-002
 5.266400000000e-004,-4.02010e-002
 5.266800000000e-004,-4.02010e-002
 5.267200000000e-004,-4.02010e-002
 5.267600000000e-004, 0.00000e+000
 5.268000000000e-004,-4.02010e-002
 5.268400000000e-004,-4.02010e-002
 5.268800000000e-004,-4.02010e-002
 5.269200000000e-004,-8.04020e-002
 5.269600000000e-004,-4.02010e-002
 5.270000000000e-004,-4.02010e-002
 5.270400000000e-004,-4.02010e-002
 5.270800000000e-004,-4.02010e-002
 5.271200000000e-004,-4.02010e-002
 5.271600000000e-004,-4.02010e-002
 5.272000000000e-004,-4.02010e-002
 5.272400000000e-004,-8.04020e-002
 5.272800000000e-004,-4.02010e-002
 5.273200000000e-004,-4.02010e-002
 5.273600000000e-004,-4.02010e-002
 5.274000000000e-004,-4.02010e-002
 5.274400000000e-004,-4.02010e-002
 5.274800000000e-004,-4.02010e-002
 5.275200000000e-004,-4.02010e-002
 5.275600000000e-004,-4.02010e-002
 5.276000000000e-004,-4.02010e-002
 5.276400000000e-004,-4.02010e-002
 5.276800000000e-004,-4.02010e-002
 5.277200000000e-004,-4.02010e-002
 5.277600000000e-004,-8.04020e-002
 5.278000000000e-004,-8.04020e-002
 5.278400000000e-004,-4.02010e-002
 5.278800000000e-004,-8.04020e-002
 5.279200000000e-004,-8.04020e-002
 5.279600000000e-004,-4.02010e-002
 5.280000000000e-004,-4.02010e-002
 5.280400000000e-004, 0.00000e+000
 5.280800000000e-004, 0.00000e+000
 5.281200000000e-004, 0.00000e+000
 5.281600000000e-004,-4.02010e-002
 5.282000000000e-004,-4.02010e-002
 5.282400000000e-004,-4.02010e-002
 5.282800000000e-004,-8.04020e-002
 5.283200000000e-004,-8.04020e-002
 5.283600000000e-004,-8.04020e-002
 5.284000000000e-004,-4.02010e-002
 5.284400000000e-004,-4.02010e-002
 5.284800000000e-004,-4.02010e-002
 5.285200000000e-004,-4.02010e-002
 5.285600000000e-004,-4.02010e-002
 5.286000000000e-004,-4.02010e-002
 5.286400000000e-004,-4.02010e-002
 5.286800000000e-004,-4.02010e-002
 5.287200000000e-004,-4.02010e-002
 5.287600000000e-004,-4.02010e-002
 5.288000000000e-004,-4.02010e-002
 5.288400000000e-004,-4.02010e-002
 5.288800000000e-004,-4.02010e-002
 5.289200000000e-004,-4.02010e-002
 5.289600000000e-004,-4.02010e-002
 5.290000000000e-004,-4.02010e-002
 5.290400000000e-004,-4.02010e-002
 5.290800000000e-004,-4.02010e-002
 5.291200000000e-004,-4.02010e-002
 5.291600000000e-004,-4.02010e-002
 5.292000000000e-004,-4.02010e-002
 5.292400000000e-004,-4.02010e-002
 5.292800000000e-004,-4.02010e-002
 5.293200000000e-004,-4.02010e-002
 5.293600000000e-004,-4.02010e-002
 5.294000000000e-004,-4.02010e-002
 5.294400000000e-004,-4.02010e-002
 5.294800000000e-004,-4.02010e-002
 5.295200000000e-004,-4.02010e-002
 5.295600000000e-004,-4.02010e-002
 5.296000000000e-004,-8.04020e-002
 5.296400000000e-004,-8.04020e-002
 5.296800000000e-004,-4.02010e-002
 5.297200000000e-004,-4.02010e-002
 5.297600000000e-004,-4.02010e-002
 5.298000000000e-004,-4.02010e-002
 5.298400000000e-004,-4.02010e-002
 5.298800000000e-004,-4.02010e-002
 5.299200000000e-004,-4.02010e-002
 5.299600000000e-004,-4.02010e-002
 5.300000000000e-004,-4.02010e-002
 5.300400000000e-004,-8.04020e-002
 5.300800000000e-004,-8.04020e-002
 5.301200000000e-004, 0.00000e+000
 5.301600000000e-004,-8.04020e-002
 5.302000000000e-004,-8.04020e-002
 5.302400000000e-004,-4.02010e-002
 5.302800000000e-004,-4.02010e-002
 5.303200000000e-004,-4.02010e-002
 5.303600000000e-004,-4.02010e-002
 5.304000000000e-004,-4.02010e-002
 5.304400000000e-004,-4.02010e-002
 5.304800000000e-004,-4.02010e-002
 5.305200000000e-004,-4.02010e-002
 5.305600000000e-004,-4.02010e-002
 5.306000000000e-004,-8.04020e-002
 5.306400000000e-004,-8.04020e-002
 5.306800000000e-004,-4.02010e-002
 5.307200000000e-004,-4.02010e-002
 5.307600000000e-004,-4.02010e-002
 5.308000000000e-004, 0.00000e+000
 5.308400000000e-004,-4.02010e-002
 5.308800000000e-004, 0.00000e+000
 5.309200000000e-004,-4.02010e-002
 5.309600000000e-004,-8.04020e-002
 5.310000000000e-004,-8.04020e-002
 5.310400000000e-004,-8.04020e-002
 5.310800000000e-004,-4.02010e-002
 5.311200000000e-004,-4.02010e-002
 5.311600000000e-004,-4.02010e-002
 5.312000000000e-004,-4.02010e-002
 5.312400000000e-004,-4.02010e-002
 5.312800000000e-004,-4.02010e-002
 5.313200000000e-004,-4.02010e-002
 5.313600000000e-004,-4.02010e-002
 5.314000000000e-004,-4.02010e-002
 5.314400000000e-004,-8.04020e-002
 5.314800000000e-004,-8.04020e-002
 5.315200000000e-004,-4.02010e-002
 5.315600000000e-004,-4.02010e-002
 5.316000000000e-004,-4.02010e-002
 5.316400000000e-004,-4.02010e-002
 5.316800000000e-004,-4.02010e-002
 5.317200000000e-004,-4.02010e-002
 5.317600000000e-004,-4.02010e-002
 5.318000000000e-004,-4.02010e-002
 5.318400000000e-004,-4.02010e-002
 5.318800000000e-004,-4.02010e-002
 5.319200000000e-004,-4.02010e-002
 5.319600000000e-004,-4.02010e-002
 5.320000000000e-004,-4.02010e-002
 5.320400000000e-004,-4.02010e-002
 5.320800000000e-004,-8.04020e-002
 5.321200000000e-004,-4.02010e-002
 5.321600000000e-004,-4.02010e-002
 5.322000000000e-004,-4.02010e-002
 5.322400000000e-004,-4.02010e-002
 5.322800000000e-004,-4.02010e-002
 5.323200000000e-004,-4.02010e-002
 5.323600000000e-004,-4.02010e-002
 5.324000000000e-004,-8.04020e-002
 5.324400000000e-004,-4.02010e-002
 5.324800000000e-004,-4.02010e-002
 5.325200000000e-004,-4.02010e-002
 5.325600000000e-004,-4.02010e-002
 5.326000000000e-004,-4.02010e-002
 5.326400000000e-004,-8.04020e-002
 5.326800000000e-004,-4.02010e-002
 5.327200000000e-004,-4.02010e-002
 5.327600000000e-004,-4.02010e-002
 5.328000000000e-004,-4.02010e-002
 5.328400000000e-004,-4.02010e-002
 5.328800000000e-004,-4.02010e-002
 5.329200000000e-004,-4.02010e-002
 5.329600000000e-004,-4.02010e-002
 5.330000000000e-004,-4.02010e-002
 5.330400000000e-004,-4.02010e-002
 5.330800000000e-004,-8.04020e-002
 5.331200000000e-004,-4.02010e-002
 5.331600000000e-004,-4.02010e-002
 5.332000000000e-004,-4.02010e-002
 5.332400000000e-004,-4.02010e-002
 5.332800000000e-004,-4.02010e-002
 5.333200000000e-004,-4.02010e-002
 5.333600000000e-004,-4.02010e-002
 5.334000000000e-004,-4.02010e-002
 5.334400000000e-004,-4.02010e-002
 5.334800000000e-004,-4.02010e-002
 5.335200000000e-004,-4.02010e-002
 5.335600000000e-004,-4.02010e-002
 5.336000000000e-004,-4.02010e-002
 5.336400000000e-004,-4.02010e-002
 5.336800000000e-004,-8.04020e-002
 5.337200000000e-004,-8.04020e-002
 5.337600000000e-004,-8.04020e-002
 5.338000000000e-004,-4.02010e-002
 5.338400000000e-004,-4.02010e-002
 5.338800000000e-004,-4.02010e-002
 5.339200000000e-004, 0.00000e+000
 5.339600000000e-004, 0.00000e+000
 5.340000000000e-004, 0.00000e+000
 5.340400000000e-004,-4.02010e-002
 5.340800000000e-004,-4.02010e-002
 5.341200000000e-004,-8.04020e-002
 5.341600000000e-004,-8.04020e-002
 5.342000000000e-004,-4.02010e-002
 5.342400000000e-004,-4.02010e-002
 5.342800000000e-004,-8.04020e-002
 5.343200000000e-004,-4.02010e-002
 5.343600000000e-004,-4.02010e-002
 5.344000000000e-004,-4.02010e-002
 5.344400000000e-004,-4.02010e-002
 5.344800000000e-004,-8.04020e-002
 5.345200000000e-004,-4.02010e-002
 5.345600000000e-004,-4.02010e-002
 5.346000000000e-004,-4.02010e-002
 5.346400000000e-004,-4.02010e-002
 5.346800000000e-004,-4.02010e-002
 5.347200000000e-004,-8.04020e-002
 5.347600000000e-004,-4.02010e-002
 5.348000000000e-004,-4.02010e-002
 5.348400000000e-004,-4.02010e-002
 5.348800000000e-004,-4.02010e-002
 5.349200000000e-004,-4.02010e-002
 5.349600000000e-004,-4.02010e-002
 5.350000000000e-004,-4.02010e-002
 5.350400000000e-004,-4.02010e-002
 5.350800000000e-004,-4.02010e-002
 5.351200000000e-004,-4.02010e-002
 5.351600000000e-004,-4.02010e-002
 5.352000000000e-004, 0.00000e+000
 5.352400000000e-004,-4.02010e-002
 5.352800000000e-004, 0.00000e+000
 5.353200000000e-004,-4.02010e-002
 5.353600000000e-004,-4.02010e-002
 5.354000000000e-004,-8.04020e-002
 5.354400000000e-004,-8.04020e-002
 5.354800000000e-004,-8.04020e-002
 5.355200000000e-004,-4.02010e-002
 5.355600000000e-004,-4.02010e-002
 5.356000000000e-004,-4.02010e-002
 5.356400000000e-004,-4.02010e-002
 5.356800000000e-004, 0.00000e+000
 5.357200000000e-004,-4.02010e-002
 5.357600000000e-004, 0.00000e+000
 5.358000000000e-004,-4.02010e-002
 5.358400000000e-004,-4.02010e-002
 5.358800000000e-004,-4.02010e-002
 5.359200000000e-004,-8.04020e-002
 5.359600000000e-004,-4.02010e-002
 5.360000000000e-004,-8.04020e-002
 5.360400000000e-004,-4.02010e-002
 5.360800000000e-004,-4.02010e-002
 5.361200000000e-004,-4.02010e-002
 5.361600000000e-004,-4.02010e-002
 5.362000000000e-004,-4.02010e-002
 5.362400000000e-004,-4.02010e-002
 5.362800000000e-004,-4.02010e-002
 5.363200000000e-004,-4.02010e-002
 5.363600000000e-004,-4.02010e-002
 5.364000000000e-004,-8.04020e-002
 5.364400000000e-004,-4.02010e-002
 5.364800000000e-004,-4.02010e-002
 5.365200000000e-004,-8.04020e-002
 5.365600000000e-004,-4.02010e-002
 5.366000000000e-004,-4.02010e-002
 5.366400000000e-004,-4.02010e-002
 5.366800000000e-004, 0.00000e+000
 5.367200000000e-004, 0.00000e+000
 5.367600000000e-004,-4.02010e-002
 5.368000000000e-004,-4.02010e-002
 5.368400000000e-004,-8.04020e-002
 5.368800000000e-004,-8.04020e-002
 5.369200000000e-004,-4.02010e-002
 5.369600000000e-004,-4.02010e-002
 5.370000000000e-004,-4.02010e-002
 5.370400000000e-004,-4.02010e-002
 5.370800000000e-004,-4.02010e-002
 5.371200000000e-004,-4.02010e-002
 5.371600000000e-004,-4.02010e-002
 5.372000000000e-004,-4.02010e-002
 5.372400000000e-004,-4.02010e-002
 5.372800000000e-004,-8.04020e-002
 5.373200000000e-004,-8.04020e-002
 5.373600000000e-004,-4.02010e-002
 5.374000000000e-004,-4.02010e-002
 5.374400000000e-004,-4.02010e-002
 5.374800000000e-004,-4.02010e-002
 5.375200000000e-004,-4.02010e-002
 5.375600000000e-004,-4.02010e-002
 5.376000000000e-004,-4.02010e-002
 5.376400000000e-004,-4.02010e-002
 5.376800000000e-004,-4.02010e-002
 5.377200000000e-004,-4.02010e-002
 5.377600000000e-004,-4.02010e-002
 5.378000000000e-004,-4.02010e-002
 5.378400000000e-004,-4.02010e-002
 5.378800000000e-004,-4.02010e-002
 5.379200000000e-004,-4.02010e-002
 5.379600000000e-004,-4.02010e-002
 5.380000000000e-004,-4.02010e-002
 5.380400000000e-004,-4.02010e-002
 5.380800000000e-004,-4.02010e-002
 5.381200000000e-004,-8.04020e-002
 5.381600000000e-004,-4.02010e-002
 5.382000000000e-004,-4.02010e-002
 5.382400000000e-004,-4.02010e-002
 5.382800000000e-004,-4.02010e-002
 5.383200000000e-004,-4.02010e-002
 5.383600000000e-004,-4.02010e-002
 5.384000000000e-004,-4.02010e-002
 5.384400000000e-004,-4.02010e-002
 5.384800000000e-004,-4.02010e-002
 5.385200000000e-004,-4.02010e-002
 5.385600000000e-004,-4.02010e-002
 5.386000000000e-004,-4.02010e-002
 5.386400000000e-004,-4.02010e-002
 5.386800000000e-004,-4.02010e-002
 5.387200000000e-004,-4.02010e-002
 5.387600000000e-004,-4.02010e-002
 5.388000000000e-004,-4.02010e-002
 5.388400000000e-004,-4.02010e-002
 5.388800000000e-004,-8.04020e-002
 5.389200000000e-004,-4.02010e-002
 5.389600000000e-004,-4.02010e-002
 5.390000000000e-004,-4.02010e-002
 5.390400000000e-004,-4.02010e-002
 5.390800000000e-004,-4.02010e-002
 5.391200000000e-004,-4.02010e-002
 5.391600000000e-004,-4.02010e-002
 5.392000000000e-004,-4.02010e-002
 5.392400000000e-004,-4.02010e-002
 5.392800000000e-004,-4.02010e-002
 5.393200000000e-004,-4.02010e-002
 5.393600000000e-004,-4.02010e-002
 5.394000000000e-004,-4.02010e-002
 5.394400000000e-004,-4.02010e-002
 5.394800000000e-004,-4.02010e-002
 5.395200000000e-004,-4.02010e-002
 5.395600000000e-004,-8.04020e-002
 5.396000000000e-004,-8.04020e-002
 5.396400000000e-004,-8.04020e-002
 5.396800000000e-004,-4.02010e-002
 5.397200000000e-004,-4.02010e-002
 5.397600000000e-004, 0.00000e+000
 5.398000000000e-004,-4.02010e-002
 5.398400000000e-004,-4.02010e-002
 5.398800000000e-004,-4.02010e-002
 5.399200000000e-004,-4.02010e-002
 5.399600000000e-004,-4.02010e-002
 5.400000000000e-004,-4.02010e-002
 5.400400000000e-004,-4.02010e-002
 5.400800000000e-004,-4.02010e-002
 5.401200000000e-004,-4.02010e-002
 5.401600000000e-004,-4.02010e-002
 5.402000000000e-004,-4.02010e-002
 5.402400000000e-004,-4.02010e-002
 5.402800000000e-004,-4.02010e-002
 5.403200000000e-004,-4.02010e-002
 5.403600000000e-004,-4.02010e-002
 5.404000000000e-004,-4.02010e-002
 5.404400000000e-004,-4.02010e-002
 5.404800000000e-004,-4.02010e-002
 5.405200000000e-004,-4.02010e-002
 5.405600000000e-004,-4.02010e-002
 5.406000000000e-004,-4.02010e-002
 5.406400000000e-004,-4.02010e-002
 5.406800000000e-004,-4.02010e-002
 5.407200000000e-004,-4.02010e-002
 5.407600000000e-004,-4.02010e-002
 5.408000000000e-004,-4.02010e-002
 5.408400000000e-004,-4.02010e-002
 5.408800000000e-004,-4.02010e-002
 5.409200000000e-004,-4.02010e-002
 5.409600000000e-004,-8.04020e-002
 5.410000000000e-004,-4.02010e-002
 5.410400000000e-004,-4.02010e-002
 5.410800000000e-004,-4.02010e-002
 5.411200000000e-004,-4.02010e-002
 5.411600000000e-004,-4.02010e-002
 5.412000000000e-004,-4.02010e-002
 5.412400000000e-004,-8.04020e-002
 5.412800000000e-004,-4.02010e-002
 5.413200000000e-004,-8.04020e-002
 5.413600000000e-004,-4.02010e-002
 5.414000000000e-004,-4.02010e-002
 5.414400000000e-004,-4.02010e-002
 5.414800000000e-004,-4.02010e-002
 5.415200000000e-004,-4.02010e-002
 5.415600000000e-004,-4.02010e-002
 5.416000000000e-004,-4.02010e-002
 5.416400000000e-004,-4.02010e-002
 5.416800000000e-004,-4.02010e-002
 5.417200000000e-004,-4.02010e-002
 5.417600000000e-004,-4.02010e-002
 5.418000000000e-004,-4.02010e-002
 5.418400000000e-004,-4.02010e-002
 5.418800000000e-004,-8.04020e-002
 5.419200000000e-004,-4.02010e-002
 5.419600000000e-004,-4.02010e-002
 5.420000000000e-004,-4.02010e-002
 5.420400000000e-004,-4.02010e-002
 5.420800000000e-004, 0.00000e+000
 5.421200000000e-004,-4.02010e-002
 5.421600000000e-004,-4.02010e-002
 5.422000000000e-004,-4.02010e-002
 5.422400000000e-004,-4.02010e-002
 5.422800000000e-004,-8.04020e-002
 5.423200000000e-004,-8.04020e-002
 5.423600000000e-004,-4.02010e-002
 5.424000000000e-004,-4.02010e-002
 5.424400000000e-004, 0.00000e+000
 5.424800000000e-004,-4.02010e-002
 5.425200000000e-004,-4.02010e-002
 5.425600000000e-004,-4.02010e-002
 5.426000000000e-004,-4.02010e-002
 5.426400000000e-004,-4.02010e-002
 5.426800000000e-004,-8.04020e-002
 5.427200000000e-004,-4.02010e-002
 5.427600000000e-004,-4.02010e-002
 5.428000000000e-004,-4.02010e-002
 5.428400000000e-004,-4.02010e-002
 5.428800000000e-004,-4.02010e-002
 5.429200000000e-004,-4.02010e-002
 5.429600000000e-004,-4.02010e-002
 5.430000000000e-004,-4.02010e-002
 5.430400000000e-004,-4.02010e-002
 5.430800000000e-004,-4.02010e-002
 5.431200000000e-004,-8.04020e-002
 5.431600000000e-004,-4.02010e-002
 5.432000000000e-004,-4.02010e-002
 5.432400000000e-004,-4.02010e-002
 5.432800000000e-004,-4.02010e-002
 5.433200000000e-004,-4.02010e-002
 5.433600000000e-004,-4.02010e-002
 5.434000000000e-004,-4.02010e-002
 5.434400000000e-004,-4.02010e-002
 5.434800000000e-004,-8.04020e-002
 5.435200000000e-004,-4.02010e-002
 5.435600000000e-004,-4.02010e-002
 5.436000000000e-004,-8.04020e-002
 5.436400000000e-004,-4.02010e-002
 5.436800000000e-004,-4.02010e-002
 5.437200000000e-004,-4.02010e-002
 5.437600000000e-004,-4.02010e-002
 5.438000000000e-004,-4.02010e-002
 5.438400000000e-004,-4.02010e-002
 5.438800000000e-004,-4.02010e-002
 5.439200000000e-004,-4.02010e-002
 5.439600000000e-004,-4.02010e-002
 5.440000000000e-004,-4.02010e-002
 5.440400000000e-004,-8.04020e-002
 5.440800000000e-004,-4.02010e-002
 5.441200000000e-004,-4.02010e-002
 5.441600000000e-004,-4.02010e-002
 5.442000000000e-004, 0.00000e+000
 5.442400000000e-004,-4.02010e-002
 5.442800000000e-004,-4.02010e-002
 5.443200000000e-004,-8.04020e-002
 5.443600000000e-004,-4.02010e-002
 5.444000000000e-004,-4.02010e-002
 5.444400000000e-004,-8.04020e-002
 5.444800000000e-004,-4.02010e-002
 5.445200000000e-004,-4.02010e-002
 5.445600000000e-004,-4.02010e-002
 5.446000000000e-004,-4.02010e-002
 5.446400000000e-004,-4.02010e-002
 5.446800000000e-004,-8.04020e-002
 5.447200000000e-004,-4.02010e-002
 5.447600000000e-004,-4.02010e-002
 5.448000000000e-004,-8.04020e-002
 5.448400000000e-004,-4.02010e-002
 5.448800000000e-004,-4.02010e-002
 5.449200000000e-004,-4.02010e-002
 5.449600000000e-004,-4.02010e-002
 5.450000000000e-004,-4.02010e-002
 5.450400000000e-004,-4.02010e-002
 5.450800000000e-004,-4.02010e-002
 5.451200000000e-004,-4.02010e-002
 5.451600000000e-004,-4.02010e-002
 5.452000000000e-004,-4.02010e-002
 5.452400000000e-004,-4.02010e-002
 5.452800000000e-004,-4.02010e-002
 5.453200000000e-004,-8.04020e-002
 5.453600000000e-004,-8.04020e-002
 5.454000000000e-004,-8.04020e-002
 5.454400000000e-004,-4.02010e-002
 5.454800000000e-004,-4.02010e-002
 5.455200000000e-004,-4.02010e-002
 5.455600000000e-004, 0.00000e+000
 5.456000000000e-004, 0.00000e+000
 5.456400000000e-004,-4.02010e-002
 5.456800000000e-004, 0.00000e+000
 5.457200000000e-004,-4.02010e-002
 5.457600000000e-004,-4.02010e-002
 5.458000000000e-004,-4.02010e-002
 5.458400000000e-004,-4.02010e-002
 5.458800000000e-004,-8.04020e-002
 5.459200000000e-004,-4.02010e-002
 5.459600000000e-004, 0.00000e+000
 5.460000000000e-004,-4.02010e-002
 5.460400000000e-004,-4.02010e-002
 5.460800000000e-004,-4.02010e-002
 5.461200000000e-004,-4.02010e-002
 5.461600000000e-004,-4.02010e-002
 5.462000000000e-004,-4.02010e-002
 5.462400000000e-004,-4.02010e-002
 5.462800000000e-004,-4.02010e-002
 5.463200000000e-004,-4.02010e-002
 5.463600000000e-004,-4.02010e-002
 5.464000000000e-004,-4.02010e-002
 5.464400000000e-004,-4.02010e-002
 5.464800000000e-004,-4.02010e-002
 5.465200000000e-004,-4.02010e-002
 5.465600000000e-004,-4.02010e-002
 5.466000000000e-004,-4.02010e-002
 5.466400000000e-004,-4.02010e-002
 5.466800000000e-004,-8.04020e-002
 5.467200000000e-004,-4.02010e-002
 5.467600000000e-004,-4.02010e-002
 5.468000000000e-004,-4.02010e-002
 5.468400000000e-004,-4.02010e-002
 5.468800000000e-004,-4.02010e-002
 5.469200000000e-004, 0.00000e+000
 5.469600000000e-004,-4.02010e-002
 5.470000000000e-004,-4.02010e-002
 5.470400000000e-004,-8.04020e-002
 5.470800000000e-004,-8.04020e-002
 5.471200000000e-004,-8.04020e-002
 5.471600000000e-004,-8.04020e-002
 5.472000000000e-004,-4.02010e-002
 5.472400000000e-004, 0.00000e+000
 5.472800000000e-004, 0.00000e+000
 5.473200000000e-004,-4.02010e-002
 5.473600000000e-004,-4.02010e-002
 5.474000000000e-004,-4.02010e-002
 5.474400000000e-004,-4.02010e-002
 5.474800000000e-004,-4.02010e-002
 5.475200000000e-004,-4.02010e-002
 5.475600000000e-004,-4.02010e-002
 5.476000000000e-004,-4.02010e-002
 5.476400000000e-004,-4.02010e-002
 5.476800000000e-004,-4.02010e-002
 5.477200000000e-004,-4.02010e-002
 5.477600000000e-004,-4.02010e-002
 5.478000000000e-004,-4.02010e-002
 5.478400000000e-004, 0.00000e+000
 5.478800000000e-004,-4.02010e-002
 5.479200000000e-004,-4.02010e-002
 5.479600000000e-004,-8.04020e-002
 5.480000000000e-004,-4.02010e-002
 5.480400000000e-004,-8.04020e-002
 5.480800000000e-004,-4.02010e-002
 5.481200000000e-004,-4.02010e-002
 5.481600000000e-004,-8.04020e-002
 5.482000000000e-004,-4.02010e-002
 5.482400000000e-004,-4.02010e-002
 5.482800000000e-004, 0.00000e+000
 5.483200000000e-004,-4.02010e-002
 5.483600000000e-004,-4.02010e-002
 5.484000000000e-004,-4.02010e-002
 5.484400000000e-004,-4.02010e-002
 5.484800000000e-004,-4.02010e-002
 5.485200000000e-004,-4.02010e-002
 5.485600000000e-004,-4.02010e-002
 5.486000000000e-004,-4.02010e-002
 5.486400000000e-004,-4.02010e-002
 5.486800000000e-004,-8.04020e-002
 5.487200000000e-004,-4.02010e-002
 5.487600000000e-004,-4.02010e-002
 5.488000000000e-004, 0.00000e+000
 5.488400000000e-004,-4.02010e-002
 5.488800000000e-004,-8.04020e-002
 5.489200000000e-004,-4.02010e-002
 5.489600000000e-004,-4.02010e-002
 5.490000000000e-004,-4.02010e-002
 5.490400000000e-004,-8.04020e-002
 5.490800000000e-004,-4.02010e-002
 5.491200000000e-004,-4.02010e-002
 5.491600000000e-004,-4.02010e-002
 5.492000000000e-004,-4.02010e-002
 5.492400000000e-004,-4.02010e-002
 5.492800000000e-004,-4.02010e-002
 5.493200000000e-004,-4.02010e-002
 5.493600000000e-004,-4.02010e-002
 5.494000000000e-004,-4.02010e-002
 5.494400000000e-004,-4.02010e-002
 5.494800000000e-004,-4.02010e-002
 5.495200000000e-004,-4.02010e-002
 5.495600000000e-004, 0.00000e+000
 5.496000000000e-004,-4.02010e-002
 5.496400000000e-004,-4.02010e-002
 5.496800000000e-004,-4.02010e-002
 5.497200000000e-004,-4.02010e-002
 5.497600000000e-004,-4.02010e-002
 5.498000000000e-004,-4.02010e-002
 5.498400000000e-004,-8.04020e-002
 5.498800000000e-004,-8.04020e-002
 5.499200000000e-004,-4.02010e-002
 5.499600000000e-004,-4.02010e-002
 5.500000000000e-004, 0.00000e+000
 5.500400000000e-004,-4.02010e-002
 5.500800000000e-004,-4.02010e-002
 5.501200000000e-004,-4.02010e-002
 5.501600000000e-004,-4.02010e-002
 5.502000000000e-004,-4.02010e-002
 5.502400000000e-004,-4.02010e-002
 5.502800000000e-004,-8.04020e-002
 5.503200000000e-004,-4.02010e-002
 5.503600000000e-004,-4.02010e-002
 5.504000000000e-004,-4.02010e-002
 5.504400000000e-004,-4.02010e-002
 5.504800000000e-004,-4.02010e-002
 5.505200000000e-004,-4.02010e-002
 5.505600000000e-004,-4.02010e-002
 5.506000000000e-004,-4.02010e-002
 5.506400000000e-004,-4.02010e-002
 5.506800000000e-004,-8.04020e-002
 5.507200000000e-004,-8.04020e-002
 5.507600000000e-004,-4.02010e-002
 5.508000000000e-004,-8.04020e-002
 5.508400000000e-004,-4.02010e-002
 5.508800000000e-004,-4.02010e-002
 5.509200000000e-004,-4.02010e-002
 5.509600000000e-004,-4.02010e-002
 5.510000000000e-004,-4.02010e-002
 5.510400000000e-004,-4.02010e-002
 5.510800000000e-004,-4.02010e-002
 5.511200000000e-004,-4.02010e-002
 5.511600000000e-004,-4.02010e-002
 5.512000000000e-004,-8.04020e-002
 5.512400000000e-004,-8.04020e-002
 5.512800000000e-004,-8.04020e-002
 5.513200000000e-004,-4.02010e-002
 5.513600000000e-004,-4.02010e-002
 5.514000000000e-004,-4.02010e-002
 5.514400000000e-004,-4.02010e-002
 5.514800000000e-004,-4.02010e-002
 5.515200000000e-004,-4.02010e-002
 5.515600000000e-004,-4.02010e-002
 5.516000000000e-004,-8.04020e-002
 5.516400000000e-004,-8.04020e-002
 5.516800000000e-004,-8.04020e-002
 5.517200000000e-004,-4.02010e-002
 5.517600000000e-004,-4.02010e-002
 5.518000000000e-004,-4.02010e-002
 5.518400000000e-004,-4.02010e-002
 5.518800000000e-004,-4.02010e-002
 5.519200000000e-004,-4.02010e-002
 5.519600000000e-004,-4.02010e-002
 5.520000000000e-004,-4.02010e-002
 5.520400000000e-004,-4.02010e-002
 5.520800000000e-004,-4.02010e-002
 5.521200000000e-004,-4.02010e-002
 5.521600000000e-004,-4.02010e-002
 5.522000000000e-004,-4.02010e-002
 5.522400000000e-004,-4.02010e-002
 5.522800000000e-004,-4.02010e-002
 5.523200000000e-004,-8.04020e-002
 5.523600000000e-004,-4.02010e-002
 5.524000000000e-004,-4.02010e-002
 5.524400000000e-004,-4.02010e-002
 5.524800000000e-004,-4.02010e-002
 5.525200000000e-004,-8.04020e-002
 5.525600000000e-004,-8.04020e-002
 5.526000000000e-004,-4.02010e-002
 5.526400000000e-004,-4.02010e-002
 5.526800000000e-004,-4.02010e-002
 5.527200000000e-004,-4.02010e-002
 5.527600000000e-004,-4.02010e-002
 5.528000000000e-004,-4.02010e-002
 5.528400000000e-004,-4.02010e-002
 5.528800000000e-004,-8.04020e-002
 5.529200000000e-004,-4.02010e-002
 5.529600000000e-004,-4.02010e-002
 5.530000000000e-004,-4.02010e-002
 5.530400000000e-004,-4.02010e-002
 5.530800000000e-004,-4.02010e-002
 5.531200000000e-004,-4.02010e-002
 5.531600000000e-004,-4.02010e-002
 5.532000000000e-004,-4.02010e-002
 5.532400000000e-004,-4.02010e-002
 5.532800000000e-004,-4.02010e-002
 5.533200000000e-004,-4.02010e-002
 5.533600000000e-004,-4.02010e-002
 5.534000000000e-004,-4.02010e-002
 5.534400000000e-004,-8.04020e-002
 5.534800000000e-004,-4.02010e-002
 5.535200000000e-004,-4.02010e-002
 5.535600000000e-004,-4.02010e-002
 5.536000000000e-004,-4.02010e-002
 5.536400000000e-004,-4.02010e-002
 5.536800000000e-004, 0.00000e+000
 5.537200000000e-004,-4.02010e-002
 5.537600000000e-004,-4.02010e-002
 5.538000000000e-004,-4.02010e-002
 5.538400000000e-004,-8.04020e-002
 5.538800000000e-004,-4.02010e-002
 5.539200000000e-004,-8.04020e-002
 5.539600000000e-004,-4.02010e-002
 5.540000000000e-004,-4.02010e-002
 5.540400000000e-004,-4.02010e-002
 5.540800000000e-004, 0.00000e+000
 5.541200000000e-004,-4.02010e-002
 5.541600000000e-004,-4.02010e-002
 5.542000000000e-004,-4.02010e-002
 5.542400000000e-004,-4.02010e-002
 5.542800000000e-004,-8.04020e-002
 5.543200000000e-004,-8.04020e-002
 5.543600000000e-004,-8.04020e-002
 5.544000000000e-004,-4.02010e-002
 5.544400000000e-004,-4.02010e-002
 5.544800000000e-004,-4.02010e-002
 5.545200000000e-004,-4.02010e-002
 5.545600000000e-004,-4.02010e-002
 5.546000000000e-004,-4.02010e-002
 5.546400000000e-004,-4.02010e-002
 5.546800000000e-004,-8.04020e-002
 5.547200000000e-004,-4.02010e-002
 5.547600000000e-004,-4.02010e-002
 5.548000000000e-004,-4.02010e-002
 5.548400000000e-004,-4.02010e-002
 5.548800000000e-004,-4.02010e-002
 5.549200000000e-004,-4.02010e-002
 5.549600000000e-004,-4.02010e-002
 5.550000000000e-004,-4.02010e-002
 5.550400000000e-004,-4.02010e-002
 5.550800000000e-004,-4.02010e-002
 5.551200000000e-004,-4.02010e-002
 5.551600000000e-004,-4.02010e-002
 5.552000000000e-004,-4.02010e-002
 5.552400000000e-004,-4.02010e-002
 5.552800000000e-004,-4.02010e-002
 5.553200000000e-004,-4.02010e-002
 5.553600000000e-004,-4.02010e-002
 5.554000000000e-004,-4.02010e-002
 5.554400000000e-004,-4.02010e-002
 5.554800000000e-004,-4.02010e-002
 5.555200000000e-004,-4.02010e-002
 5.555600000000e-004,-4.02010e-002
 5.556000000000e-004,-8.04020e-002
 5.556400000000e-004,-8.04020e-002
 5.556800000000e-004,-8.04020e-002
 5.557200000000e-004,-4.02010e-002
 5.557600000000e-004,-4.02010e-002
 5.558000000000e-004,-4.02010e-002
 5.558400000000e-004,-4.02010e-002
 5.558800000000e-004,-4.02010e-002
 5.559200000000e-004,-4.02010e-002
 5.559600000000e-004,-4.02010e-002
 5.560000000000e-004,-4.02010e-002
 5.560400000000e-004,-4.02010e-002
 5.560800000000e-004,-8.04020e-002
 5.561200000000e-004,-4.02010e-002
 5.561600000000e-004,-4.02010e-002
 5.562000000000e-004,-4.02010e-002
 5.562400000000e-004,-4.02010e-002
 5.562800000000e-004,-4.02010e-002
 5.563200000000e-004,-4.02010e-002
 5.563600000000e-004,-4.02010e-002
 5.564000000000e-004,-4.02010e-002
 5.564400000000e-004,-4.02010e-002
 5.564800000000e-004,-8.04020e-002
 5.565200000000e-004,-4.02010e-002
 5.565600000000e-004,-4.02010e-002
 5.566000000000e-004,-4.02010e-002
 5.566400000000e-004,-8.04020e-002
 5.566800000000e-004,-4.02010e-002
 5.567200000000e-004,-4.02010e-002
 5.567600000000e-004,-4.02010e-002
 5.568000000000e-004,-8.04020e-002
 5.568400000000e-004,-4.02010e-002
 5.568800000000e-004,-4.02010e-002
 5.569200000000e-004,-4.02010e-002
 5.569600000000e-004,-4.02010e-002
 5.570000000000e-004,-8.04020e-002
 5.570400000000e-004,-8.04020e-002
 5.570800000000e-004,-8.04020e-002
 5.571200000000e-004,-4.02010e-002
 5.571600000000e-004,-4.02010e-002
 5.572000000000e-004,-4.02010e-002
 5.572400000000e-004,-4.02010e-002
 5.572800000000e-004,-4.02010e-002
 5.573200000000e-004,-4.02010e-002
 5.573600000000e-004,-4.02010e-002
 5.574000000000e-004,-4.02010e-002
 5.574400000000e-004,-4.02010e-002
 5.574800000000e-004,-4.02010e-002
 5.575200000000e-004,-4.02010e-002
 5.575600000000e-004,-4.02010e-002
 5.576000000000e-004,-4.02010e-002
 5.576400000000e-004,-4.02010e-002
 5.576800000000e-004,-4.02010e-002
 5.577200000000e-004,-8.04020e-002
 5.577600000000e-004,-4.02010e-002
 5.578000000000e-004,-4.02010e-002
 5.578400000000e-004,-4.02010e-002
 5.578800000000e-004,-4.02010e-002
 5.579200000000e-004,-4.02010e-002
 5.579600000000e-004,-4.02010e-002
 5.580000000000e-004,-4.02010e-002
 5.580400000000e-004,-8.04020e-002
 5.580800000000e-004,-4.02010e-002
 5.581200000000e-004,-4.02010e-002
 5.581600000000e-004,-4.02010e-002
 5.582000000000e-004,-4.02010e-002
 5.582400000000e-004,-8.04020e-002
 5.582800000000e-004,-4.02010e-002
 5.583200000000e-004,-4.02010e-002
 5.583600000000e-004,-4.02010e-002
 5.584000000000e-004,-4.02010e-002
 5.584400000000e-004,-4.02010e-002
 5.584800000000e-004,-4.02010e-002
 5.585200000000e-004,-4.02010e-002
 5.585600000000e-004, 0.00000e+000
 5.586000000000e-004,-4.02010e-002
 5.586400000000e-004,-4.02010e-002
 5.586800000000e-004,-4.02010e-002
 5.587200000000e-004,-8.04020e-002
 5.587600000000e-004,-4.02010e-002
 5.588000000000e-004,-8.04020e-002
 5.588400000000e-004,-4.02010e-002
 5.588800000000e-004,-4.02010e-002
 5.589200000000e-004,-4.02010e-002
 5.589600000000e-004,-4.02010e-002
 5.590000000000e-004,-4.02010e-002
 5.590400000000e-004,-4.02010e-002
 5.590800000000e-004,-8.04020e-002
 5.591200000000e-004,-4.02010e-002
 5.591600000000e-004, 0.00000e+000
 5.592000000000e-004,-4.02010e-002
 5.592400000000e-004,-4.02010e-002
 5.592800000000e-004,-4.02010e-002
 5.593200000000e-004,-4.02010e-002
 5.593600000000e-004,-4.02010e-002
 5.594000000000e-004,-4.02010e-002
 5.594400000000e-004,-4.02010e-002
 5.594800000000e-004,-4.02010e-002
 5.595200000000e-004,-4.02010e-002
 5.595600000000e-004,-4.02010e-002
 5.596000000000e-004,-4.02010e-002
 5.596400000000e-004,-4.02010e-002
 5.596800000000e-004,-8.04020e-002
 5.597200000000e-004,-4.02010e-002
 5.597600000000e-004,-8.04020e-002
 5.598000000000e-004,-4.02010e-002
 5.598400000000e-004,-4.02010e-002
 5.598800000000e-004,-4.02010e-002
 5.599200000000e-004,-4.02010e-002
 5.599600000000e-004, 0.00000e+000
 5.600000000000e-004,-4.02010e-002
 5.600400000000e-004,-4.02010e-002
 5.600800000000e-004,-4.02010e-002
 5.601200000000e-004,-4.02010e-002
 5.601600000000e-004,-4.02010e-002
 5.602000000000e-004,-4.02010e-002
 5.602400000000e-004,-4.02010e-002
 5.602800000000e-004,-4.02010e-002
 5.603200000000e-004,-4.02010e-002
 5.603600000000e-004,-4.02010e-002
 5.604000000000e-004,-4.02010e-002
 5.604400000000e-004,-4.02010e-002
 5.604800000000e-004,-4.02010e-002
 5.605200000000e-004,-4.02010e-002
 5.605600000000e-004,-4.02010e-002
 5.606000000000e-004,-4.02010e-002
 5.606400000000e-004,-4.02010e-002
 5.606800000000e-004,-4.02010e-002
 5.607200000000e-004,-4.02010e-002
 5.607600000000e-004,-4.02010e-002
 5.608000000000e-004,-4.02010e-002
 5.608400000000e-004,-4.02010e-002
 5.608800000000e-004,-4.02010e-002
 5.609200000000e-004,-4.02010e-002
 5.609600000000e-004,-4.02010e-002
 5.610000000000e-004,-4.02010e-002
 5.610400000000e-004,-4.02010e-002
 5.610800000000e-004,-4.02010e-002
 5.611200000000e-004,-4.02010e-002
 5.611600000000e-004,-4.02010e-002
 5.612000000000e-004, 0.00000e+000
 5.612400000000e-004,-4.02010e-002
 5.612800000000e-004,-4.02010e-002
 5.613200000000e-004,-4.02010e-002
 5.613600000000e-004,-8.04020e-002
 5.614000000000e-004,-8.04020e-002
 5.614400000000e-004,-8.04020e-002
 5.614800000000e-004,-8.04020e-002
 5.615200000000e-004,-8.04020e-002
 5.615600000000e-004,-4.02010e-002
 5.616000000000e-004,-4.02010e-002
 5.616400000000e-004, 0.00000e+000
 5.616800000000e-004, 0.00000e+000
 5.617200000000e-004, 0.00000e+000
 5.617600000000e-004,-4.02010e-002
 5.618000000000e-004,-4.02010e-002
 5.618400000000e-004,-4.02010e-002
 5.618800000000e-004,-8.04020e-002
 5.619200000000e-004,-4.02010e-002
 5.619600000000e-004,-4.02010e-002
 5.620000000000e-004,-4.02010e-002
 5.620400000000e-004,-4.02010e-002
 5.620800000000e-004,-4.02010e-002
 5.621200000000e-004,-4.02010e-002
 5.621600000000e-004,-4.02010e-002
 5.622000000000e-004,-4.02010e-002
 5.622400000000e-004,-4.02010e-002
 5.622800000000e-004,-8.04020e-002
 5.623200000000e-004,-4.02010e-002
 5.623600000000e-004,-8.04020e-002
 5.624000000000e-004,-4.02010e-002
 5.624400000000e-004,-4.02010e-002
 5.624800000000e-004,-8.04020e-002
 5.625200000000e-004,-4.02010e-002
 5.625600000000e-004,-4.02010e-002
 5.626000000000e-004,-4.02010e-002
 5.626400000000e-004,-4.02010e-002
 5.626800000000e-004,-4.02010e-002
 5.627200000000e-004,-4.02010e-002
 5.627600000000e-004,-4.02010e-002
 5.628000000000e-004,-4.02010e-002
 5.628400000000e-004,-4.02010e-002
 5.628800000000e-004,-4.02010e-002
 5.629200000000e-004,-8.04020e-002
 5.629600000000e-004,-4.02010e-002
 5.630000000000e-004,-4.02010e-002
 5.630400000000e-004,-4.02010e-002
 5.630800000000e-004, 0.00000e+000
 5.631200000000e-004,-4.02010e-002
 5.631600000000e-004,-4.02010e-002
 5.632000000000e-004,-4.02010e-002
 5.632400000000e-004,-4.02010e-002
 5.632800000000e-004,-8.04020e-002
 5.633200000000e-004,-8.04020e-002
 5.633600000000e-004,-4.02010e-002
 5.634000000000e-004,-4.02010e-002
 5.634400000000e-004,-4.02010e-002
 5.634800000000e-004,-4.02010e-002
 5.635200000000e-004,-4.02010e-002
 5.635600000000e-004,-4.02010e-002
 5.636000000000e-004,-4.02010e-002
 5.636400000000e-004,-4.02010e-002
 5.636800000000e-004,-4.02010e-002
 5.637200000000e-004,-4.02010e-002
 5.637600000000e-004,-4.02010e-002
 5.638000000000e-004,-4.02010e-002
 5.638400000000e-004,-4.02010e-002
 5.638800000000e-004,-8.04020e-002
 5.639200000000e-004,-4.02010e-002
 5.639600000000e-004,-4.02010e-002
 5.640000000000e-004,-4.02010e-002
 5.640400000000e-004,-4.02010e-002
 5.640800000000e-004,-4.02010e-002
 5.641200000000e-004,-4.02010e-002
 5.641600000000e-004,-4.02010e-002
 5.642000000000e-004,-8.04020e-002
 5.642400000000e-004,-4.02010e-002
 5.642800000000e-004,-4.02010e-002
 5.643200000000e-004,-4.02010e-002
 5.643600000000e-004, 0.00000e+000
 5.644000000000e-004, 0.00000e+000
 5.644400000000e-004, 0.00000e+000
 5.644800000000e-004,-4.02010e-002
 5.645200000000e-004,-8.04020e-002
 5.645600000000e-004,-8.04020e-002
 5.646000000000e-004,-8.04020e-002
 5.646400000000e-004,-4.02010e-002
 5.646800000000e-004,-4.02010e-002
 5.647200000000e-004,-4.02010e-002
 5.647600000000e-004,-4.02010e-002
 5.648000000000e-004,-4.02010e-002
 5.648400000000e-004,-4.02010e-002
 5.648800000000e-004,-4.02010e-002
 5.649200000000e-004,-4.02010e-002
 5.649600000000e-004,-4.02010e-002
 5.650000000000e-004,-4.02010e-002
 5.650400000000e-004,-4.02010e-002
 5.650800000000e-004,-4.02010e-002
 5.651200000000e-004,-4.02010e-002
 5.651600000000e-004,-4.02010e-002
 5.652000000000e-004,-4.02010e-002
 5.652400000000e-004,-4.02010e-002
 5.652800000000e-004,-4.02010e-002
 5.653200000000e-004,-4.02010e-002
 5.653600000000e-004,-4.02010e-002
 5.654000000000e-004,-4.02010e-002
 5.654400000000e-004,-4.02010e-002
 5.654800000000e-004,-4.02010e-002
 5.655200000000e-004,-8.04020e-002
 5.655600000000e-004,-8.04020e-002
 5.656000000000e-004,-8.04020e-002
 5.656400000000e-004,-4.02010e-002
 5.656800000000e-004,-4.02010e-002
 5.657200000000e-004,-4.02010e-002
 5.657600000000e-004,-4.02010e-002
 5.658000000000e-004,-4.02010e-002
 5.658400000000e-004,-4.02010e-002
 5.658800000000e-004,-4.02010e-002
 5.659200000000e-004,-4.02010e-002
 5.659600000000e-004,-4.02010e-002
 5.660000000000e-004,-8.04020e-002
 5.660400000000e-004,-4.02010e-002
 5.660800000000e-004,-4.02010e-002
 5.661200000000e-004,-4.02010e-002
 5.661600000000e-004,-4.02010e-002
 5.662000000000e-004,-4.02010e-002
 5.662400000000e-004,-4.02010e-002
 5.662800000000e-004,-4.02010e-002
 5.663200000000e-004,-4.02010e-002
 5.663600000000e-004,-4.02010e-002
 5.664000000000e-004,-8.04020e-002
 5.664400000000e-004,-8.04020e-002
 5.664800000000e-004,-4.02010e-002
 5.665200000000e-004,-4.02010e-002
 5.665600000000e-004,-4.02010e-002
 5.666000000000e-004,-4.02010e-002
 5.666400000000e-004,-4.02010e-002
 5.666800000000e-004,-4.02010e-002
 5.667200000000e-004,-4.02010e-002
 5.667600000000e-004,-4.02010e-002
 5.668000000000e-004,-4.02010e-002
 5.668400000000e-004,-4.02010e-002
 5.668800000000e-004,-4.02010e-002
 5.669200000000e-004,-8.04020e-002
 5.669600000000e-004,-4.02010e-002
 5.670000000000e-004,-4.02010e-002
 5.670400000000e-004,-4.02010e-002
 5.670800000000e-004,-4.02010e-002
 5.671200000000e-004, 0.00000e+000
 5.671600000000e-004,-4.02010e-002
 5.672000000000e-004,-4.02010e-002
 5.672400000000e-004,-8.04020e-002
 5.672800000000e-004,-8.04020e-002
 5.673200000000e-004,-8.04020e-002
 5.673600000000e-004,-4.02010e-002
 5.674000000000e-004,-4.02010e-002
 5.674400000000e-004, 0.00000e+000
 5.674800000000e-004, 0.00000e+000
 5.675200000000e-004, 0.00000e+000
 5.675600000000e-004, 0.00000e+000
 5.676000000000e-004,-4.02010e-002
 5.676400000000e-004,-4.02010e-002
 5.676800000000e-004,-4.02010e-002
 5.677200000000e-004,-4.02010e-002
 5.677600000000e-004,-4.02010e-002
 5.678000000000e-004,-4.02010e-002
 5.678400000000e-004,-4.02010e-002
 5.678800000000e-004,-4.02010e-002
 5.679200000000e-004,-4.02010e-002
 5.679600000000e-004,-4.02010e-002
 5.680000000000e-004,-4.02010e-002
 5.680400000000e-004,-4.02010e-002
 5.680800000000e-004,-4.02010e-002
 5.681200000000e-004,-4.02010e-002
 5.681600000000e-004,-4.02010e-002
 5.682000000000e-004,-4.02010e-002
 5.682400000000e-004,-4.02010e-002
 5.682800000000e-004,-4.02010e-002
 5.683200000000e-004,-4.02010e-002
 5.683600000000e-004,-4.02010e-002
 5.684000000000e-004,-4.02010e-002
 5.684400000000e-004,-4.02010e-002
 5.684800000000e-004,-4.02010e-002
 5.685200000000e-004,-4.02010e-002
 5.685600000000e-004,-4.02010e-002
 5.686000000000e-004,-4.02010e-002
 5.686400000000e-004,-4.02010e-002
 5.686800000000e-004,-4.02010e-002
 5.687200000000e-004,-4.02010e-002
 5.687600000000e-004,-4.02010e-002
 5.688000000000e-004,-4.02010e-002
 5.688400000000e-004, 0.00000e+000
 5.688800000000e-004,-4.02010e-002
 5.689200000000e-004,-4.02010e-002
 5.689600000000e-004, 0.00000e+000
 5.690000000000e-004,-4.02010e-002
 5.690400000000e-004,-4.02010e-002
 5.690800000000e-004,-4.02010e-002
 5.691200000000e-004,-8.04020e-002
 5.691600000000e-004,-8.04020e-002
 5.692000000000e-004,-4.02010e-002
 5.692400000000e-004,-4.02010e-002
 5.692800000000e-004,-4.02010e-002
 5.693200000000e-004,-4.02010e-002
 5.693600000000e-004,-4.02010e-002
 5.694000000000e-004,-4.02010e-002
 5.694400000000e-004,-4.02010e-002
 5.694800000000e-004,-4.02010e-002
 5.695200000000e-004,-4.02010e-002
 5.695600000000e-004,-4.02010e-002
 5.696000000000e-004,-4.02010e-002
 5.696400000000e-004,-8.04020e-002
 5.696800000000e-004,-4.02010e-002
 5.697200000000e-004,-8.04020e-002
 5.697600000000e-004,-4.02010e-002
 5.698000000000e-004,-4.02010e-002
 5.698400000000e-004,-4.02010e-002
 5.698800000000e-004,-4.02010e-002
 5.699200000000e-004,-4.02010e-002
 5.699600000000e-004,-4.02010e-002
 5.700000000000e-004,-8.04020e-002
 5.700400000000e-004,-4.02010e-002
 5.700800000000e-004,-8.04020e-002
 5.701200000000e-004,-4.02010e-002
 5.701600000000e-004, 0.00000e+000
 5.702000000000e-004,-4.02010e-002
 5.702400000000e-004,-4.02010e-002
 5.702800000000e-004,-4.02010e-002
 5.703200000000e-004,-8.04020e-002
 5.703600000000e-004,-8.04020e-002
 5.704000000000e-004,-8.04020e-002
 5.704400000000e-004,-8.04020e-002
 5.704800000000e-004,-4.02010e-002
 5.705200000000e-004,-4.02010e-002
 5.705600000000e-004,-4.02010e-002
 5.706000000000e-004, 0.00000e+000
 5.706400000000e-004,-4.02010e-002
 5.706800000000e-004,-4.02010e-002
 5.707200000000e-004,-4.02010e-002
 5.707600000000e-004,-8.04020e-002
 5.708000000000e-004,-4.02010e-002
 5.708400000000e-004,-4.02010e-002
 5.708800000000e-004,-4.02010e-002
 5.709200000000e-004,-4.02010e-002
 5.709600000000e-004,-4.02010e-002
 5.710000000000e-004,-4.02010e-002
 5.710400000000e-004,-4.02010e-002
 5.710800000000e-004,-8.04020e-002
 5.711200000000e-004,-4.02010e-002
 5.711600000000e-004,-4.02010e-002
 5.712000000000e-004,-4.02010e-002
 5.712400000000e-004, 0.00000e+000
 5.712800000000e-004,-4.02010e-002
 5.713200000000e-004,-4.02010e-002
 5.713600000000e-004,-8.04020e-002
 5.714000000000e-004,-4.02010e-002
 5.714400000000e-004,-4.02010e-002
 5.714800000000e-004,-4.02010e-002
 5.715200000000e-004,-4.02010e-002
 5.715600000000e-004,-4.02010e-002
 5.716000000000e-004, 0.00000e+000
 5.716400000000e-004,-4.02010e-002
 5.716800000000e-004,-4.02010e-002
 5.717200000000e-004,-4.02010e-002
 5.717600000000e-004,-4.02010e-002
 5.718000000000e-004,-4.02010e-002
 5.718400000000e-004,-4.02010e-002
 5.718800000000e-004,-8.04020e-002
 5.719200000000e-004,-8.04020e-002
 5.719600000000e-004,-4.02010e-002
 5.720000000000e-004,-4.02010e-002
 5.720400000000e-004,-4.02010e-002
 5.720800000000e-004,-4.02010e-002
 5.721200000000e-004,-4.02010e-002
 5.721600000000e-004,-4.02010e-002
 5.722000000000e-004,-8.04020e-002
 5.722400000000e-004,-4.02010e-002
 5.722800000000e-004,-4.02010e-002
 5.723200000000e-004,-4.02010e-002
 5.723600000000e-004,-4.02010e-002
 5.724000000000e-004,-4.02010e-002
 5.724400000000e-004,-4.02010e-002
 5.724800000000e-004,-4.02010e-002
 5.725200000000e-004,-4.02010e-002
 5.725600000000e-004,-4.02010e-002
 5.726000000000e-004,-4.02010e-002
 5.726400000000e-004,-4.02010e-002
 5.726800000000e-004,-4.02010e-002
 5.727200000000e-004,-4.02010e-002
 5.727600000000e-004,-4.02010e-002
 5.728000000000e-004,-4.02010e-002
 5.728400000000e-004,-4.02010e-002
 5.728800000000e-004,-4.02010e-002
 5.729200000000e-004,-4.02010e-002
 5.729600000000e-004,-4.02010e-002
 5.730000000000e-004,-4.02010e-002
 5.730400000000e-004,-8.04020e-002
 5.730800000000e-004,-8.04020e-002
 5.731200000000e-004,-8.04020e-002
 5.731600000000e-004,-4.02010e-002
 5.732000000000e-004,-4.02010e-002
 5.732400000000e-004, 0.00000e+000
 5.732800000000e-004, 0.00000e+000
 5.733200000000e-004, 0.00000e+000
 5.733600000000e-004, 0.00000e+000
 5.734000000000e-004,-4.02010e-002
 5.734400000000e-004,-4.02010e-002
 5.734800000000e-004,-8.04020e-002
 5.735200000000e-004,-4.02010e-002
 5.735600000000e-004,-4.02010e-002
 5.736000000000e-004,-4.02010e-002
 5.736400000000e-004,-4.02010e-002
 5.736800000000e-004,-4.02010e-002
 5.737200000000e-004,-4.02010e-002
 5.737600000000e-004,-4.02010e-002
 5.738000000000e-004,-4.02010e-002
 5.738400000000e-004,-4.02010e-002
 5.738800000000e-004,-4.02010e-002
 5.739200000000e-004,-4.02010e-002
 5.739600000000e-004,-4.02010e-002
 5.740000000000e-004,-4.02010e-002
 5.740400000000e-004,-8.04020e-002
 5.740800000000e-004,-4.02010e-002
 5.741200000000e-004,-4.02010e-002
 5.741600000000e-004,-4.02010e-002
 5.742000000000e-004,-4.02010e-002
 5.742400000000e-004,-4.02010e-002
 5.742800000000e-004,-4.02010e-002
 5.743200000000e-004, 0.00000e+000
 5.743600000000e-004,-4.02010e-002
 5.744000000000e-004,-4.02010e-002
 5.744400000000e-004,-4.02010e-002
 5.744800000000e-004,-4.02010e-002
 5.745200000000e-004,-4.02010e-002
 5.745600000000e-004,-4.02010e-002
 5.746000000000e-004,-4.02010e-002
 5.746400000000e-004,-4.02010e-002
 5.746800000000e-004,-4.02010e-002
 5.747200000000e-004,-4.02010e-002
 5.747600000000e-004,-4.02010e-002
 5.748000000000e-004,-4.02010e-002
 5.748400000000e-004,-4.02010e-002
 5.748800000000e-004,-4.02010e-002
 5.749200000000e-004,-4.02010e-002
 5.749600000000e-004,-4.02010e-002
 5.750000000000e-004,-4.02010e-002
 5.750400000000e-004,-4.02010e-002
 5.750800000000e-004,-4.02010e-002
 5.751200000000e-004,-4.02010e-002
 5.751600000000e-004,-4.02010e-002
 5.752000000000e-004,-4.02010e-002
 5.752400000000e-004,-4.02010e-002
 5.752800000000e-004, 0.00000e+000
 5.753200000000e-004,-4.02010e-002
 5.753600000000e-004,-4.02010e-002
 5.754000000000e-004,-4.02010e-002
 5.754400000000e-004,-4.02010e-002
 5.754800000000e-004,-4.02010e-002
 5.755200000000e-004,-4.02010e-002
 5.755600000000e-004,-4.02010e-002
 5.756000000000e-004,-4.02010e-002
 5.756400000000e-004,-4.02010e-002
 5.756800000000e-004,-4.02010e-002
 5.757200000000e-004,-4.02010e-002
 5.757600000000e-004,-4.02010e-002
 5.758000000000e-004,-4.02010e-002
 5.758400000000e-004,-4.02010e-002
 5.758800000000e-004,-4.02010e-002
 5.759200000000e-004,-4.02010e-002
 5.759600000000e-004, 0.00000e+000
 5.760000000000e-004, 0.00000e+000
 5.760400000000e-004,-4.02010e-002
 5.760800000000e-004,-4.02010e-002
 5.761200000000e-004,-4.02010e-002
 5.761600000000e-004,-4.02010e-002
 5.762000000000e-004,-8.04020e-002
 5.762400000000e-004,-8.04020e-002
 5.762800000000e-004,-4.02010e-002
 5.763200000000e-004,-4.02010e-002
 5.763600000000e-004,-4.02010e-002
 5.764000000000e-004,-4.02010e-002
 5.764400000000e-004,-4.02010e-002
 5.764800000000e-004,-4.02010e-002
 5.765200000000e-004,-4.02010e-002
 5.765600000000e-004,-4.02010e-002
 5.766000000000e-004,-4.02010e-002
 5.766400000000e-004,-4.02010e-002
 5.766800000000e-004,-4.02010e-002
 5.767200000000e-004,-4.02010e-002
 5.767600000000e-004,-8.04020e-002
 5.768000000000e-004,-8.04020e-002
 5.768400000000e-004,-4.02010e-002
 5.768800000000e-004,-8.04020e-002
 5.769200000000e-004,-4.02010e-002
 5.769600000000e-004,-4.02010e-002
 5.770000000000e-004,-4.02010e-002
 5.770400000000e-004, 0.00000e+000
 5.770800000000e-004,-4.02010e-002
 5.771200000000e-004,-4.02010e-002
 5.771600000000e-004,-8.04020e-002
 5.772000000000e-004,-4.02010e-002
 5.772400000000e-004,-4.02010e-002
 5.772800000000e-004,-8.04020e-002
 5.773200000000e-004,-4.02010e-002
 5.773600000000e-004,-4.02010e-002
 5.774000000000e-004,-4.02010e-002
 5.774400000000e-004,-4.02010e-002
 5.774800000000e-004,-4.02010e-002
 5.775200000000e-004,-4.02010e-002
 5.775600000000e-004,-4.02010e-002
 5.776000000000e-004,-4.02010e-002
 5.776400000000e-004,-8.04020e-002
 5.776800000000e-004,-4.02010e-002
 5.777200000000e-004,-4.02010e-002
 5.777600000000e-004,-8.04020e-002
 5.778000000000e-004,-4.02010e-002
 5.778400000000e-004,-4.02010e-002
 5.778800000000e-004,-4.02010e-002
 5.779200000000e-004,-4.02010e-002
 5.779600000000e-004,-4.02010e-002
 5.780000000000e-004,-4.02010e-002
 5.780400000000e-004,-4.02010e-002
 5.780800000000e-004,-4.02010e-002
 5.781200000000e-004,-4.02010e-002
 5.781600000000e-004,-4.02010e-002
 5.782000000000e-004,-8.04020e-002
 5.782400000000e-004,-4.02010e-002
 5.782800000000e-004,-4.02010e-002
 5.783200000000e-004, 0.00000e+000
 5.783600000000e-004,-4.02010e-002
 5.784000000000e-004,-4.02010e-002
 5.784400000000e-004,-4.02010e-002
 5.784800000000e-004,-4.02010e-002
 5.785200000000e-004,-4.02010e-002
 5.785600000000e-004,-4.02010e-002
 5.786000000000e-004,-4.02010e-002
 5.786400000000e-004,-4.02010e-002
 5.786800000000e-004,-4.02010e-002
 5.787200000000e-004,-4.02010e-002
 5.787600000000e-004,-4.02010e-002
 5.788000000000e-004,-4.02010e-002
 5.788400000000e-004,-4.02010e-002
 5.788800000000e-004,-8.04020e-002
 5.789200000000e-004,-4.02010e-002
 5.789600000000e-004,-4.02010e-002
 5.790000000000e-004,-4.02010e-002
 5.790400000000e-004,-4.02010e-002
 5.790800000000e-004,-4.02010e-002
 5.791200000000e-004, 0.00000e+000
 5.791600000000e-004,-4.02010e-002
 5.792000000000e-004,-4.02010e-002
 5.792400000000e-004,-4.02010e-002
 5.792800000000e-004,-8.04020e-002
 5.793200000000e-004,-4.02010e-002
 5.793600000000e-004,-8.04020e-002
 5.794000000000e-004,-8.04020e-002
 5.794400000000e-004,-4.02010e-002
 5.794800000000e-004,-4.02010e-002
 5.795200000000e-004,-4.02010e-002
 5.795600000000e-004,-4.02010e-002
 5.796000000000e-004,-4.02010e-002
 5.796400000000e-004,-4.02010e-002
 5.796800000000e-004,-4.02010e-002
 5.797200000000e-004,-4.02010e-002
 5.797600000000e-004,-4.02010e-002
 5.798000000000e-004,-4.02010e-002
 5.798400000000e-004,-4.02010e-002
 5.798800000000e-004,-4.02010e-002
 5.799200000000e-004,-4.02010e-002
 5.799600000000e-004,-4.02010e-002
 5.800000000000e-004,-4.02010e-002
 5.800400000000e-004,-4.02010e-002
 5.800800000000e-004,-4.02010e-002
 5.801200000000e-004,-4.02010e-002
 5.801600000000e-004,-4.02010e-002
 5.802000000000e-004,-4.02010e-002
 5.802400000000e-004,-4.02010e-002
 5.802800000000e-004,-8.04020e-002
 5.803200000000e-004,-4.02010e-002
 5.803600000000e-004,-8.04020e-002
 5.804000000000e-004,-8.04020e-002
 5.804400000000e-004,-4.02010e-002
 5.804800000000e-004,-4.02010e-002
 5.805200000000e-004,-4.02010e-002
 5.805600000000e-004, 0.00000e+000
 5.806000000000e-004,-4.02010e-002
 5.806400000000e-004,-4.02010e-002
 5.806800000000e-004,-4.02010e-002
 5.807200000000e-004,-4.02010e-002
 5.807600000000e-004,-4.02010e-002
 5.808000000000e-004,-8.04020e-002
 5.808400000000e-004,-4.02010e-002
 5.808800000000e-004,-4.02010e-002
 5.809200000000e-004,-4.02010e-002
 5.809600000000e-004,-8.04020e-002
 5.810000000000e-004,-4.02010e-002
 5.810400000000e-004,-4.02010e-002
 5.810800000000e-004,-4.02010e-002
 5.811200000000e-004,-4.02010e-002
 5.811600000000e-004,-4.02010e-002
 5.812000000000e-004,-4.02010e-002
 5.812400000000e-004,-4.02010e-002
 5.812800000000e-004,-4.02010e-002
 5.813200000000e-004,-4.02010e-002
 5.813600000000e-004,-4.02010e-002
 5.814000000000e-004,-4.02010e-002
 5.814400000000e-004,-4.02010e-002
 5.814800000000e-004,-4.02010e-002
 5.815200000000e-004,-4.02010e-002
 5.815600000000e-004,-4.02010e-002
 5.816000000000e-004,-8.04020e-002
 5.816400000000e-004,-8.04020e-002
 5.816800000000e-004,-4.02010e-002
 5.817200000000e-004,-4.02010e-002
 5.817600000000e-004, 0.00000e+000
 5.818000000000e-004,-4.02010e-002
 5.818400000000e-004,-4.02010e-002
 5.818800000000e-004,-4.02010e-002
 5.819200000000e-004,-4.02010e-002
 5.819600000000e-004,-4.02010e-002
 5.820000000000e-004,-8.04020e-002
 5.820400000000e-004,-8.04020e-002
 5.820800000000e-004,-8.04020e-002
 5.821200000000e-004,-8.04020e-002
 5.821600000000e-004,-4.02010e-002
 5.822000000000e-004,-4.02010e-002
 5.822400000000e-004,-4.02010e-002
 5.822800000000e-004,-4.02010e-002
 5.823200000000e-004,-4.02010e-002
 5.823600000000e-004,-4.02010e-002
 5.824000000000e-004,-4.02010e-002
 5.824400000000e-004,-4.02010e-002
 5.824800000000e-004,-4.02010e-002
 5.825200000000e-004,-4.02010e-002
 5.825600000000e-004,-4.02010e-002
 5.826000000000e-004,-8.04020e-002
 5.826400000000e-004,-8.04020e-002
 5.826800000000e-004,-4.02010e-002
 5.827200000000e-004,-4.02010e-002
 5.827600000000e-004,-4.02010e-002
 5.828000000000e-004,-4.02010e-002
 5.828400000000e-004,-4.02010e-002
 5.828800000000e-004,-4.02010e-002
 5.829200000000e-004,-4.02010e-002
 5.829600000000e-004,-4.02010e-002
 5.830000000000e-004,-4.02010e-002
 5.830400000000e-004,-8.04020e-002
 5.830800000000e-004,-4.02010e-002
 5.831200000000e-004,-4.02010e-002
 5.831600000000e-004,-4.02010e-002
 5.832000000000e-004, 0.00000e+000
 5.832400000000e-004,-4.02010e-002
 5.832800000000e-004,-4.02010e-002
 5.833200000000e-004,-4.02010e-002
 5.833600000000e-004,-4.02010e-002
 5.834000000000e-004,-4.02010e-002
 5.834400000000e-004,-4.02010e-002
 5.834800000000e-004,-4.02010e-002
 5.835200000000e-004,-4.02010e-002
 5.835600000000e-004,-8.04020e-002
 5.836000000000e-004,-4.02010e-002
 5.836400000000e-004,-4.02010e-002
 5.836800000000e-004,-4.02010e-002
 5.837200000000e-004,-4.02010e-002
 5.837600000000e-004,-4.02010e-002
 5.838000000000e-004,-4.02010e-002
 5.838400000000e-004,-4.02010e-002
 5.838800000000e-004,-4.02010e-002
 5.839200000000e-004,-4.02010e-002
 5.839600000000e-004,-4.02010e-002
 5.840000000000e-004,-4.02010e-002
 5.840400000000e-004,-4.02010e-002
 5.840800000000e-004,-4.02010e-002
 5.841200000000e-004,-4.02010e-002
 5.841600000000e-004,-4.02010e-002
 5.842000000000e-004,-4.02010e-002
 5.842400000000e-004,-4.02010e-002
 5.842800000000e-004,-4.02010e-002
 5.843200000000e-004,-4.02010e-002
 5.843600000000e-004,-4.02010e-002
 5.844000000000e-004,-8.04020e-002
 5.844400000000e-004,-4.02010e-002
 5.844800000000e-004,-4.02010e-002
 5.845200000000e-004,-4.02010e-002
 5.845600000000e-004,-4.02010e-002
 5.846000000000e-004,-4.02010e-002
 5.846400000000e-004,-8.04020e-002
 5.846800000000e-004,-4.02010e-002
 5.847200000000e-004,-8.04020e-002
 5.847600000000e-004,-8.04020e-002
 5.848000000000e-004,-8.04020e-002
 5.848400000000e-004,-4.02010e-002
 5.848800000000e-004, 0.00000e+000
 5.849200000000e-004,-4.02010e-002
 5.849600000000e-004, 0.00000e+000
 5.850000000000e-004, 0.00000e+000
 5.850400000000e-004,-4.02010e-002
 5.850800000000e-004,-4.02010e-002
 5.851200000000e-004,-8.04020e-002
 5.851600000000e-004,-8.04020e-002
 5.852000000000e-004,-4.02010e-002
 5.852400000000e-004,-4.02010e-002
 5.852800000000e-004,-8.04020e-002
 5.853200000000e-004,-4.02010e-002
 5.853600000000e-004,-4.02010e-002
 5.854000000000e-004,-4.02010e-002
 5.854400000000e-004,-4.02010e-002
 5.854800000000e-004,-4.02010e-002
 5.855200000000e-004,-4.02010e-002
 5.855600000000e-004,-4.02010e-002
 5.856000000000e-004,-4.02010e-002
 5.856400000000e-004,-4.02010e-002
 5.856800000000e-004,-8.04020e-002
 5.857200000000e-004,-4.02010e-002
 5.857600000000e-004,-4.02010e-002
 5.858000000000e-004,-4.02010e-002
 5.858400000000e-004,-4.02010e-002
 5.858800000000e-004,-4.02010e-002
 5.859200000000e-004,-4.02010e-002
 5.859600000000e-004,-4.02010e-002
 5.860000000000e-004,-4.02010e-002
 5.860400000000e-004,-4.02010e-002
 5.860800000000e-004,-8.04020e-002
 5.861200000000e-004,-4.02010e-002
 5.861600000000e-004,-8.04020e-002
 5.862000000000e-004,-8.04020e-002
 5.862400000000e-004,-4.02010e-002
 5.862800000000e-004,-4.02010e-002
 5.863200000000e-004,-4.02010e-002
 5.863600000000e-004,-4.02010e-002
 5.864000000000e-004,-4.02010e-002
 5.864400000000e-004,-4.02010e-002
 5.864800000000e-004,-4.02010e-002
 5.865200000000e-004,-4.02010e-002
 5.865600000000e-004,-4.02010e-002
 5.866000000000e-004,-4.02010e-002
 5.866400000000e-004,-4.02010e-002
 5.866800000000e-004,-4.02010e-002
 5.867200000000e-004,-8.04020e-002
 5.867600000000e-004,-8.04020e-002
 5.868000000000e-004,-4.02010e-002
 5.868400000000e-004,-4.02010e-002
 5.868800000000e-004,-8.04020e-002
 5.869200000000e-004,-8.04020e-002
 5.869600000000e-004,-4.02010e-002
 5.870000000000e-004,-4.02010e-002
 5.870400000000e-004,-4.02010e-002
 5.870800000000e-004,-4.02010e-002
 5.871200000000e-004,-4.02010e-002
 5.871600000000e-004,-4.02010e-002
 5.872000000000e-004,-4.02010e-002
 5.872400000000e-004,-4.02010e-002
 5.872800000000e-004,-4.02010e-002
 5.873200000000e-004,-4.02010e-002
 5.873600000000e-004,-4.02010e-002
 5.874000000000e-004,-8.04020e-002
 5.874400000000e-004,-8.04020e-002
 5.874800000000e-004,-4.02010e-002
 5.875200000000e-004,-4.02010e-002
 5.875600000000e-004,-4.02010e-002
 5.876000000000e-004, 0.00000e+000
 5.876400000000e-004,-4.02010e-002
 5.876800000000e-004, 0.00000e+000
 5.877200000000e-004,-4.02010e-002
 5.877600000000e-004, 0.00000e+000
 5.878000000000e-004,-4.02010e-002
 5.878400000000e-004,-8.04020e-002
 5.878800000000e-004,-8.04020e-002
 5.879200000000e-004,-8.04020e-002
 5.879600000000e-004,-8.04020e-002
 5.880000000000e-004,-4.02010e-002
 5.880400000000e-004,-4.02010e-002
 5.880800000000e-004,-4.02010e-002
 5.881200000000e-004, 0.00000e+000
 5.881600000000e-004,-4.02010e-002
 5.882000000000e-004,-4.02010e-002
 5.882400000000e-004,-4.02010e-002
 5.882800000000e-004,-4.02010e-002
 5.883200000000e-004,-8.04020e-002
 5.883600000000e-004,-8.04020e-002
 5.884000000000e-004,-8.04020e-002
 5.884400000000e-004,-8.04020e-002
 5.884800000000e-004,-8.04020e-002
 5.885200000000e-004,-8.04020e-002
 5.885600000000e-004,-8.04020e-002
 5.886000000000e-004,-4.02010e-002
 5.886400000000e-004,-4.02010e-002
 5.886800000000e-004,-4.02010e-002
 5.887200000000e-004,-4.02010e-002
 5.887600000000e-004,-4.02010e-002
 5.888000000000e-004,-4.02010e-002
 5.888400000000e-004,-8.04020e-002
 5.888800000000e-004,-4.02010e-002
 5.889200000000e-004,-4.02010e-002
 5.889600000000e-004,-4.02010e-002
 5.890000000000e-004,-4.02010e-002
 5.890400000000e-004,-4.02010e-002
 5.890800000000e-004, 0.00000e+000
 5.891200000000e-004, 0.00000e+000
 5.891600000000e-004,-4.02010e-002
 5.892000000000e-004,-4.02010e-002
 5.892400000000e-004,-4.02010e-002
 5.892800000000e-004,-4.02010e-002
 5.893200000000e-004,-8.04020e-002
 5.893600000000e-004,-8.04020e-002
 5.894000000000e-004,-8.04020e-002
 5.894400000000e-004,-4.02010e-002
 5.894800000000e-004,-4.02010e-002
 5.895200000000e-004,-4.02010e-002
 5.895600000000e-004,-4.02010e-002
 5.896000000000e-004,-4.02010e-002
 5.896400000000e-004,-4.02010e-002
 5.896800000000e-004,-4.02010e-002
 5.897200000000e-004,-4.02010e-002
 5.897600000000e-004,-4.02010e-002
 5.898000000000e-004,-4.02010e-002
 5.898400000000e-004,-4.02010e-002
 5.898800000000e-004,-4.02010e-002
 5.899200000000e-004,-4.02010e-002
 5.899600000000e-004,-4.02010e-002
 5.900000000000e-004,-4.02010e-002
 5.900400000000e-004,-8.04020e-002
 5.900800000000e-004,-4.02010e-002
 5.901200000000e-004,-4.02010e-002
 5.901600000000e-004,-4.02010e-002
 5.902000000000e-004,-8.04020e-002
 5.902400000000e-004,-8.04020e-002
 5.902800000000e-004,-8.04020e-002
 5.903200000000e-004,-4.02010e-002
 5.903600000000e-004,-4.02010e-002
 5.904000000000e-004,-4.02010e-002
 5.904400000000e-004,-4.02010e-002
 5.904800000000e-004,-4.02010e-002
 5.905200000000e-004,-4.02010e-002
 5.905600000000e-004,-4.02010e-002
 5.906000000000e-004,-4.02010e-002
 5.906400000000e-004,-4.02010e-002
 5.906800000000e-004,-8.04020e-002
 5.907200000000e-004,-4.02010e-002
 5.907600000000e-004,-4.02010e-002
 5.908000000000e-004,-4.02010e-002
 5.908400000000e-004,-4.02010e-002
 5.908800000000e-004, 0.00000e+000
 5.909200000000e-004,-4.02010e-002
 5.909600000000e-004,-4.02010e-002
 5.910000000000e-004,-4.02010e-002
 5.910400000000e-004,-4.02010e-002
 5.910800000000e-004,-4.02010e-002
 5.911200000000e-004,-4.02010e-002
 5.911600000000e-004,-4.02010e-002
 5.912000000000e-004,-4.02010e-002
 5.912400000000e-004,-8.04020e-002
 5.912800000000e-004,-8.04020e-002
 5.913200000000e-004,-8.04020e-002
 5.913600000000e-004,-8.04020e-002
 5.914000000000e-004,-8.04020e-002
 5.914400000000e-004,-4.02010e-002
 5.914800000000e-004, 0.00000e+000
 5.915200000000e-004, 0.00000e+000
 5.915600000000e-004, 0.00000e+000
 5.916000000000e-004, 0.00000e+000
 5.916400000000e-004, 0.00000e+000
 5.916800000000e-004,-4.02010e-002
 5.917200000000e-004,-4.02010e-002
 5.917600000000e-004,-4.02010e-002
 5.918000000000e-004, 0.00000e+000
 5.918400000000e-004, 0.00000e+000
 5.918800000000e-004, 0.00000e+000
 5.919200000000e-004,-4.02010e-002
 5.919600000000e-004,-4.02010e-002
 5.920000000000e-004,-4.02010e-002
 5.920400000000e-004,-8.04020e-002
 5.920800000000e-004,-4.02010e-002
 5.921200000000e-004,-8.04020e-002
 5.921600000000e-004,-2.01005e-001
 5.922000000000e-004,-2.41206e-001
 5.922400000000e-004,-2.41206e-001
 5.922800000000e-004,-2.41206e-001
 5.923200000000e-004,-8.04020e-002
 5.923600000000e-004, 4.02010e-002
 5.924000000000e-004, 2.41206e-001
 5.924400000000e-004, 2.81407e-001
 5.924800000000e-004, 2.01005e-001
 5.925200000000e-004, 1.20603e-001
 5.925600000000e-004,-1.20603e-001
 5.926000000000e-004,-2.81407e-001
 5.926400000000e-004,-2.81407e-001
 5.926800000000e-004,-2.41206e-001
 5.927200000000e-004,-1.20603e-001
 5.927600000000e-004, 0.00000e+000
 5.928000000000e-004, 4.02010e-002
 5.928400000000e-004, 8.04020e-002
 5.928800000000e-004, 4.02010e-002
 5.929200000000e-004,-4.02010e-002
 5.929600000000e-004,-8.04020e-002
 5.930000000000e-004,-1.20603e-001
 5.930400000000e-004,-8.04020e-002
 5.930800000000e-004,-4.02010e-002
 5.931200000000e-004,-4.02010e-002
 5.931600000000e-004, 0.00000e+000
 5.932000000000e-004,-4.02010e-002
 5.932400000000e-004,-4.02010e-002
 5.932800000000e-004,-8.04020e-002
 5.933200000000e-004,-8.04020e-002
 5.933600000000e-004,-8.04020e-002
 5.934000000000e-004,-4.02010e-002
 5.934400000000e-004, 0.00000e+000
 5.934800000000e-004, 0.00000e+000
 5.935200000000e-004, 0.00000e+000
 5.935600000000e-004,-4.02010e-002
 5.936000000000e-004,-4.02010e-002
 5.936400000000e-004,-4.02010e-002
 5.936800000000e-004, 0.00000e+000
 5.937200000000e-004, 4.02010e-002
 5.937600000000e-004, 8.04020e-002
 5.938000000000e-004, 4.02010e-002
 5.938400000000e-004,-4.02010e-002
 5.938800000000e-004,-2.81407e-001
 5.939200000000e-004,-4.02010e-001
 5.939600000000e-004,-4.82412e-001
 5.940000000000e-004,-4.82412e-001
 5.940400000000e-004,-2.81407e-001
 5.940800000000e-004, 0.00000e+000
 5.941200000000e-004, 5.62814e-001
 5.941600000000e-004, 6.83417e-001
 5.942000000000e-004, 5.22613e-001
 5.942400000000e-004, 2.01005e-001
 5.942800000000e-004,-8.04020e-002
 5.943200000000e-004,-4.82412e-001
 5.943600000000e-004,-6.43216e-001
 5.944000000000e-004,-5.62814e-001
 5.944400000000e-004,-3.21608e-001
 5.944800000000e-004, 4.02010e-002
 5.945200000000e-004, 2.41206e-001
 5.945600000000e-004, 2.81407e-001
 5.946000000000e-004, 2.81407e-001
 5.946400000000e-004, 4.02010e-002
 5.946800000000e-004,-1.20603e-001
 5.947200000000e-004,-2.41206e-001
 5.947600000000e-004,-2.41206e-001
 5.948000000000e-004,-2.01005e-001
 5.948400000000e-004,-1.60804e-001
 5.948800000000e-004,-4.02010e-002
 5.949200000000e-004, 0.00000e+000
 5.949600000000e-004, 0.00000e+000
 5.950000000000e-004, 4.02010e-002
 5.950400000000e-004, 4.02010e-002
 5.950800000000e-004, 8.04020e-002
 5.951200000000e-004, 8.04020e-002
 5.951600000000e-004, 8.04020e-002
 5.952000000000e-004, 0.00000e+000
 5.952400000000e-004,-4.02010e-002
 5.952800000000e-004,-1.20603e-001
 5.953200000000e-004,-2.41206e-001
 5.953600000000e-004,-2.41206e-001
 5.954000000000e-004,-1.60804e-001
 5.954400000000e-004,-4.02010e-002
 5.954800000000e-004, 0.00000e+000
 5.955200000000e-004, 4.02010e-002
 5.955600000000e-004, 1.20603e-001
 5.956000000000e-004, 8.04020e-002
 5.956400000000e-004, 0.00000e+000
 5.956800000000e-004,-4.02010e-002
 5.957200000000e-004,-1.20603e-001
 5.957600000000e-004,-1.20603e-001
 5.958000000000e-004,-1.20603e-001
 5.958400000000e-004,-1.20603e-001
 5.958800000000e-004,-8.04020e-002
 5.959200000000e-004,-4.02010e-002
 5.959600000000e-004,-4.02010e-002
 5.960000000000e-004, 0.00000e+000
 5.960400000000e-004, 0.00000e+000
 5.960800000000e-004, 0.00000e+000
 5.961200000000e-004, 0.00000e+000
 5.961600000000e-004,-4.02010e-002
 5.962000000000e-004,-4.02010e-002
 5.962400000000e-004,-4.02010e-002
 5.962800000000e-004,-8.04020e-002
 5.963200000000e-004,-8.04020e-002
 5.963600000000e-004,-8.04020e-002
 5.964000000000e-004,-8.04020e-002
 5.964400000000e-004,-8.04020e-002
 5.964800000000e-004,-4.02010e-002
 5.965200000000e-004, 0.00000e+000
 5.965600000000e-004, 0.00000e+000
 5.966000000000e-004,-4.02010e-002
 5.966400000000e-004,-8.04020e-002
 5.966800000000e-004,-8.04020e-002
 5.967200000000e-004,-8.04020e-002
 5.967600000000e-004,-4.02010e-002
 5.968000000000e-004, 8.04020e-002
 5.968400000000e-004, 1.60804e-001
 5.968800000000e-004, 2.01005e-001
 5.969200000000e-004, 2.41206e-001
 5.969600000000e-004, 0.00000e+000
 5.970000000000e-004,-1.20603e-001
 5.970400000000e-004,-2.81407e-001
 5.970800000000e-004,-5.22613e-001
 5.971200000000e-004,-4.02010e-001
 5.971600000000e-004,-2.81407e-001
 5.972000000000e-004, 0.00000e+000
 5.972400000000e-004, 2.41206e-001
 5.972800000000e-004, 3.21608e-001
 5.973200000000e-004, 2.81407e-001
 5.973600000000e-004, 1.20603e-001
 5.974000000000e-004, 0.00000e+000
 5.974400000000e-004,-2.01005e-001
 5.974800000000e-004,-2.41206e-001
 5.975200000000e-004,-2.01005e-001
 5.975600000000e-004,-8.04020e-002
 5.976000000000e-004,-4.02010e-002
 5.976400000000e-004, 4.02010e-002
 5.976800000000e-004, 0.00000e+000
 5.977200000000e-004, 0.00000e+000
 5.977600000000e-004,-4.02010e-002
 5.978000000000e-004,-8.04020e-002
 5.978400000000e-004,-8.04020e-002
 5.978800000000e-004,-8.04020e-002
 5.979200000000e-004,-8.04020e-002
 5.979600000000e-004,-8.04020e-002
 5.980000000000e-004,-4.02010e-002
 5.980400000000e-004, 0.00000e+000
 5.980800000000e-004, 4.02010e-002
 5.981200000000e-004, 4.02010e-002
 5.981600000000e-004, 0.00000e+000
 5.982000000000e-004,-4.02010e-002
 5.982400000000e-004,-8.04020e-002
 5.982800000000e-004,-1.20603e-001
 5.983200000000e-004,-1.60804e-001
 5.983600000000e-004,-1.20603e-001
 5.984000000000e-004,-4.02010e-002
 5.984400000000e-004, 0.00000e+000
 5.984800000000e-004, 0.00000e+000
 5.985200000000e-004, 4.02010e-002
 5.985600000000e-004,-4.02010e-002
 5.986000000000e-004,-8.04020e-002
 5.986400000000e-004,-1.20603e-001
 5.986800000000e-004,-1.60804e-001
 5.987200000000e-004,-1.20603e-001
 5.987600000000e-004,-8.04020e-002
 5.988000000000e-004, 0.00000e+000
 5.988400000000e-004, 4.02010e-002
 5.988800000000e-004, 4.02010e-002
 5.989200000000e-004, 4.02010e-002
 5.989600000000e-004, 0.00000e+000
 5.990000000000e-004,-4.02010e-002
 5.990400000000e-004,-8.04020e-002
 5.990800000000e-004,-8.04020e-002
 5.991200000000e-004,-8.04020e-002
 5.991600000000e-004,-8.04020e-002
 5.992000000000e-004,-4.02010e-002
 5.992400000000e-004, 0.00000e+000
 5.992800000000e-004, 0.00000e+000
 5.993200000000e-004,-4.02010e-002
 5.993600000000e-004,-4.02010e-002
 5.994000000000e-004,-8.04020e-002
 5.994400000000e-004,-1.20603e-001
 5.994800000000e-004,-8.04020e-002
 5.995200000000e-004,-8.04020e-002
 5.995600000000e-004,-4.02010e-002
 5.996000000000e-004, 0.00000e+000
 5.996400000000e-004, 0.00000e+000
 5.996800000000e-004, 0.00000e+000
 5.997200000000e-004, 0.00000e+000
 5.997600000000e-004, 0.00000e+000
 5.998000000000e-004,-4.02010e-002
 5.998400000000e-004, 0.00000e+000
 5.998800000000e-004, 0.00000e+000
 5.999200000000e-004,-4.02010e-002
 5.999600000000e-004,-8.04020e-002
 6.000000000000e-004,-8.04020e-002
 6.000400000000e-004,-1.20603e-001
 6.000800000000e-004,-1.20603e-001
 6.001200000000e-004,-1.20603e-001
 6.001600000000e-004,-4.02010e-002
 6.002000000000e-004, 0.00000e+000
 6.002400000000e-004, 4.02010e-002
 6.002800000000e-004, 4.02010e-002
 6.003200000000e-004, 0.00000e+000
 6.003600000000e-004, 0.00000e+000
 6.004000000000e-004,-8.04020e-002
 6.004400000000e-004,-8.04020e-002
 6.004800000000e-004,-8.04020e-002
 6.005200000000e-004,-8.04020e-002
 6.005600000000e-004,-4.02010e-002
 6.006000000000e-004, 4.02010e-002
 6.006400000000e-004, 1.20603e-001
 6.006800000000e-004, 8.04020e-002
 6.007200000000e-004, 4.02010e-002
 6.007600000000e-004,-1.20603e-001
 6.008000000000e-004,-2.81407e-001
 6.008400000000e-004,-3.21608e-001
 6.008800000000e-004,-3.61809e-001
 6.009200000000e-004,-1.60804e-001
 6.009600000000e-004,-1.20603e-001
 6.010000000000e-004, 1.60804e-001
 6.010400000000e-004, 2.81407e-001
 6.010800000000e-004, 2.01005e-001
 6.011200000000e-004, 8.04020e-002
 6.011600000000e-004,-8.04020e-002
 6.012000000000e-004,-2.81407e-001
 6.012400000000e-004,-3.21608e-001
 6.012800000000e-004,-2.81407e-001
 6.013200000000e-004,-2.01005e-001
 6.013600000000e-004,-1.20603e-001
 6.014000000000e-004, 0.00000e+000
 6.014400000000e-004, 1.20603e-001
 6.014800000000e-004, 2.01005e-001
 6.015200000000e-004, 1.60804e-001
 6.015600000000e-004, 1.20603e-001
 6.016000000000e-004,-4.02010e-002
 6.016400000000e-004,-8.04020e-002
 6.016800000000e-004,-2.01005e-001
 6.017200000000e-004,-2.41206e-001
 6.017600000000e-004,-2.41206e-001
 6.018000000000e-004,-1.60804e-001
 6.018400000000e-004,-8.04020e-002
 6.018800000000e-004, 0.00000e+000
 6.019200000000e-004, 4.02010e-002
 6.019600000000e-004, 4.02010e-002
 6.020000000000e-004, 0.00000e+000
 6.020400000000e-004, 0.00000e+000
 6.020800000000e-004,-4.02010e-002
 6.021200000000e-004,-1.20603e-001
 6.021600000000e-004,-1.20603e-001
 6.022000000000e-004,-1.20603e-001
 6.022400000000e-004,-8.04020e-002
 6.022800000000e-004,-4.02010e-002
 6.023200000000e-004, 4.02010e-002
 6.023600000000e-004, 1.20603e-001
 6.024000000000e-004, 1.60804e-001
 6.024400000000e-004, 1.20603e-001
 6.024800000000e-004, 4.02010e-002
 6.025200000000e-004,-8.04020e-002
 6.025600000000e-004,-3.61809e-001
 6.026000000000e-004,-4.02010e-001
 6.026400000000e-004,-3.61809e-001
 6.026800000000e-004,-2.81407e-001
 6.027200000000e-004,-1.60804e-001
 6.027600000000e-004, 0.00000e+000
 6.028000000000e-004, 1.60804e-001
 6.028400000000e-004, 2.41206e-001
 6.028800000000e-004, 1.20603e-001
 6.029200000000e-004, 4.02010e-002
 6.029600000000e-004, 0.00000e+000
 6.030000000000e-004,-8.04020e-002
 6.030400000000e-004,-1.20603e-001
 6.030800000000e-004,-1.20603e-001
 6.031200000000e-004,-8.04020e-002
 6.031600000000e-004,-8.04020e-002
 6.032000000000e-004,-8.04020e-002
 6.032400000000e-004,-1.20603e-001
 6.032800000000e-004,-8.04020e-002
 6.033200000000e-004,-8.04020e-002
 6.033600000000e-004,-4.02010e-002
 6.034000000000e-004, 0.00000e+000
 6.034400000000e-004, 0.00000e+000
 6.034800000000e-004,-8.04020e-002
 6.035200000000e-004,-1.20603e-001
 6.035600000000e-004,-1.20603e-001
 6.036000000000e-004,-1.20603e-001
 6.036400000000e-004, 0.00000e+000
 6.036800000000e-004, 4.02010e-002
 6.037200000000e-004, 2.01005e-001
 6.037600000000e-004, 2.41206e-001
 6.038000000000e-004, 1.60804e-001
 6.038400000000e-004,-4.02010e-002
 6.038800000000e-004,-1.60804e-001
 6.039200000000e-004,-3.61809e-001
 6.039600000000e-004,-3.61809e-001
 6.040000000000e-004,-2.81407e-001
 6.040400000000e-004,-2.81407e-001
 6.040800000000e-004, 4.02010e-002
 6.041200000000e-004, 1.60804e-001
 6.041600000000e-004, 2.01005e-001
 6.042000000000e-004, 2.01005e-001
 6.042400000000e-004, 8.04020e-002
 6.042800000000e-004,-8.04020e-002
 6.043200000000e-004,-1.60804e-001
 6.043600000000e-004,-2.01005e-001
 6.044000000000e-004,-1.60804e-001
 6.044400000000e-004,-1.20603e-001
 6.044800000000e-004,-8.04020e-002
 6.045200000000e-004,-4.02010e-002
 6.045600000000e-004, 4.02010e-002
 6.046000000000e-004, 1.20603e-001
 6.046400000000e-004, 1.60804e-001
 6.046800000000e-004, 1.20603e-001
 6.047200000000e-004, 1.20603e-001
 6.047600000000e-004,-1.60804e-001
 6.048000000000e-004,-2.81407e-001
 6.048400000000e-004,-4.02010e-001
 6.048800000000e-004,-4.42211e-001
 6.049200000000e-004,-4.02010e-001
 6.049600000000e-004,-1.20603e-001
 6.050000000000e-004, 8.04020e-002
 6.050400000000e-004, 2.01005e-001
 6.050800000000e-004, 3.21608e-001
 6.051200000000e-004, 2.81407e-001
 6.051600000000e-004, 1.20603e-001
 6.052000000000e-004,-4.02010e-002
 6.052400000000e-004,-1.60804e-001
 6.052800000000e-004,-2.41206e-001
 6.053200000000e-004,-2.41206e-001
 6.053600000000e-004,-2.01005e-001
 6.054000000000e-004,-8.04020e-002
 6.054400000000e-004, 0.00000e+000
 6.054800000000e-004, 8.04020e-002
 6.055200000000e-004, 1.20603e-001
 6.055600000000e-004, 0.00000e+000
 6.056000000000e-004,-4.02010e-002
 6.056400000000e-004,-1.20603e-001
 6.056800000000e-004,-1.60804e-001
 6.057200000000e-004,-1.60804e-001
 6.057600000000e-004,-1.20603e-001
 6.058000000000e-004,-4.02010e-002
 6.058400000000e-004, 0.00000e+000
 6.058800000000e-004, 8.04020e-002
 6.059200000000e-004, 4.02010e-002
 6.059600000000e-004, 4.02010e-002
 6.060000000000e-004,-4.02010e-002
 6.060400000000e-004,-8.04020e-002
 6.060800000000e-004,-4.02010e-002
 6.061200000000e-004,-8.04020e-002
 6.061600000000e-004,-8.04020e-002
 6.062000000000e-004,-8.04020e-002
 6.062400000000e-004,-1.20603e-001
 6.062800000000e-004,-1.20603e-001
 6.063200000000e-004,-1.60804e-001
 6.063600000000e-004,-1.60804e-001
 6.064000000000e-004,-1.60804e-001
 6.064400000000e-004,-4.02010e-002
 6.064800000000e-004, 4.02010e-002
 6.065200000000e-004, 1.20603e-001
 6.065600000000e-004, 2.01005e-001
 6.066000000000e-004, 2.01005e-001
 6.066400000000e-004, 1.20603e-001
 6.066800000000e-004, 0.00000e+000
 6.067200000000e-004,-2.81407e-001
 6.067600000000e-004,-4.02010e-001
 6.068000000000e-004,-4.42211e-001
 6.068400000000e-004,-3.21608e-001
 6.068800000000e-004,-1.60804e-001
 6.069200000000e-004, 1.20603e-001
 6.069600000000e-004, 2.41206e-001
 6.070000000000e-004, 4.42211e-001
 6.070400000000e-004, 4.02010e-001
 6.070800000000e-004, 2.01005e-001
 6.071200000000e-004, 4.02010e-002
 6.071600000000e-004,-2.01005e-001
 6.072000000000e-004,-3.61809e-001
 6.072400000000e-004,-4.42211e-001
 6.072800000000e-004,-4.42211e-001
 6.073200000000e-004,-3.61809e-001
 6.073600000000e-004,-1.60804e-001
 6.074000000000e-004, 0.00000e+000
 6.074400000000e-004, 2.01005e-001
 6.074800000000e-004, 1.20603e-001
 6.075200000000e-004, 0.00000e+000
 6.075600000000e-004,-4.02010e-002
 6.076000000000e-004,-1.20603e-001
 6.076400000000e-004,-1.20603e-001
 6.076800000000e-004,-8.04020e-002
 6.077200000000e-004, 0.00000e+000
 6.077600000000e-004, 1.60804e-001
 6.078000000000e-004, 1.60804e-001
 6.078400000000e-004, 8.04020e-002
 6.078800000000e-004,-4.02010e-002
 6.079200000000e-004,-1.20603e-001
 6.079600000000e-004,-1.60804e-001
 6.080000000000e-004,-1.60804e-001
 6.080400000000e-004,-4.02010e-002
 6.080800000000e-004,-4.02010e-002
 6.081200000000e-004, 0.00000e+000
 6.081600000000e-004,-4.02010e-002
 6.082000000000e-004,-8.04020e-002
 6.082400000000e-004,-1.60804e-001
 6.082800000000e-004,-2.01005e-001
 6.083200000000e-004,-1.60804e-001
 6.083600000000e-004,-4.02010e-002
 6.084000000000e-004, 8.04020e-002
 6.084400000000e-004, 1.20603e-001
 6.084800000000e-004, 1.20603e-001
 6.085200000000e-004, 8.04020e-002
 6.085600000000e-004,-4.02010e-002
 6.086000000000e-004,-8.04020e-002
 6.086400000000e-004,-1.20603e-001
 6.086800000000e-004,-8.04020e-002
 6.087200000000e-004,-4.02010e-002
 6.087600000000e-004, 4.02010e-002
 6.088000000000e-004, 4.02010e-002
 6.088400000000e-004, 0.00000e+000
 6.088800000000e-004,-8.04020e-002
 6.089200000000e-004,-2.01005e-001
 6.089600000000e-004,-2.41206e-001
 6.090000000000e-004,-2.81407e-001
 6.090400000000e-004,-2.41206e-001
 6.090800000000e-004,-1.60804e-001
 6.091200000000e-004, 4.02010e-002
 6.091600000000e-004, 1.20603e-001
 6.092000000000e-004, 2.41206e-001
 6.092400000000e-004, 2.41206e-001
 6.092800000000e-004, 1.60804e-001
 6.093200000000e-004, 0.00000e+000
 6.093600000000e-004,-8.04020e-002
 6.094000000000e-004,-2.01005e-001
 6.094400000000e-004,-2.81407e-001
 6.094800000000e-004,-2.81407e-001
 6.095200000000e-004,-2.41206e-001
 6.095600000000e-004,-1.60804e-001
 6.096000000000e-004,-4.02010e-002
 6.096400000000e-004, 8.04020e-002
 6.096800000000e-004, 1.20603e-001
 6.097200000000e-004, 1.20603e-001
 6.097600000000e-004, 8.04020e-002
 6.098000000000e-004, 0.00000e+000
 6.098400000000e-004,-8.04020e-002
 6.098800000000e-004,-1.60804e-001
 6.099200000000e-004,-2.01005e-001
 6.099600000000e-004,-1.60804e-001
 6.100000000000e-004,-1.20603e-001
 6.100400000000e-004,-4.02010e-002
 6.100800000000e-004, 8.04020e-002
 6.101200000000e-004, 1.20603e-001
 6.101600000000e-004, 1.20603e-001
 6.102000000000e-004, 4.02010e-002
 6.102400000000e-004, 0.00000e+000
 6.102800000000e-004,-8.04020e-002
 6.103200000000e-004,-1.60804e-001
 6.103600000000e-004,-1.60804e-001
 6.104000000000e-004,-1.60804e-001
 6.104400000000e-004,-1.20603e-001
 6.104800000000e-004,-4.02010e-002
 6.105200000000e-004,-4.02010e-002
 6.105600000000e-004, 0.00000e+000
 6.106000000000e-004, 4.02010e-002
 6.106400000000e-004, 4.02010e-002
 6.106800000000e-004, 0.00000e+000
 6.107200000000e-004,-8.04020e-002
 6.107600000000e-004,-1.60804e-001
 6.108000000000e-004,-1.60804e-001
 6.108400000000e-004,-1.20603e-001
 6.108800000000e-004,-1.60804e-001
 6.109200000000e-004,-8.04020e-002
 6.109600000000e-004, 0.00000e+000
 6.110000000000e-004, 4.02010e-002
 6.110400000000e-004, 8.04020e-002
 6.110800000000e-004, 8.04020e-002
 6.111200000000e-004, 8.04020e-002
 6.111600000000e-004, 4.02010e-002
 6.112000000000e-004,-4.02010e-002
 6.112400000000e-004,-8.04020e-002
 6.112800000000e-004,-8.04020e-002
 6.113200000000e-004,-1.20603e-001
 6.113600000000e-004,-1.20603e-001
 6.114000000000e-004,-8.04020e-002
 6.114400000000e-004,-4.02010e-002
 6.114800000000e-004, 0.00000e+000
 6.115200000000e-004, 0.00000e+000
 6.115600000000e-004,-4.02010e-002
 6.116000000000e-004,-1.20603e-001
 6.116400000000e-004,-1.20603e-001
 6.116800000000e-004,-1.60804e-001
 6.117200000000e-004,-1.20603e-001
 6.117600000000e-004,-4.02010e-002
 6.118000000000e-004, 8.04020e-002
 6.118400000000e-004, 8.04020e-002
 6.118800000000e-004, 8.04020e-002
 6.119200000000e-004, 8.04020e-002
 6.119600000000e-004, 0.00000e+000
 6.120000000000e-004,-8.04020e-002
 6.120400000000e-004,-8.04020e-002
 6.120800000000e-004,-1.20603e-001
 6.121200000000e-004,-1.20603e-001
 6.121600000000e-004,-4.02010e-002
 6.122000000000e-004,-4.02010e-002
 6.122400000000e-004, 0.00000e+000
 6.122800000000e-004, 0.00000e+000
 6.123200000000e-004,-8.04020e-002
 6.123600000000e-004,-8.04020e-002
 6.124000000000e-004,-1.20603e-001
 6.124400000000e-004,-8.04020e-002
 6.124800000000e-004,-8.04020e-002
 6.125200000000e-004,-4.02010e-002
 6.125600000000e-004, 4.02010e-002
 6.126000000000e-004, 8.04020e-002
 6.126400000000e-004, 8.04020e-002
 6.126800000000e-004, 4.02010e-002
 6.127200000000e-004, 0.00000e+000
 6.127600000000e-004,-1.20603e-001
 6.128000000000e-004,-2.01005e-001
 6.128400000000e-004,-2.01005e-001
 6.128800000000e-004,-1.60804e-001
 6.129200000000e-004,-8.04020e-002
 6.129600000000e-004, 0.00000e+000
 6.130000000000e-004, 4.02010e-002
 6.130400000000e-004, 0.00000e+000
 6.130800000000e-004, 0.00000e+000
 6.131200000000e-004,-4.02010e-002
 6.131600000000e-004,-1.20603e-001
 6.132000000000e-004,-1.20603e-001
 6.132400000000e-004,-4.02010e-002
 6.132800000000e-004,-4.02010e-002
 6.133200000000e-004, 0.00000e+000
 6.133600000000e-004, 0.00000e+000
 6.134000000000e-004,-4.02010e-002
 6.134400000000e-004,-4.02010e-002
 6.134800000000e-004,-8.04020e-002
 6.135200000000e-004,-4.02010e-002
 6.135600000000e-004, 0.00000e+000
 6.136000000000e-004, 4.02010e-002
 6.136400000000e-004, 4.02010e-002
 6.136800000000e-004, 0.00000e+000
 6.137200000000e-004,-8.04020e-002
 6.137600000000e-004,-1.60804e-001
 6.138000000000e-004,-2.01005e-001
 6.138400000000e-004,-2.01005e-001
 6.138800000000e-004,-2.01005e-001
 6.139200000000e-004,-1.20603e-001
 6.139600000000e-004,-4.02010e-002
 6.140000000000e-004, 8.04020e-002
 6.140400000000e-004, 1.20603e-001
 6.140800000000e-004, 1.20603e-001
 6.141200000000e-004, 4.02010e-002
 6.141600000000e-004,-4.02010e-002
 6.142000000000e-004,-1.20603e-001
 6.142400000000e-004,-1.20603e-001
 6.142800000000e-004,-1.60804e-001
 6.143200000000e-004,-1.20603e-001
 6.143600000000e-004,-4.02010e-002
 6.144000000000e-004,-4.02010e-002
 6.144400000000e-004, 0.00000e+000
 6.144800000000e-004, 0.00000e+000
 6.145200000000e-004, 0.00000e+000
 6.145600000000e-004,-4.02010e-002
 6.146000000000e-004,-4.02010e-002
 6.146400000000e-004,-4.02010e-002
 6.146800000000e-004,-4.02010e-002
 6.147200000000e-004,-8.04020e-002
 6.147600000000e-004,-8.04020e-002
 6.148000000000e-004,-4.02010e-002
 6.148400000000e-004,-8.04020e-002
 6.148800000000e-004,-8.04020e-002
 6.149200000000e-004,-8.04020e-002
 6.149600000000e-004, 0.00000e+000
 6.150000000000e-004, 0.00000e+000
 6.150400000000e-004, 4.02010e-002
 6.150800000000e-004, 4.02010e-002
 6.151200000000e-004, 0.00000e+000
 6.151600000000e-004,-4.02010e-002
 6.152000000000e-004,-4.02010e-002
 6.152400000000e-004,-1.20603e-001
 6.152800000000e-004,-8.04020e-002
 6.153200000000e-004,-4.02010e-002
 6.153600000000e-004,-8.04020e-002
 6.154000000000e-004,-8.04020e-002
 6.154400000000e-004,-8.04020e-002
 6.154800000000e-004,-8.04020e-002
 6.155200000000e-004,-8.04020e-002
 6.155600000000e-004, 0.00000e+000
 6.156000000000e-004, 0.00000e+000
 6.156400000000e-004, 0.00000e+000
 6.156800000000e-004, 4.02010e-002
 6.157200000000e-004, 4.02010e-002
 6.157600000000e-004,-4.02010e-002
 6.158000000000e-004,-4.02010e-002
 6.158400000000e-004,-1.20603e-001
 6.158800000000e-004,-1.20603e-001
 6.159200000000e-004,-1.20603e-001
 6.159600000000e-004,-8.04020e-002
 6.160000000000e-004,-8.04020e-002
 6.160400000000e-004,-4.02010e-002
 6.160800000000e-004,-4.02010e-002
 6.161200000000e-004, 0.00000e+000
 6.161600000000e-004, 0.00000e+000
 6.162000000000e-004, 0.00000e+000
 6.162400000000e-004, 0.00000e+000
 6.162800000000e-004, 0.00000e+000
 6.163200000000e-004,-4.02010e-002
 6.163600000000e-004,-8.04020e-002
 6.164000000000e-004,-1.20603e-001
 6.164400000000e-004,-1.20603e-001
 6.164800000000e-004,-1.20603e-001
 6.165200000000e-004,-4.02010e-002
 6.165600000000e-004,-4.02010e-002
 6.166000000000e-004,-4.02010e-002
 6.166400000000e-004,-4.02010e-002
 6.166800000000e-004,-4.02010e-002
 6.167200000000e-004,-4.02010e-002
 6.167600000000e-004,-4.02010e-002
 6.168000000000e-004, 0.00000e+000
 6.168400000000e-004, 4.02010e-002
 6.168800000000e-004, 4.02010e-002
 6.169200000000e-004, 4.02010e-002
 6.169600000000e-004,-4.02010e-002
 6.170000000000e-004,-1.20603e-001
 6.170400000000e-004,-1.20603e-001
 6.170800000000e-004,-1.60804e-001
 6.171200000000e-004,-1.60804e-001
 6.171600000000e-004,-1.20603e-001
 6.172000000000e-004,-8.04020e-002
 6.172400000000e-004,-4.02010e-002
 6.172800000000e-004, 0.00000e+000
 6.173200000000e-004, 0.00000e+000
 6.173600000000e-004, 0.00000e+000
 6.174000000000e-004, 0.00000e+000
 6.174400000000e-004, 0.00000e+000
 6.174800000000e-004, 0.00000e+000
 6.175200000000e-004, 0.00000e+000
 6.175600000000e-004, 0.00000e+000
 6.176000000000e-004, 0.00000e+000
 6.176400000000e-004, 0.00000e+000
 6.176800000000e-004,-4.02010e-002
 6.177200000000e-004,-8.04020e-002
 6.177600000000e-004,-8.04020e-002
 6.178000000000e-004,-1.20603e-001
 6.178400000000e-004,-1.20603e-001
 6.178800000000e-004,-8.04020e-002
 6.179200000000e-004,-4.02010e-002
 6.179600000000e-004,-4.02010e-002
 6.180000000000e-004,-4.02010e-002
 6.180400000000e-004,-4.02010e-002
 6.180800000000e-004, 0.00000e+000
 6.181200000000e-004, 0.00000e+000
 6.181600000000e-004,-4.02010e-002
 6.182000000000e-004,-8.04020e-002
 6.182400000000e-004,-8.04020e-002
 6.182800000000e-004,-8.04020e-002
 6.183200000000e-004,-8.04020e-002
 6.183600000000e-004,-4.02010e-002
 6.184000000000e-004,-4.02010e-002
 6.184400000000e-004, 0.00000e+000
 6.184800000000e-004, 0.00000e+000
 6.185200000000e-004, 0.00000e+000
 6.185600000000e-004, 0.00000e+000
 6.186000000000e-004, 0.00000e+000
 6.186400000000e-004,-4.02010e-002
 6.186800000000e-004,-4.02010e-002
 6.187200000000e-004,-8.04020e-002
 6.187600000000e-004,-8.04020e-002
 6.188000000000e-004,-1.20603e-001
 6.188400000000e-004,-1.20603e-001
 6.188800000000e-004,-8.04020e-002
 6.189200000000e-004,-8.04020e-002
 6.189600000000e-004, 0.00000e+000
 6.190000000000e-004, 0.00000e+000
 6.190400000000e-004, 0.00000e+000
 6.190800000000e-004, 4.02010e-002
 6.191200000000e-004, 0.00000e+000
 6.191600000000e-004, 0.00000e+000
 6.192000000000e-004,-8.04020e-002
 6.192400000000e-004,-1.20603e-001
 6.192800000000e-004,-1.20603e-001
 6.193200000000e-004,-1.20603e-001
 6.193600000000e-004,-8.04020e-002
 6.194000000000e-004,-4.02010e-002
 6.194400000000e-004, 0.00000e+000
 6.194800000000e-004, 4.02010e-002
 6.195200000000e-004, 4.02010e-002
 6.195600000000e-004, 0.00000e+000
 6.196000000000e-004,-4.02010e-002
 6.196400000000e-004,-8.04020e-002
 6.196800000000e-004,-1.20603e-001
 6.197200000000e-004,-1.20603e-001
 6.197600000000e-004,-8.04020e-002
 6.198000000000e-004,-8.04020e-002
 6.198400000000e-004, 0.00000e+000
 6.198800000000e-004, 0.00000e+000
 6.199200000000e-004, 0.00000e+000
 6.199600000000e-004, 0.00000e+000
 6.200000000000e-004,-4.02010e-002
 6.200400000000e-004,-4.02010e-002
 6.200800000000e-004,-8.04020e-002
 6.201200000000e-004,-8.04020e-002
 6.201600000000e-004,-8.04020e-002
 6.202000000000e-004,-8.04020e-002
 6.202400000000e-004,-8.04020e-002
 6.202800000000e-004,-8.04020e-002
 6.203200000000e-004,-4.02010e-002
 6.203600000000e-004, 0.00000e+000
 6.204000000000e-004, 4.02010e-002
 6.204400000000e-004, 4.02010e-002
 6.204800000000e-004, 4.02010e-002
 6.205200000000e-004, 0.00000e+000
 6.205600000000e-004,-4.02010e-002
 6.206000000000e-004,-1.60804e-001
 6.206400000000e-004,-2.01005e-001
 6.206800000000e-004,-2.01005e-001
 6.207200000000e-004,-1.60804e-001
 6.207600000000e-004,-8.04020e-002
 6.208000000000e-004, 0.00000e+000
 6.208400000000e-004, 4.02010e-002
 6.208800000000e-004, 8.04020e-002
 6.209200000000e-004, 1.20603e-001
 6.209600000000e-004, 8.04020e-002
 6.210000000000e-004, 0.00000e+000
 6.210400000000e-004,-8.04020e-002
 6.210800000000e-004,-1.20603e-001
 6.211200000000e-004,-1.60804e-001
 6.211600000000e-004,-1.60804e-001
 6.212000000000e-004,-8.04020e-002
 6.212400000000e-004,-4.02010e-002
 6.212800000000e-004, 0.00000e+000
 6.213200000000e-004, 0.00000e+000
 6.213600000000e-004, 0.00000e+000
 6.214000000000e-004, 0.00000e+000
 6.214400000000e-004,-4.02010e-002
 6.214800000000e-004,-4.02010e-002
 6.215200000000e-004,-4.02010e-002
 6.215600000000e-004,-4.02010e-002
 6.216000000000e-004,-4.02010e-002
 6.216400000000e-004,-4.02010e-002
 6.216800000000e-004,-4.02010e-002
 6.217200000000e-004,-8.04020e-002
 6.217600000000e-004,-1.20603e-001
 6.218000000000e-004,-8.04020e-002
 6.218400000000e-004,-1.20603e-001
 6.218800000000e-004,-8.04020e-002
 6.219200000000e-004,-4.02010e-002
 6.219600000000e-004, 0.00000e+000
 6.220000000000e-004, 4.02010e-002
 6.220400000000e-004, 4.02010e-002
 6.220800000000e-004, 0.00000e+000
 6.221200000000e-004,-4.02010e-002
 6.221600000000e-004,-4.02010e-002
 6.222000000000e-004,-1.20603e-001
 6.222400000000e-004,-1.20603e-001
 6.222800000000e-004,-1.20603e-001
 6.223200000000e-004,-8.04020e-002
 6.223600000000e-004,-4.02010e-002
 6.224000000000e-004, 0.00000e+000
 6.224400000000e-004, 0.00000e+000
 6.224800000000e-004, 0.00000e+000
 6.225200000000e-004,-4.02010e-002
 6.225600000000e-004,-4.02010e-002
 6.226000000000e-004,-8.04020e-002
 6.226400000000e-004,-8.04020e-002
 6.226800000000e-004,-8.04020e-002
 6.227200000000e-004,-8.04020e-002
 6.227600000000e-004,-8.04020e-002
 6.228000000000e-004,-4.02010e-002
 6.228400000000e-004,-4.02010e-002
 6.228800000000e-004,-4.02010e-002
 6.229200000000e-004,-4.02010e-002
 6.229600000000e-004,-4.02010e-002
 6.230000000000e-004,-4.02010e-002
 6.230400000000e-004, 0.00000e+000
 6.230800000000e-004,-4.02010e-002
 6.231200000000e-004,-4.02010e-002
 6.231600000000e-004,-4.02010e-002
 6.232000000000e-004,-4.02010e-002
 6.232400000000e-004,-4.02010e-002
 6.232800000000e-004,-4.02010e-002
 6.233200000000e-004,-4.02010e-002
 6.233600000000e-004,-4.02010e-002
 6.234000000000e-004,-4.02010e-002
 6.234400000000e-004,-4.02010e-002
 6.234800000000e-004,-4.02010e-002
 6.235200000000e-004,-4.02010e-002
 6.235600000000e-004,-4.02010e-002
 6.236000000000e-004,-8.04020e-002
 6.236400000000e-004,-8.04020e-002
 6.236800000000e-004,-4.02010e-002
 6.237200000000e-004,-4.02010e-002
 6.237600000000e-004, 0.00000e+000
 6.238000000000e-004,-4.02010e-002
 6.238400000000e-004,-4.02010e-002
 6.238800000000e-004,-4.02010e-002
 6.239200000000e-004,-4.02010e-002
 6.239600000000e-004,-4.02010e-002
 6.240000000000e-004,-8.04020e-002
 6.240400000000e-004,-4.02010e-002
 6.240800000000e-004,-4.02010e-002
 6.241200000000e-004,-4.02010e-002
 6.241600000000e-004,-4.02010e-002
 6.242000000000e-004,-4.02010e-002
 6.242400000000e-004,-4.02010e-002
 6.242800000000e-004,-4.02010e-002
 6.243200000000e-004, 0.00000e+000
 6.243600000000e-004,-4.02010e-002
 6.244000000000e-004,-4.02010e-002
 6.244400000000e-004, 0.00000e+000
 6.244800000000e-004,-4.02010e-002
 6.245200000000e-004, 0.00000e+000
 6.245600000000e-004,-4.02010e-002
 6.246000000000e-004,-8.04020e-002
 6.246400000000e-004,-8.04020e-002
 6.246800000000e-004,-1.20603e-001
 6.247200000000e-004,-1.20603e-001
 6.247600000000e-004,-8.04020e-002
 6.248000000000e-004,-4.02010e-002
 6.248400000000e-004,-4.02010e-002
 6.248800000000e-004, 0.00000e+000
 6.249200000000e-004, 4.02010e-002
 6.249600000000e-004, 4.02010e-002
 6.250000000000e-004, 0.00000e+000
 6.250400000000e-004,-4.02010e-002
 6.250800000000e-004,-4.02010e-002
 6.251200000000e-004,-4.02010e-002
 6.251600000000e-004,-8.04020e-002
 6.252000000000e-004,-8.04020e-002
 6.252400000000e-004,-1.20603e-001
 6.252800000000e-004,-8.04020e-002
 6.253200000000e-004,-8.04020e-002
 6.253600000000e-004,-4.02010e-002
 6.254000000000e-004, 0.00000e+000
 6.254400000000e-004, 0.00000e+000
 6.254800000000e-004, 0.00000e+000
 6.255200000000e-004, 0.00000e+000
 6.255600000000e-004, 0.00000e+000
 6.256000000000e-004,-4.02010e-002
 6.256400000000e-004,-4.02010e-002
 6.256800000000e-004,-8.04020e-002
 6.257200000000e-004,-4.02010e-002
 6.257600000000e-004,-8.04020e-002
 6.258000000000e-004,-8.04020e-002
 6.258400000000e-004,-8.04020e-002
 6.258800000000e-004,-8.04020e-002
 6.259200000000e-004,-8.04020e-002
 6.259600000000e-004,-4.02010e-002
 6.260000000000e-004, 0.00000e+000
 6.260400000000e-004, 0.00000e+000
 6.260800000000e-004, 0.00000e+000
 6.261200000000e-004, 0.00000e+000
 6.261600000000e-004, 0.00000e+000
 6.262000000000e-004,-4.02010e-002
 6.262400000000e-004,-8.04020e-002
 6.262800000000e-004,-8.04020e-002
 6.263200000000e-004,-8.04020e-002
 6.263600000000e-004,-8.04020e-002
 6.264000000000e-004,-8.04020e-002
 6.264400000000e-004,-4.02010e-002
 6.264800000000e-004,-4.02010e-002
 6.265200000000e-004,-4.02010e-002
 6.265600000000e-004,-4.02010e-002
 6.266000000000e-004,-4.02010e-002
 6.266400000000e-004,-4.02010e-002
 6.266800000000e-004,-4.02010e-002
 6.267200000000e-004,-4.02010e-002
 6.267600000000e-004, 0.00000e+000
 6.268000000000e-004, 0.00000e+000
 6.268400000000e-004, 0.00000e+000
 6.268800000000e-004, 0.00000e+000
 6.269200000000e-004,-4.02010e-002
 6.269600000000e-004,-4.02010e-002
 6.270000000000e-004,-4.02010e-002
 6.270400000000e-004,-8.04020e-002
 6.270800000000e-004,-1.20603e-001
 6.271200000000e-004,-8.04020e-002
 6.271600000000e-004,-8.04020e-002
 6.272000000000e-004,-4.02010e-002
 6.272400000000e-004,-4.02010e-002
 6.272800000000e-004, 0.00000e+000
 6.273200000000e-004, 0.00000e+000
 6.273600000000e-004, 0.00000e+000
 6.274000000000e-004, 0.00000e+000
 6.274400000000e-004, 0.00000e+000
 6.274800000000e-004, 0.00000e+000
 6.275200000000e-004,-4.02010e-002
 6.275600000000e-004,-4.02010e-002
 6.276000000000e-004,-8.04020e-002
 6.276400000000e-004,-1.20603e-001
 6.276800000000e-004,-1.20603e-001
 6.277200000000e-004,-8.04020e-002
 6.277600000000e-004,-8.04020e-002
 6.278000000000e-004,-4.02010e-002
 6.278400000000e-004, 8.04020e-002
 6.278800000000e-004, 4.02010e-002
 6.279200000000e-004, 8.04020e-002
 6.279600000000e-004, 0.00000e+000
 6.280000000000e-004,-4.02010e-002
 6.280400000000e-004,-1.20603e-001
 6.280800000000e-004,-1.20603e-001
 6.281200000000e-004,-1.20603e-001
 6.281600000000e-004,-8.04020e-002
 6.282000000000e-004,-8.04020e-002
 6.282400000000e-004,-4.02010e-002
 6.282800000000e-004, 0.00000e+000
 6.283200000000e-004, 0.00000e+000
 6.283600000000e-004, 0.00000e+000
 6.284000000000e-004, 0.00000e+000
 6.284400000000e-004,-4.02010e-002
 6.284800000000e-004,-4.02010e-002
 6.285200000000e-004,-8.04020e-002
 6.285600000000e-004,-4.02010e-002
 6.286000000000e-004,-4.02010e-002
 6.286400000000e-004,-4.02010e-002
 6.286800000000e-004,-4.02010e-002
 6.287200000000e-004, 0.00000e+000
 6.287600000000e-004,-4.02010e-002
 6.288000000000e-004,-4.02010e-002
 6.288400000000e-004,-8.04020e-002
 6.288800000000e-004,-1.20603e-001
 6.289200000000e-004,-8.04020e-002
 6.289600000000e-004,-8.04020e-002
 6.290000000000e-004,-1.20603e-001
 6.290400000000e-004,-8.04020e-002
 6.290800000000e-004,-4.02010e-002
 6.291200000000e-004,-4.02010e-002
 6.291600000000e-004, 0.00000e+000
 6.292000000000e-004, 0.00000e+000
 6.292400000000e-004,-4.02010e-002
 6.292800000000e-004,-4.02010e-002
 6.293200000000e-004,-4.02010e-002
 6.293600000000e-004,-8.04020e-002
 6.294000000000e-004,-8.04020e-002
 6.294400000000e-004,-8.04020e-002
 6.294800000000e-004,-4.02010e-002
 6.295200000000e-004,-4.02010e-002
 6.295600000000e-004,-4.02010e-002
 6.296000000000e-004,-4.02010e-002
 6.296400000000e-004,-4.02010e-002
 6.296800000000e-004, 0.00000e+000
 6.297200000000e-004,-4.02010e-002
 6.297600000000e-004,-4.02010e-002
 6.298000000000e-004,-4.02010e-002
 6.298400000000e-004, 0.00000e+000
 6.298800000000e-004,-4.02010e-002
 6.299200000000e-004,-8.04020e-002
 6.299600000000e-004,-8.04020e-002
 6.300000000000e-004,-8.04020e-002
 6.300400000000e-004,-4.02010e-002
 6.300800000000e-004,-4.02010e-002
 6.301200000000e-004,-4.02010e-002
 6.301600000000e-004,-4.02010e-002
 6.302000000000e-004, 0.00000e+000
 6.302400000000e-004, 0.00000e+000
 6.302800000000e-004,-4.02010e-002
 6.303200000000e-004,-4.02010e-002
 6.303600000000e-004,-4.02010e-002
 6.304000000000e-004,-8.04020e-002
 6.304400000000e-004,-4.02010e-002
 6.304800000000e-004,-4.02010e-002
 6.305200000000e-004,-4.02010e-002
 6.305600000000e-004,-8.04020e-002
 6.306000000000e-004,-8.04020e-002
 6.306400000000e-004,-8.04020e-002
 6.306800000000e-004,-4.02010e-002
 6.307200000000e-004, 0.00000e+000
 6.307600000000e-004,-4.02010e-002
 6.308000000000e-004, 0.00000e+000
 6.308400000000e-004,-4.02010e-002
 6.308800000000e-004,-4.02010e-002
 6.309200000000e-004,-8.04020e-002
 6.309600000000e-004,-8.04020e-002
 6.310000000000e-004,-8.04020e-002
 6.310400000000e-004,-8.04020e-002
 6.310800000000e-004,-4.02010e-002
 6.311200000000e-004,-4.02010e-002
 6.311600000000e-004,-4.02010e-002
 6.312000000000e-004,-4.02010e-002
 6.312400000000e-004,-4.02010e-002
 6.312800000000e-004,-4.02010e-002
 6.313200000000e-004,-4.02010e-002
 6.313600000000e-004,-4.02010e-002
 6.314000000000e-004,-4.02010e-002
 6.314400000000e-004,-4.02010e-002
 6.314800000000e-004,-4.02010e-002
 6.315200000000e-004,-4.02010e-002
 6.315600000000e-004,-4.02010e-002
 6.316000000000e-004,-4.02010e-002
 6.316400000000e-004,-4.02010e-002
 6.316800000000e-004,-4.02010e-002
 6.317200000000e-004,-8.04020e-002
 6.317600000000e-004,-4.02010e-002
 6.318000000000e-004,-4.02010e-002
 6.318400000000e-004,-4.02010e-002
 6.318800000000e-004,-4.02010e-002
 6.319200000000e-004, 0.00000e+000
 6.319600000000e-004, 0.00000e+000
 6.320000000000e-004,-4.02010e-002
 6.320400000000e-004,-4.02010e-002
 6.320800000000e-004,-4.02010e-002
 6.321200000000e-004,-4.02010e-002
 6.321600000000e-004,-4.02010e-002
 6.322000000000e-004,-8.04020e-002
 6.322400000000e-004,-4.02010e-002
 6.322800000000e-004,-4.02010e-002
 6.323200000000e-004,-8.04020e-002
 6.323600000000e-004,-4.02010e-002
 6.324000000000e-004,-4.02010e-002
 6.324400000000e-004,-4.02010e-002
 6.324800000000e-004,-4.02010e-002
 6.325200000000e-004,-4.02010e-002
 6.325600000000e-004,-4.02010e-002
 6.326000000000e-004,-4.02010e-002
 6.326400000000e-004,-4.02010e-002
 6.326800000000e-004, 0.00000e+000
 6.327200000000e-004,-4.02010e-002
 6.327600000000e-004, 0.00000e+000
 6.328000000000e-004,-8.04020e-002
 6.328400000000e-004,-8.04020e-002
 6.328800000000e-004,-1.20603e-001
 6.329200000000e-004,-8.04020e-002
 6.329600000000e-004,-1.20603e-001
 6.330000000000e-004,-8.04020e-002
 6.330400000000e-004,-4.02010e-002
 6.330800000000e-004, 0.00000e+000
 6.331200000000e-004, 4.02010e-002
 6.331600000000e-004, 4.02010e-002
 6.332000000000e-004, 4.02010e-002
 6.332400000000e-004, 0.00000e+000
 6.332800000000e-004, 0.00000e+000
 6.333200000000e-004,-4.02010e-002
 6.333600000000e-004,-8.04020e-002
 6.334000000000e-004,-1.20603e-001
 6.334400000000e-004,-1.20603e-001
 6.334800000000e-004,-1.20603e-001
 6.335200000000e-004,-8.04020e-002
 6.335600000000e-004,-4.02010e-002
 6.336000000000e-004, 0.00000e+000
 6.336400000000e-004, 0.00000e+000
 6.336800000000e-004, 0.00000e+000
 6.337200000000e-004, 0.00000e+000
 6.337600000000e-004,-4.02010e-002
 6.338000000000e-004,-8.04020e-002
 6.338400000000e-004,-8.04020e-002
 6.338800000000e-004,-8.04020e-002
 6.339200000000e-004,-8.04020e-002
 6.339600000000e-004,-8.04020e-002
 6.340000000000e-004,-4.02010e-002
 6.340400000000e-004,-4.02010e-002
 6.340800000000e-004,-4.02010e-002
 6.341200000000e-004,-4.02010e-002
 6.341600000000e-004,-8.04020e-002
 6.342000000000e-004,-4.02010e-002
 6.342400000000e-004,-4.02010e-002
 6.342800000000e-004, 0.00000e+000
 6.343200000000e-004, 0.00000e+000
 6.343600000000e-004, 0.00000e+000
 6.344000000000e-004,-4.02010e-002
 6.344400000000e-004,-4.02010e-002
 6.344800000000e-004,-4.02010e-002
 6.345200000000e-004,-4.02010e-002
 6.345600000000e-004,-8.04020e-002
 6.346000000000e-004,-8.04020e-002
 6.346400000000e-004,-8.04020e-002
 6.346800000000e-004,-8.04020e-002
 6.347200000000e-004,-4.02010e-002
 6.347600000000e-004,-4.02010e-002
 6.348000000000e-004,-4.02010e-002
 6.348400000000e-004,-4.02010e-002
 6.348800000000e-004, 0.00000e+000
 6.349200000000e-004, 0.00000e+000
 6.349600000000e-004, 0.00000e+000
 6.350000000000e-004,-4.02010e-002
 6.350400000000e-004,-4.02010e-002
 6.350800000000e-004,-4.02010e-002
 6.351200000000e-004,-8.04020e-002
 6.351600000000e-004,-8.04020e-002
 6.352000000000e-004,-8.04020e-002
 6.352400000000e-004,-4.02010e-002
 6.352800000000e-004,-4.02010e-002
 6.353200000000e-004, 0.00000e+000
 6.353600000000e-004,-4.02010e-002
 6.354000000000e-004,-4.02010e-002
 6.354400000000e-004,-4.02010e-002
 6.354800000000e-004,-8.04020e-002
 6.355200000000e-004,-4.02010e-002
 6.355600000000e-004,-4.02010e-002
 6.356000000000e-004,-4.02010e-002
 6.356400000000e-004,-4.02010e-002
 6.356800000000e-004,-4.02010e-002
 6.357200000000e-004,-4.02010e-002
 6.357600000000e-004,-4.02010e-002
 6.358000000000e-004,-4.02010e-002
 6.358400000000e-004,-4.02010e-002
 6.358800000000e-004,-4.02010e-002
 6.359200000000e-004,-4.02010e-002
 6.359600000000e-004,-4.02010e-002
 6.360000000000e-004,-8.04020e-002
 6.360400000000e-004,-8.04020e-002
 6.360800000000e-004,-8.04020e-002
 6.361200000000e-004,-4.02010e-002
 6.361600000000e-004,-4.02010e-002
 6.362000000000e-004,-4.02010e-002
 6.362400000000e-004, 0.00000e+000
 6.362800000000e-004,-4.02010e-002
 6.363200000000e-004, 0.00000e+000
 6.363600000000e-004,-4.02010e-002
 6.364000000000e-004,-8.04020e-002
 6.364400000000e-004,-1.20603e-001
 6.364800000000e-004,-8.04020e-002
 6.365200000000e-004,-8.04020e-002
 6.365600000000e-004,-8.04020e-002
 6.366000000000e-004, 0.00000e+000
 6.366400000000e-004, 0.00000e+000
 6.366800000000e-004, 0.00000e+000
 6.367200000000e-004, 0.00000e+000
 6.367600000000e-004,-4.02010e-002
 6.368000000000e-004,-4.02010e-002
 6.368400000000e-004,-8.04020e-002
 6.368800000000e-004,-8.04020e-002
 6.369200000000e-004,-4.02010e-002
 6.369600000000e-004,-4.02010e-002
 6.370000000000e-004,-4.02010e-002
 6.370400000000e-004,-4.02010e-002
 6.370800000000e-004, 0.00000e+000
 6.371200000000e-004,-4.02010e-002
 6.371600000000e-004,-4.02010e-002
 6.372000000000e-004,-4.02010e-002
 6.372400000000e-004,-4.02010e-002
 6.372800000000e-004,-8.04020e-002
 6.373200000000e-004,-4.02010e-002
 6.373600000000e-004,-8.04020e-002
 6.374000000000e-004,-4.02010e-002
 6.374400000000e-004,-4.02010e-002
 6.374800000000e-004,-4.02010e-002
 6.375200000000e-004,-4.02010e-002
 6.375600000000e-004,-4.02010e-002
 6.376000000000e-004,-4.02010e-002
 6.376400000000e-004, 0.00000e+000
 6.376800000000e-004,-4.02010e-002
 6.377200000000e-004,-8.04020e-002
 6.377600000000e-004,-8.04020e-002
 6.378000000000e-004,-8.04020e-002
 6.378400000000e-004,-4.02010e-002
 6.378800000000e-004, 0.00000e+000
 6.379200000000e-004, 0.00000e+000
 6.379600000000e-004, 0.00000e+000
 6.380000000000e-004, 0.00000e+000
 6.380400000000e-004,-4.02010e-002
 6.380800000000e-004,-8.04020e-002
 6.381200000000e-004,-8.04020e-002
 6.381600000000e-004,-8.04020e-002
 6.382000000000e-004,-1.20603e-001
 6.382400000000e-004,-8.04020e-002
 6.382800000000e-004,-4.02010e-002
 6.383200000000e-004,-4.02010e-002
 6.383600000000e-004,-4.02010e-002
 6.384000000000e-004,-4.02010e-002
 6.384400000000e-004,-4.02010e-002
 6.384800000000e-004,-4.02010e-002
 6.385200000000e-004,-4.02010e-002
 6.385600000000e-004,-4.02010e-002
 6.386000000000e-004,-4.02010e-002
 6.386400000000e-004,-4.02010e-002
 6.386800000000e-004,-8.04020e-002
 6.387200000000e-004,-4.02010e-002
 6.387600000000e-004,-8.04020e-002
 6.388000000000e-004,-4.02010e-002
 6.388400000000e-004,-4.02010e-002
 6.388800000000e-004,-4.02010e-002
 6.389200000000e-004, 0.00000e+000
 6.389600000000e-004,-4.02010e-002
 6.390000000000e-004, 0.00000e+000
 6.390400000000e-004,-4.02010e-002
 6.390800000000e-004,-4.02010e-002
 6.391200000000e-004,-1.20603e-001
 6.391600000000e-004,-8.04020e-002
 6.392000000000e-004,-8.04020e-002
 6.392400000000e-004,-8.04020e-002
 6.392800000000e-004,-8.04020e-002
 6.393200000000e-004,-4.02010e-002
 6.393600000000e-004,-4.02010e-002
 6.394000000000e-004, 0.00000e+000
 6.394400000000e-004, 0.00000e+000
 6.394800000000e-004,-4.02010e-002
 6.395200000000e-004,-4.02010e-002
 6.395600000000e-004,-4.02010e-002
 6.396000000000e-004,-4.02010e-002
 6.396400000000e-004,-4.02010e-002
 6.396800000000e-004,-4.02010e-002
 6.397200000000e-004,-4.02010e-002
 6.397600000000e-004,-4.02010e-002
 6.398000000000e-004,-4.02010e-002
 6.398400000000e-004,-8.04020e-002
 6.398800000000e-004,-8.04020e-002
 6.399200000000e-004,-4.02010e-002
 6.399600000000e-004,-8.04020e-002
 6.400000000000e-004,-8.04020e-002
 6.400400000000e-004,-4.02010e-002
 6.400800000000e-004,-4.02010e-002
 6.401200000000e-004, 0.00000e+000
 6.401600000000e-004, 0.00000e+000
 6.402000000000e-004, 0.00000e+000
 6.402400000000e-004,-4.02010e-002
 6.402800000000e-004,-4.02010e-002
 6.403200000000e-004,-8.04020e-002
 6.403600000000e-004,-8.04020e-002
 6.404000000000e-004,-8.04020e-002
 6.404400000000e-004,-8.04020e-002
 6.404800000000e-004,-4.02010e-002
 6.405200000000e-004,-4.02010e-002
 6.405600000000e-004,-4.02010e-002
 6.406000000000e-004,-4.02010e-002
 6.406400000000e-004,-4.02010e-002
 6.406800000000e-004,-4.02010e-002
 6.407200000000e-004,-4.02010e-002
 6.407600000000e-004, 0.00000e+000
 6.408000000000e-004,-4.02010e-002
 6.408400000000e-004, 0.00000e+000
 6.408800000000e-004,-4.02010e-002
 6.409200000000e-004,-4.02010e-002
 6.409600000000e-004,-4.02010e-002
 6.410000000000e-004,-4.02010e-002
 6.410400000000e-004,-4.02010e-002
 6.410800000000e-004,-4.02010e-002
 6.411200000000e-004,-4.02010e-002
 6.411600000000e-004,-4.02010e-002
 6.412000000000e-004,-8.04020e-002
 6.412400000000e-004,-8.04020e-002
 6.412800000000e-004,-4.02010e-002
 6.413200000000e-004,-4.02010e-002
 6.413600000000e-004,-4.02010e-002
 6.414000000000e-004,-4.02010e-002
 6.414400000000e-004, 0.00000e+000
 6.414800000000e-004, 0.00000e+000
 6.415200000000e-004,-4.02010e-002
 6.415600000000e-004,-4.02010e-002
 6.416000000000e-004,-4.02010e-002
 6.416400000000e-004,-4.02010e-002
 6.416800000000e-004,-8.04020e-002
 6.417200000000e-004,-8.04020e-002
 6.417600000000e-004,-8.04020e-002
 6.418000000000e-004,-8.04020e-002
 6.418400000000e-004,-8.04020e-002
 6.418800000000e-004,-4.02010e-002
 6.419200000000e-004,-4.02010e-002
 6.419600000000e-004, 0.00000e+000
 6.420000000000e-004,-4.02010e-002
 6.420400000000e-004,-4.02010e-002
 6.420800000000e-004,-4.02010e-002
 6.421200000000e-004,-4.02010e-002
 6.421600000000e-004,-8.04020e-002
 6.422000000000e-004,-8.04020e-002
 6.422400000000e-004,-8.04020e-002
 6.422800000000e-004,-8.04020e-002
 6.423200000000e-004,-4.02010e-002
 6.423600000000e-004,-4.02010e-002
 6.424000000000e-004,-4.02010e-002
 6.424400000000e-004, 0.00000e+000
 6.424800000000e-004, 0.00000e+000
 6.425200000000e-004,-4.02010e-002
 6.425600000000e-004,-4.02010e-002
 6.426000000000e-004,-4.02010e-002
 6.426400000000e-004,-8.04020e-002
 6.426800000000e-004,-8.04020e-002
 6.427200000000e-004,-4.02010e-002
 6.427600000000e-004,-4.02010e-002
 6.428000000000e-004,-4.02010e-002
 6.428400000000e-004,-4.02010e-002
 6.428800000000e-004,-4.02010e-002
 6.429200000000e-004,-4.02010e-002
 6.429600000000e-004,-8.04020e-002
 6.430000000000e-004,-4.02010e-002
 6.430400000000e-004,-4.02010e-002
 6.430800000000e-004,-4.02010e-002
 6.431200000000e-004,-8.04020e-002
 6.431600000000e-004,-4.02010e-002
 6.432000000000e-004,-8.04020e-002
 6.432400000000e-004,-4.02010e-002
 6.432800000000e-004,-4.02010e-002
 6.433200000000e-004,-4.02010e-002
 6.433600000000e-004,-4.02010e-002
 6.434000000000e-004,-4.02010e-002
 6.434400000000e-004, 0.00000e+000
 6.434800000000e-004,-4.02010e-002
 6.435200000000e-004,-4.02010e-002
 6.435600000000e-004,-1.20603e-001
 6.436000000000e-004,-8.04020e-002
 6.436400000000e-004,-8.04020e-002
 6.436800000000e-004,-4.02010e-002
 6.437200000000e-004, 0.00000e+000
 6.437600000000e-004,-4.02010e-002
 6.438000000000e-004, 0.00000e+000
 6.438400000000e-004,-4.02010e-002
 6.438800000000e-004,-4.02010e-002
 6.439200000000e-004,-8.04020e-002
 6.439600000000e-004,-8.04020e-002
 6.440000000000e-004,-8.04020e-002
 6.440400000000e-004,-8.04020e-002
 6.440800000000e-004,-4.02010e-002
 6.441200000000e-004,-4.02010e-002
 6.441600000000e-004,-4.02010e-002
 6.442000000000e-004, 0.00000e+000
 6.442400000000e-004, 0.00000e+000
 6.442800000000e-004,-4.02010e-002
 6.443200000000e-004,-4.02010e-002
 6.443600000000e-004,-8.04020e-002
 6.444000000000e-004,-8.04020e-002
 6.444400000000e-004,-8.04020e-002
 6.444800000000e-004,-4.02010e-002
 6.445200000000e-004,-4.02010e-002
 6.445600000000e-004,-4.02010e-002
 6.446000000000e-004,-4.02010e-002
 6.446400000000e-004, 0.00000e+000
 6.446800000000e-004, 0.00000e+000
 6.447200000000e-004, 0.00000e+000
 6.447600000000e-004,-4.02010e-002
 6.448000000000e-004,-4.02010e-002
 6.448400000000e-004,-4.02010e-002
 6.448800000000e-004,-4.02010e-002
 6.449200000000e-004,-8.04020e-002
 6.449600000000e-004,-8.04020e-002
 6.450000000000e-004,-4.02010e-002
 6.450400000000e-004,-4.02010e-002
 6.450800000000e-004, 0.00000e+000
 6.451200000000e-004, 0.00000e+000
 6.451600000000e-004,-4.02010e-002
 6.452000000000e-004,-4.02010e-002
 6.452400000000e-004,-8.04020e-002
 6.452800000000e-004,-8.04020e-002
 6.453200000000e-004,-8.04020e-002
 6.453600000000e-004,-8.04020e-002
 6.454000000000e-004,-4.02010e-002
 6.454400000000e-004, 0.00000e+000
 6.454800000000e-004, 0.00000e+000
 6.455200000000e-004, 0.00000e+000
 6.455600000000e-004, 0.00000e+000
 6.456000000000e-004,-4.02010e-002
 6.456400000000e-004,-4.02010e-002
 6.456800000000e-004,-4.02010e-002
 6.457200000000e-004,-8.04020e-002
 6.457600000000e-004,-8.04020e-002
 6.458000000000e-004,-4.02010e-002
 6.458400000000e-004,-4.02010e-002
 6.458800000000e-004,-4.02010e-002
 6.459200000000e-004,-4.02010e-002
 6.459600000000e-004, 0.00000e+000
 6.460000000000e-004, 0.00000e+000
 6.460400000000e-004,-4.02010e-002
 6.460800000000e-004,-4.02010e-002
 6.461200000000e-004,-8.04020e-002
 6.461600000000e-004,-1.20603e-001
 6.462000000000e-004,-1.20603e-001
 6.462400000000e-004,-8.04020e-002
 6.462800000000e-004,-4.02010e-002
 6.463200000000e-004,-4.02010e-002
 6.463600000000e-004, 0.00000e+000
 6.464000000000e-004, 4.02010e-002
 6.464400000000e-004, 0.00000e+000
 6.464800000000e-004, 0.00000e+000
 6.465200000000e-004,-4.02010e-002
 6.465600000000e-004,-8.04020e-002
 6.466000000000e-004,-8.04020e-002
 6.466400000000e-004,-1.20603e-001
 6.466800000000e-004,-8.04020e-002
 6.467200000000e-004,-8.04020e-002
 6.467600000000e-004,-4.02010e-002
 6.468000000000e-004, 0.00000e+000
 6.468400000000e-004, 0.00000e+000
 6.468800000000e-004,-4.02010e-002
 6.469200000000e-004,-4.02010e-002
 6.469600000000e-004,-4.02010e-002
 6.470000000000e-004,-8.04020e-002
 6.470400000000e-004,-8.04020e-002
 6.470800000000e-004,-8.04020e-002
 6.471200000000e-004,-4.02010e-002
 6.471600000000e-004,-4.02010e-002
 6.472000000000e-004,-4.02010e-002
 6.472400000000e-004,-4.02010e-002
 6.472800000000e-004, 0.00000e+000
 6.473200000000e-004,-4.02010e-002
 6.473600000000e-004,-4.02010e-002
 6.474000000000e-004,-4.02010e-002
 6.474400000000e-004,-4.02010e-002
 6.474800000000e-004,-4.02010e-002
 6.475200000000e-004,-8.04020e-002
 6.475600000000e-004,-8.04020e-002
 6.476000000000e-004,-8.04020e-002
 6.476400000000e-004,-4.02010e-002
 6.476800000000e-004,-4.02010e-002
 6.477200000000e-004,-4.02010e-002
 6.477600000000e-004, 0.00000e+000
 6.478000000000e-004,-4.02010e-002
 6.478400000000e-004,-4.02010e-002
 6.478800000000e-004,-8.04020e-002
 6.479200000000e-004,-4.02010e-002
 6.479600000000e-004,-8.04020e-002
 6.480000000000e-004,-8.04020e-002
 6.480400000000e-004,-4.02010e-002
 6.480800000000e-004,-4.02010e-002
 6.481200000000e-004,-4.02010e-002
 6.481600000000e-004,-4.02010e-002
 6.482000000000e-004,-4.02010e-002
 6.482400000000e-004,-4.02010e-002
 6.482800000000e-004,-4.02010e-002
 6.483200000000e-004,-4.02010e-002
 6.483600000000e-004,-4.02010e-002
 6.484000000000e-004,-4.02010e-002
 6.484400000000e-004,-4.02010e-002
 6.484800000000e-004,-4.02010e-002
 6.485200000000e-004,-4.02010e-002
 6.485600000000e-004,-4.02010e-002
 6.486000000000e-004,-4.02010e-002
 6.486400000000e-004,-8.04020e-002
 6.486800000000e-004,-4.02010e-002
 6.487200000000e-004,-4.02010e-002
 6.487600000000e-004,-8.04020e-002
 6.488000000000e-004,-8.04020e-002
 6.488400000000e-004,-4.02010e-002
 6.488800000000e-004,-4.02010e-002
 6.489200000000e-004,-8.04020e-002
 6.489600000000e-004,-4.02010e-002
 6.490000000000e-004,-4.02010e-002
 6.490400000000e-004,-4.02010e-002
 6.490800000000e-004,-4.02010e-002
 6.491200000000e-004,-4.02010e-002
 6.491600000000e-004,-4.02010e-002
 6.492000000000e-004,-4.02010e-002
 6.492400000000e-004,-4.02010e-002
 6.492800000000e-004,-8.04020e-002
 6.493200000000e-004,-4.02010e-002
 6.493600000000e-004,-4.02010e-002
 6.494000000000e-004,-4.02010e-002
 6.494400000000e-004,-4.02010e-002
 6.494800000000e-004,-4.02010e-002
 6.495200000000e-004, 0.00000e+000
 6.495600000000e-004,-4.02010e-002
 6.496000000000e-004, 0.00000e+000
 6.496400000000e-004, 0.00000e+000
 6.496800000000e-004,-4.02010e-002
 6.497200000000e-004,-4.02010e-002
 6.497600000000e-004,-8.04020e-002
 6.498000000000e-004,-8.04020e-002
 6.498400000000e-004,-8.04020e-002
 6.498800000000e-004,-8.04020e-002
 6.499200000000e-004,-8.04020e-002
 6.499600000000e-004,-4.02010e-002
 6.500000000000e-004,-4.02010e-002
 6.500400000000e-004, 0.00000e+000
 6.500800000000e-004,-4.02010e-002
 6.501200000000e-004,-4.02010e-002
 6.501600000000e-004,-4.02010e-002
 6.502000000000e-004,-4.02010e-002
 6.502400000000e-004,-4.02010e-002
 6.502800000000e-004,-4.02010e-002
 6.503200000000e-004,-4.02010e-002
 6.503600000000e-004,-4.02010e-002
 6.504000000000e-004,-4.02010e-002
 6.504400000000e-004,-4.02010e-002
 6.504800000000e-004,-4.02010e-002
 6.505200000000e-004,-4.02010e-002
 6.505600000000e-004,-4.02010e-002
 6.506000000000e-004,-4.02010e-002
 6.506400000000e-004,-4.02010e-002
 6.506800000000e-004,-8.04020e-002
 6.507200000000e-004,-8.04020e-002
 6.507600000000e-004,-8.04020e-002
 6.508000000000e-004,-4.02010e-002
 6.508400000000e-004,-4.02010e-002
 6.508800000000e-004, 0.00000e+000
 6.509200000000e-004,-4.02010e-002
 6.509600000000e-004,-4.02010e-002
 6.510000000000e-004,-4.02010e-002
 6.510400000000e-004,-8.04020e-002
 6.510800000000e-004,-4.02010e-002
 6.511200000000e-004,-8.04020e-002
 6.511600000000e-004,-8.04020e-002
 6.512000000000e-004,-8.04020e-002
 6.512400000000e-004,-4.02010e-002
 6.512800000000e-004,-4.02010e-002
 6.513200000000e-004, 0.00000e+000
 6.513600000000e-004, 0.00000e+000
 6.514000000000e-004,-4.02010e-002
 6.514400000000e-004,-4.02010e-002
 6.514800000000e-004,-4.02010e-002
 6.515200000000e-004,-4.02010e-002
 6.515600000000e-004,-8.04020e-002
 6.516000000000e-004,-4.02010e-002
 6.516400000000e-004,-4.02010e-002
 6.516800000000e-004,-4.02010e-002
 6.517200000000e-004,-4.02010e-002
 6.517600000000e-004,-4.02010e-002
 6.518000000000e-004,-4.02010e-002
 6.518400000000e-004,-4.02010e-002
 6.518800000000e-004,-4.02010e-002
 6.519200000000e-004,-4.02010e-002
 6.519600000000e-004,-4.02010e-002
 6.520000000000e-004,-8.04020e-002
 6.520400000000e-004,-1.20603e-001
 6.520800000000e-004,-8.04020e-002
 6.521200000000e-004,-4.02010e-002
 6.521600000000e-004, 0.00000e+000
 6.522000000000e-004, 0.00000e+000
 6.522400000000e-004, 0.00000e+000
 6.522800000000e-004, 0.00000e+000
 6.523200000000e-004, 0.00000e+000
 6.523600000000e-004,-8.04020e-002
 6.524000000000e-004,-8.04020e-002
 6.524400000000e-004,-8.04020e-002
 6.524800000000e-004,-8.04020e-002
 6.525200000000e-004,-4.02010e-002
 6.525600000000e-004,-4.02010e-002
 6.526000000000e-004,-4.02010e-002
 6.526400000000e-004,-4.02010e-002
 6.526800000000e-004, 0.00000e+000
 6.527200000000e-004,-4.02010e-002
 6.527600000000e-004,-4.02010e-002
 6.528000000000e-004,-8.04020e-002
 6.528400000000e-004,-4.02010e-002
 6.528800000000e-004,-4.02010e-002
 6.529200000000e-004,-8.04020e-002
 6.529600000000e-004,-8.04020e-002
 6.530000000000e-004,-4.02010e-002
 6.530400000000e-004, 0.00000e+000
 6.530800000000e-004,-4.02010e-002
 6.531200000000e-004,-4.02010e-002
 6.531600000000e-004,-4.02010e-002
 6.532000000000e-004,-4.02010e-002
 6.532400000000e-004,-4.02010e-002
 6.532800000000e-004,-8.04020e-002
 6.533200000000e-004,-8.04020e-002
 6.533600000000e-004,-4.02010e-002
 6.534000000000e-004,-4.02010e-002
 6.534400000000e-004,-4.02010e-002
 6.534800000000e-004, 0.00000e+000
 6.535200000000e-004,-4.02010e-002
 6.535600000000e-004, 0.00000e+000
 6.536000000000e-004,-4.02010e-002
 6.536400000000e-004,-4.02010e-002
 6.536800000000e-004,-4.02010e-002
 6.537200000000e-004,-8.04020e-002
 6.537600000000e-004,-8.04020e-002
 6.538000000000e-004,-8.04020e-002
 6.538400000000e-004,-4.02010e-002
 6.538800000000e-004, 0.00000e+000
 6.539200000000e-004,-4.02010e-002
 6.539600000000e-004, 0.00000e+000
 6.540000000000e-004,-4.02010e-002
 6.540400000000e-004,-4.02010e-002
 6.540800000000e-004,-4.02010e-002
 6.541200000000e-004,-8.04020e-002
 6.541600000000e-004,-4.02010e-002
 6.542000000000e-004,-4.02010e-002
 6.542400000000e-004,-4.02010e-002
 6.542800000000e-004,-4.02010e-002
 6.543200000000e-004,-4.02010e-002
 6.543600000000e-004,-4.02010e-002
 6.544000000000e-004,-4.02010e-002
 6.544400000000e-004,-4.02010e-002
 6.544800000000e-004,-8.04020e-002
 6.545200000000e-004,-4.02010e-002
 6.545600000000e-004,-4.02010e-002
 6.546000000000e-004,-4.02010e-002
 6.546400000000e-004,-4.02010e-002
 6.546800000000e-004,-4.02010e-002
 6.547200000000e-004,-4.02010e-002
 6.547600000000e-004,-4.02010e-002
 6.548000000000e-004,-4.02010e-002
 6.548400000000e-004,-4.02010e-002
 6.548800000000e-004,-4.02010e-002
 6.549200000000e-004,-4.02010e-002
 6.549600000000e-004,-4.02010e-002
 6.550000000000e-004,-4.02010e-002
 6.550400000000e-004,-8.04020e-002
 6.550800000000e-004,-8.04020e-002
 6.551200000000e-004,-8.04020e-002
 6.551600000000e-004,-4.02010e-002
 6.552000000000e-004,-4.02010e-002
 6.552400000000e-004, 0.00000e+000
 6.552800000000e-004,-4.02010e-002
 6.553200000000e-004, 0.00000e+000
 6.553600000000e-004,-4.02010e-002
 6.554000000000e-004,-4.02010e-002
 6.554400000000e-004,-4.02010e-002
 6.554800000000e-004,-4.02010e-002
 6.555200000000e-004,-4.02010e-002
 6.555600000000e-004,-4.02010e-002
 6.556000000000e-004,-4.02010e-002
 6.556400000000e-004,-4.02010e-002
 6.556800000000e-004,-4.02010e-002
 6.557200000000e-004,-4.02010e-002
 6.557600000000e-004,-4.02010e-002
 6.558000000000e-004, 0.00000e+000
 6.558400000000e-004,-4.02010e-002
 6.558800000000e-004,-4.02010e-002
 6.559200000000e-004,-4.02010e-002
 6.559600000000e-004,-4.02010e-002
 6.560000000000e-004,-4.02010e-002
 6.560400000000e-004,-8.04020e-002
 6.560800000000e-004,-8.04020e-002
 6.561200000000e-004,-4.02010e-002
 6.561600000000e-004,-4.02010e-002
 6.562000000000e-004,-4.02010e-002
 6.562400000000e-004, 0.00000e+000
 6.562800000000e-004, 0.00000e+000
 6.563200000000e-004,-4.02010e-002
 6.563600000000e-004,-4.02010e-002
 6.564000000000e-004,-4.02010e-002
 6.564400000000e-004,-4.02010e-002
 6.564800000000e-004,-4.02010e-002
 6.565200000000e-004,-4.02010e-002
 6.565600000000e-004,-4.02010e-002
 6.566000000000e-004,-4.02010e-002
 6.566400000000e-004,-4.02010e-002
 6.566800000000e-004,-4.02010e-002
 6.567200000000e-004,-4.02010e-002
 6.567600000000e-004,-4.02010e-002
 6.568000000000e-004,-8.04020e-002
 6.568400000000e-004,-4.02010e-002
 6.568800000000e-004,-4.02010e-002
 6.569200000000e-004,-4.02010e-002
 6.569600000000e-004,-4.02010e-002
 6.570000000000e-004,-4.02010e-002
 6.570400000000e-004,-4.02010e-002
 6.570800000000e-004,-4.02010e-002
 6.571200000000e-004,-4.02010e-002
 6.571600000000e-004,-4.02010e-002
 6.572000000000e-004,-4.02010e-002
 6.572400000000e-004,-4.02010e-002
 6.572800000000e-004,-4.02010e-002
 6.573200000000e-004,-4.02010e-002
 6.573600000000e-004,-4.02010e-002
 6.574000000000e-004,-4.02010e-002
 6.574400000000e-004,-4.02010e-002
 6.574800000000e-004,-4.02010e-002
 6.575200000000e-004,-4.02010e-002
 6.575600000000e-004,-4.02010e-002
 6.576000000000e-004,-4.02010e-002
 6.576400000000e-004,-4.02010e-002
 6.576800000000e-004,-4.02010e-002
 6.577200000000e-004,-4.02010e-002
 6.577600000000e-004,-8.04020e-002
 6.578000000000e-004,-8.04020e-002
 6.578400000000e-004,-8.04020e-002
 6.578800000000e-004,-8.04020e-002
 6.579200000000e-004, 0.00000e+000
 6.579600000000e-004,-4.02010e-002
 6.580000000000e-004,-4.02010e-002
 6.580400000000e-004,-4.02010e-002
 6.580800000000e-004,-4.02010e-002
 6.581200000000e-004,-4.02010e-002
 6.581600000000e-004,-4.02010e-002
 6.582000000000e-004,-4.02010e-002
 6.582400000000e-004,-4.02010e-002
 6.582800000000e-004,-8.04020e-002
 6.583200000000e-004,-8.04020e-002
 6.583600000000e-004,-4.02010e-002
 6.584000000000e-004, 0.00000e+000
 6.584400000000e-004,-4.02010e-002
 6.584800000000e-004,-4.02010e-002
 6.585200000000e-004,-4.02010e-002
 6.585600000000e-004,-4.02010e-002
 6.586000000000e-004,-4.02010e-002
 6.586400000000e-004,-4.02010e-002
 6.586800000000e-004,-8.04020e-002
 6.587200000000e-004,-4.02010e-002
 6.587600000000e-004,-4.02010e-002
 6.588000000000e-004,-4.02010e-002
 6.588400000000e-004,-4.02010e-002
 6.588800000000e-004,-4.02010e-002
 6.589200000000e-004,-4.02010e-002
 6.589600000000e-004,-4.02010e-002
 6.590000000000e-004,-4.02010e-002
 6.590400000000e-004,-8.04020e-002
 6.590800000000e-004,-4.02010e-002
 6.591200000000e-004,-4.02010e-002
 6.591600000000e-004,-4.02010e-002
 6.592000000000e-004,-4.02010e-002
 6.592400000000e-004,-4.02010e-002
 6.592800000000e-004, 0.00000e+000
 6.593200000000e-004,-4.02010e-002
 6.593600000000e-004,-4.02010e-002
 6.594000000000e-004,-4.02010e-002
 6.594400000000e-004,-4.02010e-002
 6.594800000000e-004,-8.04020e-002
 6.595200000000e-004,-8.04020e-002
 6.595600000000e-004,-4.02010e-002
 6.596000000000e-004,-4.02010e-002
 6.596400000000e-004,-4.02010e-002
 6.596800000000e-004,-4.02010e-002
 6.597200000000e-004, 0.00000e+000
 6.597600000000e-004,-4.02010e-002
 6.598000000000e-004,-4.02010e-002
 6.598400000000e-004,-8.04020e-002
 6.598800000000e-004,-8.04020e-002
 6.599200000000e-004,-8.04020e-002
 6.599600000000e-004,-8.04020e-002
 6.600000000000e-004,-4.02010e-002
 6.600400000000e-004,-4.02010e-002
 6.600800000000e-004, 0.00000e+000
 6.601200000000e-004,-4.02010e-002
 6.601600000000e-004,-4.02010e-002
 6.602000000000e-004,-4.02010e-002
 6.602400000000e-004,-4.02010e-002
 6.602800000000e-004,-4.02010e-002
 6.603200000000e-004,-4.02010e-002
 6.603600000000e-004,-4.02010e-002
 6.604000000000e-004,-8.04020e-002
 6.604400000000e-004,-4.02010e-002
 6.604800000000e-004,-4.02010e-002
 6.605200000000e-004,-4.02010e-002
 6.605600000000e-004,-4.02010e-002
 6.606000000000e-004,-4.02010e-002
 6.606400000000e-004,-4.02010e-002
 6.606800000000e-004, 0.00000e+000
 6.607200000000e-004,-4.02010e-002
 6.607600000000e-004,-4.02010e-002
 6.608000000000e-004,-8.04020e-002
 6.608400000000e-004,-8.04020e-002
 6.608800000000e-004,-8.04020e-002
 6.609200000000e-004,-4.02010e-002
 6.609600000000e-004,-4.02010e-002
 6.610000000000e-004,-4.02010e-002
 6.610400000000e-004, 0.00000e+000
 6.610800000000e-004, 0.00000e+000
 6.611200000000e-004,-4.02010e-002
 6.611600000000e-004,-4.02010e-002
 6.612000000000e-004,-4.02010e-002
 6.612400000000e-004,-8.04020e-002
 6.612800000000e-004,-8.04020e-002
 6.613200000000e-004,-8.04020e-002
 6.613600000000e-004,-4.02010e-002
 6.614000000000e-004,-4.02010e-002
 6.614400000000e-004,-4.02010e-002
 6.614800000000e-004,-4.02010e-002
 6.615200000000e-004,-4.02010e-002
 6.615600000000e-004,-4.02010e-002
 6.616000000000e-004,-4.02010e-002
 6.616400000000e-004,-8.04020e-002
 6.616800000000e-004,-4.02010e-002
 6.617200000000e-004,-4.02010e-002
 6.617600000000e-004,-4.02010e-002
 6.618000000000e-004,-4.02010e-002
 6.618400000000e-004,-4.02010e-002
 6.618800000000e-004,-4.02010e-002
 6.619200000000e-004,-4.02010e-002
 6.619600000000e-004,-4.02010e-002
 6.620000000000e-004,-4.02010e-002
 6.620400000000e-004,-4.02010e-002
 6.620800000000e-004,-4.02010e-002
 6.621200000000e-004,-4.02010e-002
 6.621600000000e-004,-4.02010e-002
 6.622000000000e-004,-8.04020e-002
 6.622400000000e-004,-4.02010e-002
 6.622800000000e-004,-4.02010e-002
 6.623200000000e-004,-4.02010e-002
 6.623600000000e-004, 0.00000e+000
 6.624000000000e-004, 0.00000e+000
 6.624400000000e-004,-4.02010e-002
 6.624800000000e-004,-4.02010e-002
 6.625200000000e-004,-4.02010e-002
 6.625600000000e-004,-4.02010e-002
 6.626000000000e-004,-8.04020e-002
 6.626400000000e-004,-8.04020e-002
 6.626800000000e-004,-4.02010e-002
 6.627200000000e-004,-4.02010e-002
 6.627600000000e-004, 0.00000e+000
 6.628000000000e-004,-4.02010e-002
 6.628400000000e-004, 0.00000e+000
 6.628800000000e-004, 0.00000e+000
 6.629200000000e-004,-4.02010e-002
 6.629600000000e-004,-4.02010e-002
 6.630000000000e-004,-4.02010e-002
 6.630400000000e-004,-4.02010e-002
 6.630800000000e-004,-4.02010e-002
 6.631200000000e-004,-4.02010e-002
 6.631600000000e-004,-4.02010e-002
 6.632000000000e-004,-4.02010e-002
 6.632400000000e-004,-4.02010e-002
 6.632800000000e-004,-4.02010e-002
 6.633200000000e-004,-4.02010e-002
 6.633600000000e-004,-4.02010e-002
 6.634000000000e-004,-4.02010e-002
 6.634400000000e-004,-4.02010e-002
 6.634800000000e-004,-4.02010e-002
 6.635200000000e-004,-4.02010e-002
 6.635600000000e-004,-4.02010e-002
 6.636000000000e-004,-4.02010e-002
 6.636400000000e-004,-4.02010e-002
 6.636800000000e-004,-4.02010e-002
 6.637200000000e-004,-4.02010e-002
 6.637600000000e-004,-4.02010e-002
 6.638000000000e-004,-4.02010e-002
 6.638400000000e-004,-8.04020e-002
 6.638800000000e-004,-4.02010e-002
 6.639200000000e-004,-8.04020e-002
 6.639600000000e-004,-4.02010e-002
 6.640000000000e-004,-4.02010e-002
 6.640400000000e-004,-4.02010e-002
 6.640800000000e-004,-8.04020e-002
 6.641200000000e-004,-4.02010e-002
 6.641600000000e-004,-4.02010e-002
 6.642000000000e-004,-4.02010e-002
 6.642400000000e-004, 0.00000e+000
 6.642800000000e-004, 0.00000e+000
 6.643200000000e-004,-4.02010e-002
 6.643600000000e-004, 0.00000e+000
 6.644000000000e-004, 0.00000e+000
 6.644400000000e-004,-4.02010e-002
 6.644800000000e-004,-8.04020e-002
 6.645200000000e-004,-8.04020e-002
 6.645600000000e-004,-4.02010e-002
 6.646000000000e-004,-4.02010e-002
 6.646400000000e-004,-4.02010e-002
 6.646800000000e-004,-4.02010e-002
 6.647200000000e-004,-4.02010e-002
 6.647600000000e-004,-4.02010e-002
 6.648000000000e-004,-4.02010e-002
 6.648400000000e-004,-4.02010e-002
 6.648800000000e-004,-8.04020e-002
 6.649200000000e-004,-8.04020e-002
 6.649600000000e-004,-4.02010e-002
 6.650000000000e-004,-4.02010e-002
 6.650400000000e-004,-4.02010e-002
 6.650800000000e-004,-4.02010e-002
 6.651200000000e-004, 0.00000e+000
 6.651600000000e-004,-4.02010e-002
 6.652000000000e-004,-8.04020e-002
 6.652400000000e-004,-4.02010e-002
 6.652800000000e-004,-8.04020e-002
 6.653200000000e-004,-4.02010e-002
 6.653600000000e-004,-4.02010e-002
 6.654000000000e-004,-4.02010e-002
 6.654400000000e-004,-4.02010e-002
 6.654800000000e-004,-4.02010e-002
 6.655200000000e-004, 0.00000e+000
 6.655600000000e-004,-4.02010e-002
 6.656000000000e-004,-4.02010e-002
 6.656400000000e-004,-4.02010e-002
 6.656800000000e-004,-4.02010e-002
 6.657200000000e-004,-4.02010e-002
 6.657600000000e-004,-4.02010e-002
 6.658000000000e-004,-4.02010e-002
 6.658400000000e-004,-4.02010e-002
 6.658800000000e-004,-4.02010e-002
 6.659200000000e-004,-4.02010e-002
 6.659600000000e-004,-4.02010e-002
 6.660000000000e-004,-4.02010e-002
 6.660400000000e-004,-4.02010e-002
 6.660800000000e-004,-4.02010e-002
 6.661200000000e-004,-4.02010e-002
 6.661600000000e-004,-8.04020e-002
 6.662000000000e-004,-8.04020e-002
 6.662400000000e-004,-8.04020e-002
 6.662800000000e-004,-8.04020e-002
 6.663200000000e-004,-4.02010e-002
 6.663600000000e-004,-4.02010e-002
 6.664000000000e-004,-4.02010e-002
 6.664400000000e-004,-4.02010e-002
 6.664800000000e-004, 0.00000e+000
 6.665200000000e-004,-4.02010e-002
 6.665600000000e-004, 0.00000e+000
 6.666000000000e-004,-4.02010e-002
 6.666400000000e-004,-8.04020e-002
 6.666800000000e-004,-8.04020e-002
 6.667200000000e-004,-8.04020e-002
 6.667600000000e-004,-8.04020e-002
 6.668000000000e-004,-8.04020e-002
 6.668400000000e-004,-4.02010e-002
 6.668800000000e-004,-4.02010e-002
 6.669200000000e-004,-4.02010e-002
 6.669600000000e-004, 0.00000e+000
 6.670000000000e-004,-4.02010e-002
 6.670400000000e-004,-4.02010e-002
 6.670800000000e-004,-4.02010e-002
 6.671200000000e-004,-4.02010e-002
 6.671600000000e-004,-4.02010e-002
 6.672000000000e-004,-4.02010e-002
 6.672400000000e-004,-4.02010e-002
 6.672800000000e-004,-4.02010e-002
 6.673200000000e-004,-8.04020e-002
 6.673600000000e-004,-4.02010e-002
 6.674000000000e-004,-4.02010e-002
 6.674400000000e-004,-4.02010e-002
 6.674800000000e-004, 0.00000e+000
 6.675200000000e-004,-4.02010e-002
 6.675600000000e-004,-4.02010e-002
 6.676000000000e-004,-4.02010e-002
 6.676400000000e-004,-4.02010e-002
 6.676800000000e-004,-4.02010e-002
 6.677200000000e-004,-4.02010e-002
 6.677600000000e-004,-4.02010e-002
 6.678000000000e-004,-4.02010e-002
 6.678400000000e-004,-4.02010e-002
 6.678800000000e-004,-4.02010e-002
 6.679200000000e-004,-4.02010e-002
 6.679600000000e-004,-4.02010e-002
 6.680000000000e-004,-8.04020e-002
 6.680400000000e-004,-8.04020e-002
 6.680800000000e-004,-4.02010e-002
 6.681200000000e-004, 0.00000e+000
 6.681600000000e-004, 0.00000e+000
 6.682000000000e-004, 0.00000e+000
 6.682400000000e-004,-4.02010e-002
 6.682800000000e-004,-4.02010e-002
 6.683200000000e-004,-4.02010e-002
 6.683600000000e-004,-8.04020e-002
 6.684000000000e-004,-4.02010e-002
 6.684400000000e-004,-4.02010e-002
 6.684800000000e-004,-4.02010e-002
 6.685200000000e-004,-4.02010e-002
 6.685600000000e-004,-4.02010e-002
 6.686000000000e-004,-4.02010e-002
 6.686400000000e-004,-4.02010e-002
 6.686800000000e-004,-4.02010e-002
 6.687200000000e-004,-4.02010e-002
 6.687600000000e-004,-8.04020e-002
 6.688000000000e-004,-4.02010e-002
 6.688400000000e-004,-4.02010e-002
 6.688800000000e-004,-4.02010e-002
 6.689200000000e-004,-4.02010e-002
 6.689600000000e-004,-4.02010e-002
 6.690000000000e-004,-4.02010e-002
 6.690400000000e-004,-4.02010e-002
 6.690800000000e-004,-4.02010e-002
 6.691200000000e-004,-4.02010e-002
 6.691600000000e-004,-4.02010e-002
 6.692000000000e-004,-4.02010e-002
 6.692400000000e-004, 0.00000e+000
 6.692800000000e-004,-4.02010e-002
 6.693200000000e-004,-4.02010e-002
 6.693600000000e-004,-4.02010e-002
 6.694000000000e-004,-4.02010e-002
 6.694400000000e-004,-4.02010e-002
 6.694800000000e-004,-4.02010e-002
 6.695200000000e-004,-8.04020e-002
 6.695600000000e-004,-4.02010e-002
 6.696000000000e-004,-4.02010e-002
 6.696400000000e-004, 0.00000e+000
 6.696800000000e-004,-4.02010e-002
 6.697200000000e-004,-4.02010e-002
 6.697600000000e-004,-4.02010e-002
 6.698000000000e-004,-4.02010e-002
 6.698400000000e-004,-4.02010e-002
 6.698800000000e-004,-4.02010e-002
 6.699200000000e-004,-4.02010e-002
 6.699600000000e-004,-4.02010e-002
 6.700000000000e-004,-4.02010e-002
 6.700400000000e-004,-4.02010e-002
 6.700800000000e-004,-4.02010e-002
 6.701200000000e-004,-4.02010e-002
 6.701600000000e-004,-4.02010e-002
 6.702000000000e-004,-4.02010e-002
 6.702400000000e-004,-4.02010e-002
 6.702800000000e-004,-4.02010e-002
 6.703200000000e-004,-8.04020e-002
 6.703600000000e-004,-4.02010e-002
 6.704000000000e-004,-4.02010e-002
 6.704400000000e-004,-4.02010e-002
 6.704800000000e-004,-4.02010e-002
 6.705200000000e-004,-4.02010e-002
 6.705600000000e-004,-4.02010e-002
 6.706000000000e-004,-4.02010e-002
 6.706400000000e-004,-4.02010e-002
 6.706800000000e-004,-4.02010e-002
 6.707200000000e-004,-4.02010e-002
 6.707600000000e-004,-4.02010e-002
 6.708000000000e-004,-4.02010e-002
 6.708400000000e-004,-4.02010e-002
 6.708800000000e-004,-8.04020e-002
 6.709200000000e-004,-4.02010e-002
 6.709600000000e-004,-4.02010e-002
 6.710000000000e-004,-4.02010e-002
 6.710400000000e-004,-4.02010e-002
 6.710800000000e-004,-4.02010e-002
 6.711200000000e-004,-4.02010e-002
 6.711600000000e-004,-4.02010e-002
 6.712000000000e-004,-4.02010e-002
 6.712400000000e-004,-4.02010e-002
 6.712800000000e-004, 0.00000e+000
 6.713200000000e-004,-4.02010e-002
 6.713600000000e-004,-4.02010e-002
 6.714000000000e-004,-4.02010e-002
 6.714400000000e-004,-4.02010e-002
 6.714800000000e-004,-4.02010e-002
 6.715200000000e-004,-4.02010e-002
 6.715600000000e-004,-4.02010e-002
 6.716000000000e-004,-4.02010e-002
 6.716400000000e-004, 0.00000e+000
 6.716800000000e-004,-4.02010e-002
 6.717200000000e-004,-4.02010e-002
 6.717600000000e-004,-4.02010e-002
 6.718000000000e-004,-8.04020e-002
 6.718400000000e-004,-4.02010e-002
 6.718800000000e-004,-4.02010e-002
 6.719200000000e-004,-8.04020e-002
 6.719600000000e-004,-4.02010e-002
 6.720000000000e-004,-4.02010e-002
 6.720400000000e-004,-4.02010e-002
 6.720800000000e-004,-4.02010e-002
 6.721200000000e-004,-4.02010e-002
 6.721600000000e-004,-4.02010e-002
 6.722000000000e-004,-4.02010e-002
 6.722400000000e-004,-4.02010e-002
 6.722800000000e-004, 0.00000e+000
 6.723200000000e-004, 0.00000e+000
 6.723600000000e-004, 0.00000e+000
 6.724000000000e-004, 0.00000e+000
 6.724400000000e-004,-4.02010e-002
 6.724800000000e-004,-8.04020e-002
 6.725200000000e-004,-4.02010e-002
 6.725600000000e-004,-8.04020e-002
 6.726000000000e-004,-8.04020e-002
 6.726400000000e-004,-4.02010e-002
 6.726800000000e-004,-4.02010e-002
 6.727200000000e-004,-4.02010e-002
 6.727600000000e-004,-4.02010e-002
 6.728000000000e-004,-4.02010e-002
 6.728400000000e-004,-4.02010e-002
 6.728800000000e-004,-8.04020e-002
 6.729200000000e-004,-4.02010e-002
 6.729600000000e-004,-4.02010e-002
 6.730000000000e-004,-4.02010e-002
 6.730400000000e-004,-4.02010e-002
 6.730800000000e-004,-4.02010e-002
 6.731200000000e-004,-4.02010e-002
 6.731600000000e-004,-4.02010e-002
 6.732000000000e-004,-4.02010e-002
 6.732400000000e-004,-4.02010e-002
 6.732800000000e-004,-4.02010e-002
 6.733200000000e-004,-4.02010e-002
 6.733600000000e-004,-4.02010e-002
 6.734000000000e-004,-4.02010e-002
 6.734400000000e-004,-4.02010e-002
 6.734800000000e-004,-4.02010e-002
 6.735200000000e-004,-4.02010e-002
 6.735600000000e-004,-4.02010e-002
 6.736000000000e-004,-4.02010e-002
 6.736400000000e-004,-4.02010e-002
 6.736800000000e-004,-4.02010e-002
 6.737200000000e-004,-8.04020e-002
 6.737600000000e-004,-4.02010e-002
 6.738000000000e-004,-8.04020e-002
 6.738400000000e-004,-8.04020e-002
 6.738800000000e-004,-8.04020e-002
 6.739200000000e-004,-4.02010e-002
 6.739600000000e-004,-4.02010e-002
 6.740000000000e-004, 0.00000e+000
 6.740400000000e-004,-4.02010e-002
 6.740800000000e-004,-4.02010e-002
 6.741200000000e-004,-4.02010e-002
 6.741600000000e-004,-4.02010e-002
 6.742000000000e-004,-4.02010e-002
 6.742400000000e-004,-8.04020e-002
 6.742800000000e-004,-4.02010e-002
 6.743200000000e-004,-4.02010e-002
 6.743600000000e-004,-4.02010e-002
 6.744000000000e-004,-4.02010e-002
 6.744400000000e-004,-4.02010e-002
 6.744800000000e-004,-4.02010e-002
 6.745200000000e-004,-4.02010e-002
 6.745600000000e-004,-4.02010e-002
 6.746000000000e-004,-4.02010e-002
 6.746400000000e-004,-4.02010e-002
 6.746800000000e-004, 0.00000e+000
 6.747200000000e-004,-4.02010e-002
 6.747600000000e-004,-4.02010e-002
 6.748000000000e-004,-4.02010e-002
 6.748400000000e-004,-4.02010e-002
 6.748800000000e-004,-4.02010e-002
 6.749200000000e-004,-4.02010e-002
 6.749600000000e-004,-4.02010e-002
 6.750000000000e-004,-4.02010e-002
 6.750400000000e-004,-4.02010e-002
 6.750800000000e-004,-4.02010e-002
 6.751200000000e-004,-4.02010e-002
 6.751600000000e-004,-4.02010e-002
 6.752000000000e-004,-4.02010e-002
 6.752400000000e-004,-4.02010e-002
 6.752800000000e-004,-4.02010e-002
 6.753200000000e-004,-4.02010e-002
 6.753600000000e-004,-8.04020e-002
 6.754000000000e-004,-4.02010e-002
 6.754400000000e-004,-4.02010e-002
 6.754800000000e-004,-4.02010e-002
 6.755200000000e-004,-4.02010e-002
 6.755600000000e-004,-4.02010e-002
 6.756000000000e-004, 0.00000e+000
 6.756400000000e-004,-4.02010e-002
 6.756800000000e-004,-4.02010e-002
 6.757200000000e-004,-4.02010e-002
 6.757600000000e-004,-4.02010e-002
 6.758000000000e-004,-8.04020e-002
 6.758400000000e-004,-8.04020e-002
 6.758800000000e-004,-4.02010e-002
 6.759200000000e-004,-4.02010e-002
 6.759600000000e-004,-4.02010e-002
 6.760000000000e-004,-4.02010e-002
 6.760400000000e-004,-4.02010e-002
 6.760800000000e-004,-4.02010e-002
 6.761200000000e-004,-4.02010e-002
 6.761600000000e-004,-4.02010e-002
 6.762000000000e-004,-4.02010e-002
 6.762400000000e-004,-4.02010e-002
 6.762800000000e-004,-4.02010e-002
 6.763200000000e-004,-4.02010e-002
 6.763600000000e-004,-4.02010e-002
 6.764000000000e-004, 0.00000e+000
 6.764400000000e-004,-4.02010e-002
 6.764800000000e-004, 0.00000e+000
 6.765200000000e-004, 0.00000e+000
 6.765600000000e-004,-4.02010e-002
 6.766000000000e-004,-4.02010e-002
 6.766400000000e-004,-4.02010e-002
 6.766800000000e-004,-4.02010e-002
 6.767200000000e-004,-4.02010e-002
 6.767600000000e-004,-4.02010e-002
 6.768000000000e-004,-4.02010e-002
 6.768400000000e-004,-4.02010e-002
 6.768800000000e-004,-4.02010e-002
 6.769200000000e-004,-4.02010e-002
 6.769600000000e-004,-4.02010e-002
 6.770000000000e-004,-4.02010e-002
 6.770400000000e-004,-4.02010e-002
 6.770800000000e-004, 0.00000e+000
 6.771200000000e-004,-4.02010e-002
 6.771600000000e-004, 0.00000e+000
 6.772000000000e-004,-4.02010e-002
 6.772400000000e-004,-4.02010e-002
 6.772800000000e-004,-4.02010e-002
 6.773200000000e-004,-4.02010e-002
 6.773600000000e-004,-4.02010e-002
 6.774000000000e-004,-4.02010e-002
 6.774400000000e-004,-4.02010e-002
 6.774800000000e-004,-4.02010e-002
 6.775200000000e-004,-4.02010e-002
 6.775600000000e-004,-4.02010e-002
 6.776000000000e-004,-4.02010e-002
 6.776400000000e-004, 0.00000e+000
 6.776800000000e-004,-4.02010e-002
 6.777200000000e-004,-4.02010e-002
 6.777600000000e-004,-4.02010e-002
 6.778000000000e-004,-4.02010e-002
 6.778400000000e-004,-4.02010e-002
 6.778800000000e-004,-8.04020e-002
 6.779200000000e-004,-4.02010e-002
 6.779600000000e-004,-4.02010e-002
 6.780000000000e-004,-4.02010e-002
 6.780400000000e-004,-4.02010e-002
 6.780800000000e-004,-4.02010e-002
 6.781200000000e-004,-4.02010e-002
 6.781600000000e-004,-4.02010e-002
 6.782000000000e-004,-4.02010e-002
 6.782400000000e-004,-4.02010e-002
 6.782800000000e-004,-4.02010e-002
 6.783200000000e-004,-4.02010e-002
 6.783600000000e-004,-4.02010e-002
 6.784000000000e-004,-4.02010e-002
 6.784400000000e-004,-4.02010e-002
 6.784800000000e-004,-4.02010e-002
 6.785200000000e-004,-4.02010e-002
 6.785600000000e-004,-4.02010e-002
 6.786000000000e-004,-4.02010e-002
 6.786400000000e-004,-4.02010e-002
 6.786800000000e-004,-4.02010e-002
 6.787200000000e-004,-4.02010e-002
 6.787600000000e-004,-4.02010e-002
 6.788000000000e-004,-4.02010e-002
 6.788400000000e-004,-4.02010e-002
 6.788800000000e-004,-8.04020e-002
 6.789200000000e-004,-4.02010e-002
 6.789600000000e-004,-4.02010e-002
 6.790000000000e-004,-4.02010e-002
 6.790400000000e-004,-4.02010e-002
 6.790800000000e-004,-4.02010e-002
 6.791200000000e-004,-4.02010e-002
 6.791600000000e-004,-4.02010e-002
 6.792000000000e-004,-4.02010e-002
 6.792400000000e-004,-4.02010e-002
 6.792800000000e-004,-4.02010e-002
 6.793200000000e-004,-4.02010e-002
 6.793600000000e-004,-4.02010e-002
 6.794000000000e-004,-8.04020e-002
 6.794400000000e-004,-4.02010e-002
 6.794800000000e-004,-4.02010e-002
 6.795200000000e-004, 0.00000e+000
 6.795600000000e-004,-4.02010e-002
 6.796000000000e-004,-4.02010e-002
 6.796400000000e-004,-8.04020e-002
 6.796800000000e-004,-8.04020e-002
 6.797200000000e-004,-4.02010e-002
 6.797600000000e-004,-4.02010e-002
 6.798000000000e-004,-4.02010e-002
 6.798400000000e-004,-4.02010e-002
 6.798800000000e-004,-4.02010e-002
 6.799200000000e-004,-4.02010e-002
 6.799600000000e-004,-4.02010e-002
 6.800000000000e-004,-4.02010e-002
 6.800400000000e-004,-4.02010e-002
 6.800800000000e-004,-4.02010e-002
 6.801200000000e-004,-4.02010e-002
 6.801600000000e-004,-4.02010e-002
 6.802000000000e-004,-4.02010e-002
 6.802400000000e-004,-4.02010e-002
 6.802800000000e-004,-4.02010e-002
 6.803200000000e-004,-4.02010e-002
 6.803600000000e-004,-4.02010e-002
 6.804000000000e-004,-4.02010e-002
 6.804400000000e-004,-4.02010e-002
 6.804800000000e-004,-4.02010e-002
 6.805200000000e-004,-4.02010e-002
 6.805600000000e-004,-4.02010e-002
 6.806000000000e-004,-4.02010e-002
 6.806400000000e-004,-4.02010e-002
 6.806800000000e-004,-4.02010e-002
 6.807200000000e-004,-4.02010e-002
 6.807600000000e-004,-4.02010e-002
 6.808000000000e-004,-4.02010e-002
 6.808400000000e-004,-4.02010e-002
 6.808800000000e-004,-4.02010e-002
 6.809200000000e-004,-4.02010e-002
 6.809600000000e-004,-4.02010e-002
 6.810000000000e-004,-4.02010e-002
 6.810400000000e-004,-4.02010e-002
 6.810800000000e-004,-4.02010e-002
 6.811200000000e-004,-4.02010e-002
 6.811600000000e-004,-4.02010e-002
 6.812000000000e-004,-4.02010e-002
 6.812400000000e-004,-4.02010e-002
 6.812800000000e-004,-4.02010e-002
 6.813200000000e-004,-4.02010e-002
 6.813600000000e-004,-4.02010e-002
 6.814000000000e-004,-4.02010e-002
 6.814400000000e-004,-4.02010e-002
 6.814800000000e-004,-4.02010e-002
 6.815200000000e-004,-4.02010e-002
 6.815600000000e-004,-4.02010e-002
 6.816000000000e-004,-4.02010e-002
 6.816400000000e-004,-4.02010e-002
 6.816800000000e-004,-4.02010e-002
 6.817200000000e-004,-4.02010e-002
 6.817600000000e-004,-4.02010e-002
 6.818000000000e-004,-4.02010e-002
 6.818400000000e-004,-4.02010e-002
 6.818800000000e-004,-4.02010e-002
 6.819200000000e-004,-4.02010e-002
 6.819600000000e-004,-4.02010e-002
 6.820000000000e-004,-8.04020e-002
 6.820400000000e-004,-8.04020e-002
 6.820800000000e-004,-4.02010e-002
 6.821200000000e-004,-4.02010e-002
 6.821600000000e-004,-4.02010e-002
 6.822000000000e-004,-4.02010e-002
 6.822400000000e-004, 0.00000e+000
 6.822800000000e-004, 0.00000e+000
 6.823200000000e-004,-4.02010e-002
 6.823600000000e-004,-4.02010e-002
 6.824000000000e-004,-4.02010e-002
 6.824400000000e-004,-4.02010e-002
 6.824800000000e-004,-4.02010e-002
 6.825200000000e-004,-8.04020e-002
 6.825600000000e-004,-4.02010e-002
 6.826000000000e-004,-4.02010e-002
 6.826400000000e-004,-4.02010e-002
 6.826800000000e-004,-8.04020e-002
 6.827200000000e-004,-4.02010e-002
 6.827600000000e-004,-4.02010e-002
 6.828000000000e-004,-4.02010e-002
 6.828400000000e-004, 0.00000e+000
 6.828800000000e-004,-4.02010e-002
 6.829200000000e-004,-4.02010e-002
 6.829600000000e-004,-4.02010e-002
 6.830000000000e-004,-8.04020e-002
 6.830400000000e-004,-4.02010e-002
 6.830800000000e-004,-4.02010e-002
 6.831200000000e-004,-8.04020e-002
 6.831600000000e-004,-4.02010e-002
 6.832000000000e-004,-4.02010e-002
 6.832400000000e-004,-4.02010e-002
 6.832800000000e-004,-4.02010e-002
 6.833200000000e-004,-4.02010e-002
 6.833600000000e-004,-4.02010e-002
 6.834000000000e-004,-4.02010e-002
 6.834400000000e-004,-4.02010e-002
 6.834800000000e-004,-4.02010e-002
 6.835200000000e-004,-4.02010e-002
 6.835600000000e-004, 0.00000e+000
 6.836000000000e-004,-4.02010e-002
 6.836400000000e-004,-4.02010e-002
 6.836800000000e-004,-4.02010e-002
 6.837200000000e-004,-4.02010e-002
 6.837600000000e-004,-4.02010e-002
 6.838000000000e-004,-4.02010e-002
 6.838400000000e-004,-4.02010e-002
 6.838800000000e-004,-4.02010e-002
 6.839200000000e-004,-4.02010e-002
 6.839600000000e-004,-4.02010e-002
 6.840000000000e-004, 0.00000e+000
 6.840400000000e-004,-4.02010e-002
 6.840800000000e-004,-4.02010e-002
 6.841200000000e-004,-4.02010e-002
 6.841600000000e-004,-4.02010e-002
 6.842000000000e-004,-4.02010e-002
 6.842400000000e-004,-8.04020e-002
 6.842800000000e-004,-4.02010e-002
 6.843200000000e-004,-8.04020e-002
 6.843600000000e-004,-4.02010e-002
 6.844000000000e-004,-4.02010e-002
 6.844400000000e-004,-4.02010e-002
 6.844800000000e-004,-4.02010e-002
 6.845200000000e-004,-4.02010e-002
 6.845600000000e-004,-4.02010e-002
 6.846000000000e-004,-4.02010e-002
 6.846400000000e-004,-4.02010e-002
 6.846800000000e-004,-4.02010e-002
 6.847200000000e-004,-4.02010e-002
 6.847600000000e-004,-4.02010e-002
 6.848000000000e-004,-4.02010e-002
 6.848400000000e-004,-8.04020e-002
 6.848800000000e-004,-4.02010e-002
 6.849200000000e-004,-4.02010e-002
 6.849600000000e-004,-4.02010e-002
 6.850000000000e-004,-4.02010e-002
 6.850400000000e-004,-4.02010e-002
 6.850800000000e-004,-4.02010e-002
 6.851200000000e-004,-4.02010e-002
 6.851600000000e-004,-4.02010e-002
 6.852000000000e-004,-4.02010e-002
 6.852400000000e-004, 0.00000e+000
 6.852800000000e-004,-4.02010e-002
 6.853200000000e-004,-4.02010e-002
 6.853600000000e-004,-4.02010e-002
 6.854000000000e-004,-4.02010e-002
 6.854400000000e-004,-4.02010e-002
 6.854800000000e-004,-8.04020e-002
 6.855200000000e-004,-4.02010e-002
 6.855600000000e-004,-4.02010e-002
 6.856000000000e-004,-4.02010e-002
 6.856400000000e-004,-4.02010e-002
 6.856800000000e-004,-4.02010e-002
 6.857200000000e-004,-4.02010e-002
 6.857600000000e-004,-4.02010e-002
 6.858000000000e-004,-4.02010e-002
 6.858400000000e-004,-8.04020e-002
 6.858800000000e-004,-4.02010e-002
 6.859200000000e-004,-4.02010e-002
 6.859600000000e-004,-4.02010e-002
 6.860000000000e-004,-4.02010e-002
 6.860400000000e-004,-4.02010e-002
 6.860800000000e-004,-4.02010e-002
 6.861200000000e-004,-4.02010e-002
 6.861600000000e-004,-4.02010e-002
 6.862000000000e-004,-4.02010e-002
 6.862400000000e-004,-4.02010e-002
 6.862800000000e-004,-4.02010e-002
 6.863200000000e-004,-4.02010e-002
 6.863600000000e-004,-4.02010e-002
 6.864000000000e-004,-4.02010e-002
 6.864400000000e-004,-4.02010e-002
 6.864800000000e-004,-8.04020e-002
 6.865200000000e-004,-4.02010e-002
 6.865600000000e-004,-8.04020e-002
 6.866000000000e-004,-4.02010e-002
 6.866400000000e-004,-8.04020e-002
 6.866800000000e-004,-4.02010e-002
 6.867200000000e-004,-4.02010e-002
 6.867600000000e-004,-4.02010e-002
 6.868000000000e-004,-4.02010e-002
 6.868400000000e-004,-4.02010e-002
 6.868800000000e-004,-4.02010e-002
 6.869200000000e-004,-4.02010e-002
 6.869600000000e-004,-8.04020e-002
 6.870000000000e-004,-4.02010e-002
 6.870400000000e-004,-8.04020e-002
 6.870800000000e-004,-4.02010e-002
 6.871200000000e-004,-8.04020e-002
 6.871600000000e-004,-4.02010e-002
 6.872000000000e-004,-4.02010e-002
 6.872400000000e-004,-4.02010e-002
 6.872800000000e-004, 0.00000e+000
 6.873200000000e-004,-4.02010e-002
 6.873600000000e-004,-4.02010e-002
 6.874000000000e-004,-4.02010e-002
 6.874400000000e-004,-4.02010e-002
 6.874800000000e-004,-4.02010e-002
 6.875200000000e-004,-8.04020e-002
 6.875600000000e-004,-4.02010e-002
 6.876000000000e-004,-4.02010e-002
 6.876400000000e-004,-4.02010e-002
 6.876800000000e-004,-4.02010e-002
 6.877200000000e-004,-4.02010e-002
 6.877600000000e-004,-4.02010e-002
 6.878000000000e-004,-4.02010e-002
 6.878400000000e-004,-4.02010e-002
 6.878800000000e-004,-4.02010e-002
 6.879200000000e-004,-4.02010e-002
 6.879600000000e-004, 0.00000e+000
 6.880000000000e-004, 0.00000e+000
 6.880400000000e-004, 0.00000e+000
 6.880800000000e-004,-4.02010e-002
 6.881200000000e-004,-4.02010e-002
 6.881600000000e-004,-4.02010e-002
 6.882000000000e-004,-4.02010e-002
 6.882400000000e-004,-4.02010e-002
 6.882800000000e-004,-4.02010e-002
 6.883200000000e-004,-4.02010e-002
 6.883600000000e-004,-8.04020e-002
 6.884000000000e-004,-4.02010e-002
 6.884400000000e-004,-4.02010e-002
 6.884800000000e-004,-4.02010e-002
 6.885200000000e-004,-4.02010e-002
 6.885600000000e-004,-4.02010e-002
 6.886000000000e-004,-4.02010e-002
 6.886400000000e-004, 0.00000e+000
 6.886800000000e-004,-4.02010e-002
 6.887200000000e-004, 0.00000e+000
 6.887600000000e-004,-4.02010e-002
 6.888000000000e-004,-4.02010e-002
 6.888400000000e-004,-4.02010e-002
 6.888800000000e-004,-4.02010e-002
 6.889200000000e-004,-4.02010e-002
 6.889600000000e-004,-4.02010e-002
 6.890000000000e-004,-4.02010e-002
 6.890400000000e-004,-4.02010e-002
 6.890800000000e-004, 0.00000e+000
 6.891200000000e-004,-4.02010e-002
 6.891600000000e-004,-4.02010e-002
 6.892000000000e-004,-4.02010e-002
 6.892400000000e-004,-4.02010e-002
 6.892800000000e-004,-4.02010e-002
 6.893200000000e-004,-4.02010e-002
 6.893600000000e-004,-4.02010e-002
 6.894000000000e-004,-4.02010e-002
 6.894400000000e-004,-4.02010e-002
 6.894800000000e-004,-4.02010e-002
 6.895200000000e-004,-8.04020e-002
 6.895600000000e-004,-8.04020e-002
 6.896000000000e-004,-8.04020e-002
 6.896400000000e-004,-8.04020e-002
 6.896800000000e-004,-4.02010e-002
 6.897200000000e-004,-4.02010e-002
 6.897600000000e-004,-4.02010e-002
 6.898000000000e-004,-4.02010e-002
 6.898400000000e-004,-4.02010e-002
 6.898800000000e-004,-4.02010e-002
 6.899200000000e-004,-4.02010e-002
 6.899600000000e-004,-4.02010e-002
 6.900000000000e-004,-4.02010e-002
 6.900400000000e-004,-8.04020e-002
 6.900800000000e-004,-4.02010e-002
 6.901200000000e-004,-4.02010e-002
 6.901600000000e-004,-8.04020e-002
 6.902000000000e-004,-4.02010e-002
 6.902400000000e-004,-4.02010e-002
 6.902800000000e-004,-4.02010e-002
 6.903200000000e-004,-4.02010e-002
 6.903600000000e-004,-4.02010e-002
 6.904000000000e-004,-4.02010e-002
 6.904400000000e-004,-4.02010e-002
 6.904800000000e-004,-4.02010e-002
 6.905200000000e-004,-4.02010e-002
 6.905600000000e-004,-4.02010e-002
 6.906000000000e-004,-4.02010e-002
 6.906400000000e-004,-4.02010e-002
 6.906800000000e-004,-4.02010e-002
 6.907200000000e-004,-8.04020e-002
 6.907600000000e-004, 0.00000e+000
 6.908000000000e-004,-4.02010e-002
 6.908400000000e-004,-4.02010e-002
 6.908800000000e-004,-4.02010e-002
 6.909200000000e-004,-4.02010e-002
 6.909600000000e-004,-4.02010e-002
 6.910000000000e-004,-8.04020e-002
 6.910400000000e-004,-8.04020e-002
 6.910800000000e-004, 0.00000e+000
 6.911200000000e-004,-4.02010e-002
 6.911600000000e-004,-4.02010e-002
 6.912000000000e-004,-4.02010e-002
 6.912400000000e-004,-4.02010e-002
 6.912800000000e-004,-4.02010e-002
 6.913200000000e-004,-8.04020e-002
 6.913600000000e-004,-4.02010e-002
 6.914000000000e-004,-4.02010e-002
 6.914400000000e-004,-4.02010e-002
 6.914800000000e-004,-4.02010e-002
 6.915200000000e-004,-4.02010e-002
 6.915600000000e-004,-4.02010e-002
 6.916000000000e-004,-4.02010e-002
 6.916400000000e-004,-4.02010e-002
 6.916800000000e-004,-4.02010e-002
 6.917200000000e-004,-4.02010e-002
 6.917600000000e-004,-4.02010e-002
 6.918000000000e-004,-4.02010e-002
 6.918400000000e-004,-4.02010e-002
 6.918800000000e-004,-8.04020e-002
 6.919200000000e-004,-4.02010e-002
 6.919600000000e-004,-4.02010e-002
 6.920000000000e-004,-4.02010e-002
 6.920400000000e-004, 0.00000e+000
 6.920800000000e-004,-4.02010e-002
 6.921200000000e-004,-4.02010e-002
 6.921600000000e-004,-4.02010e-002
 6.922000000000e-004,-4.02010e-002
 6.922400000000e-004,-4.02010e-002
 6.922800000000e-004,-4.02010e-002
 6.923200000000e-004,-4.02010e-002
 6.923600000000e-004,-4.02010e-002
 6.924000000000e-004,-4.02010e-002
 6.924400000000e-004,-4.02010e-002
 6.924800000000e-004,-4.02010e-002
 6.925200000000e-004,-4.02010e-002
 6.925600000000e-004,-4.02010e-002
 6.926000000000e-004,-4.02010e-002
 6.926400000000e-004,-4.02010e-002
 6.926800000000e-004,-4.02010e-002
 6.927200000000e-004,-4.02010e-002
 6.927600000000e-004,-4.02010e-002
 6.928000000000e-004,-4.02010e-002
 6.928400000000e-004,-8.04020e-002
 6.928800000000e-004,-4.02010e-002
 6.929200000000e-004,-4.02010e-002
 6.929600000000e-004,-4.02010e-002
 6.930000000000e-004,-8.04020e-002
 6.930400000000e-004,-4.02010e-002
 6.930800000000e-004,-4.02010e-002
 6.931200000000e-004,-4.02010e-002
 6.931600000000e-004,-4.02010e-002
 6.932000000000e-004,-4.02010e-002
 6.932400000000e-004,-4.02010e-002
 6.932800000000e-004, 0.00000e+000
 6.933200000000e-004,-8.04020e-002
 6.933600000000e-004,-4.02010e-002
 6.934000000000e-004,-8.04020e-002
 6.934400000000e-004,-4.02010e-002
 6.934800000000e-004,-4.02010e-002
 6.935200000000e-004,-4.02010e-002
 6.935600000000e-004,-8.04020e-002
 6.936000000000e-004,-4.02010e-002
 6.936400000000e-004,-4.02010e-002
 6.936800000000e-004,-4.02010e-002
 6.937200000000e-004,-4.02010e-002
 6.937600000000e-004,-4.02010e-002
 6.938000000000e-004,-4.02010e-002
 6.938400000000e-004, 0.00000e+000
 6.938800000000e-004,-4.02010e-002
 6.939200000000e-004, 0.00000e+000
 6.939600000000e-004,-4.02010e-002
 6.940000000000e-004,-8.04020e-002
 6.940400000000e-004,-4.02010e-002
 6.940800000000e-004,-4.02010e-002
 6.941200000000e-004,-8.04020e-002
 6.941600000000e-004,-4.02010e-002
 6.942000000000e-004,-8.04020e-002
 6.942400000000e-004,-4.02010e-002
 6.942800000000e-004,-4.02010e-002
 6.943200000000e-004,-4.02010e-002
 6.943600000000e-004,-4.02010e-002
 6.944000000000e-004,-4.02010e-002
 6.944400000000e-004,-4.02010e-002
 6.944800000000e-004,-4.02010e-002
 6.945200000000e-004,-4.02010e-002
 6.945600000000e-004,-4.02010e-002
 6.946000000000e-004,-4.02010e-002
 6.946400000000e-004,-4.02010e-002
 6.946800000000e-004,-4.02010e-002
 6.947200000000e-004,-4.02010e-002
 6.947600000000e-004,-4.02010e-002
 6.948000000000e-004,-4.02010e-002
 6.948400000000e-004,-4.02010e-002
 6.948800000000e-004,-4.02010e-002
 6.949200000000e-004,-8.04020e-002
 6.949600000000e-004,-4.02010e-002
 6.950000000000e-004,-4.02010e-002
 6.950400000000e-004,-4.02010e-002
 6.950800000000e-004,-4.02010e-002
 6.951200000000e-004,-4.02010e-002
 6.951600000000e-004,-4.02010e-002
 6.952000000000e-004,-4.02010e-002
 6.952400000000e-004,-4.02010e-002
 6.952800000000e-004,-8.04020e-002
 6.953200000000e-004,-8.04020e-002
 6.953600000000e-004,-4.02010e-002
 6.954000000000e-004,-4.02010e-002
 6.954400000000e-004,-4.02010e-002
 6.954800000000e-004,-4.02010e-002
 6.955200000000e-004,-4.02010e-002
 6.955600000000e-004, 0.00000e+000
 6.956000000000e-004,-4.02010e-002
 6.956400000000e-004,-4.02010e-002
 6.956800000000e-004,-4.02010e-002
 6.957200000000e-004, 0.00000e+000
 6.957600000000e-004,-4.02010e-002
 6.958000000000e-004,-4.02010e-002
 6.958400000000e-004,-4.02010e-002
 6.958800000000e-004,-4.02010e-002
 6.959200000000e-004,-8.04020e-002
 6.959600000000e-004,-8.04020e-002
 6.960000000000e-004,-4.02010e-002
 6.960400000000e-004,-4.02010e-002
 6.960800000000e-004,-4.02010e-002
 6.961200000000e-004, 0.00000e+000
 6.961600000000e-004,-4.02010e-002
 6.962000000000e-004,-4.02010e-002
 6.962400000000e-004,-4.02010e-002
 6.962800000000e-004,-4.02010e-002
 6.963200000000e-004,-4.02010e-002
 6.963600000000e-004,-4.02010e-002
 6.964000000000e-004,-4.02010e-002
 6.964400000000e-004,-4.02010e-002
 6.964800000000e-004,-4.02010e-002
 6.965200000000e-004,-4.02010e-002
 6.965600000000e-004,-4.02010e-002
 6.966000000000e-004,-4.02010e-002
 6.966400000000e-004,-4.02010e-002
 6.966800000000e-004,-4.02010e-002
 6.967200000000e-004,-4.02010e-002
 6.967600000000e-004,-4.02010e-002
 6.968000000000e-004,-4.02010e-002
 6.968400000000e-004,-4.02010e-002
 6.968800000000e-004,-4.02010e-002
 6.969200000000e-004, 0.00000e+000
 6.969600000000e-004,-4.02010e-002
 6.970000000000e-004,-4.02010e-002
 6.970400000000e-004,-4.02010e-002
 6.970800000000e-004,-4.02010e-002
 6.971200000000e-004,-4.02010e-002
 6.971600000000e-004,-8.04020e-002
 6.972000000000e-004,-4.02010e-002
 6.972400000000e-004,-4.02010e-002
 6.972800000000e-004,-4.02010e-002
 6.973200000000e-004,-4.02010e-002
 6.973600000000e-004,-4.02010e-002
 6.974000000000e-004,-4.02010e-002
 6.974400000000e-004,-4.02010e-002
 6.974800000000e-004,-4.02010e-002
 6.975200000000e-004, 0.00000e+000
 6.975600000000e-004,-4.02010e-002
 6.976000000000e-004,-4.02010e-002
 6.976400000000e-004,-4.02010e-002
 6.976800000000e-004,-4.02010e-002
 6.977200000000e-004,-4.02010e-002
 6.977600000000e-004,-8.04020e-002
 6.978000000000e-004,-8.04020e-002
 6.978400000000e-004,-4.02010e-002
 6.978800000000e-004,-4.02010e-002
 6.979200000000e-004,-4.02010e-002
 6.979600000000e-004,-4.02010e-002
 6.980000000000e-004,-4.02010e-002
 6.980400000000e-004, 0.00000e+000
 6.980800000000e-004,-4.02010e-002
 6.981200000000e-004,-4.02010e-002
 6.981600000000e-004,-4.02010e-002
 6.982000000000e-004,-8.04020e-002
 6.982400000000e-004,-4.02010e-002
 6.982800000000e-004,-4.02010e-002
 6.983200000000e-004,-4.02010e-002
 6.983600000000e-004,-4.02010e-002
 6.984000000000e-004,-4.02010e-002
 6.984400000000e-004, 0.00000e+000
 6.984800000000e-004,-4.02010e-002
 6.985200000000e-004,-4.02010e-002
 6.985600000000e-004,-4.02010e-002
 6.986000000000e-004,-4.02010e-002
 6.986400000000e-004,-8.04020e-002
 6.986800000000e-004,-4.02010e-002
 6.987200000000e-004,-8.04020e-002
 6.987600000000e-004,-4.02010e-002
 6.988000000000e-004,-4.02010e-002
 6.988400000000e-004,-4.02010e-002
 6.988800000000e-004, 0.00000e+000
 6.989200000000e-004,-4.02010e-002
 6.989600000000e-004,-4.02010e-002
 6.990000000000e-004,-4.02010e-002
 6.990400000000e-004,-4.02010e-002
 6.990800000000e-004,-4.02010e-002
 6.991200000000e-004,-4.02010e-002
 6.991600000000e-004,-4.02010e-002
 6.992000000000e-004,-4.02010e-002
 6.992400000000e-004,-4.02010e-002
 6.992800000000e-004,-4.02010e-002
 6.993200000000e-004,-4.02010e-002
 6.993600000000e-004,-4.02010e-002
 6.994000000000e-004,-4.02010e-002
 6.994400000000e-004,-4.02010e-002
 6.994800000000e-004,-4.02010e-002
 6.995200000000e-004,-8.04020e-002
 6.995600000000e-004,-4.02010e-002
 6.996000000000e-004,-4.02010e-002
 6.996400000000e-004,-4.02010e-002
 6.996800000000e-004,-4.02010e-002
 6.997200000000e-004,-4.02010e-002
 6.997600000000e-004,-4.02010e-002
 6.998000000000e-004,-4.02010e-002
 6.998400000000e-004,-4.02010e-002
 6.998800000000e-004,-4.02010e-002
 6.999200000000e-004,-4.02010e-002
 6.999600000000e-004,-8.04020e-002
 7.000000000000e-004,-4.02010e-002
 7.000400000000e-004,-4.02010e-002
 7.000800000000e-004,-4.02010e-002
 7.001200000000e-004,-4.02010e-002
 7.001600000000e-004,-4.02010e-002
 7.002000000000e-004,-4.02010e-002
 7.002400000000e-004, 0.00000e+000
 7.002800000000e-004,-4.02010e-002
 7.003200000000e-004,-4.02010e-002
 7.003600000000e-004,-8.04020e-002
 7.004000000000e-004,-8.04020e-002
 7.004400000000e-004,-8.04020e-002
 7.004800000000e-004,-4.02010e-002
 7.005200000000e-004,-8.04020e-002
 7.005600000000e-004,-4.02010e-002
 7.006000000000e-004,-4.02010e-002
 7.006400000000e-004,-4.02010e-002
 7.006800000000e-004,-4.02010e-002
 7.007200000000e-004,-4.02010e-002
 7.007600000000e-004,-4.02010e-002
 7.008000000000e-004,-4.02010e-002
 7.008400000000e-004,-4.02010e-002
 7.008800000000e-004,-4.02010e-002
 7.009200000000e-004,-4.02010e-002
 7.009600000000e-004,-4.02010e-002
 7.010000000000e-004,-4.02010e-002
 7.010400000000e-004,-4.02010e-002
 7.010800000000e-004,-4.02010e-002
 7.011200000000e-004,-4.02010e-002
 7.011600000000e-004,-8.04020e-002
 7.012000000000e-004,-8.04020e-002
 7.012400000000e-004,-4.02010e-002
 7.012800000000e-004,-8.04020e-002
 7.013200000000e-004,-4.02010e-002
 7.013600000000e-004,-4.02010e-002
 7.014000000000e-004,-4.02010e-002
 7.014400000000e-004,-4.02010e-002
 7.014800000000e-004, 0.00000e+000
 7.015200000000e-004,-4.02010e-002
 7.015600000000e-004,-4.02010e-002
 7.016000000000e-004,-4.02010e-002
 7.016400000000e-004,-4.02010e-002
 7.016800000000e-004,-8.04020e-002
 7.017200000000e-004,-8.04020e-002
 7.017600000000e-004,-4.02010e-002
 7.018000000000e-004,-8.04020e-002
 7.018400000000e-004,-4.02010e-002
 7.018800000000e-004,-4.02010e-002
 7.019200000000e-004,-4.02010e-002
 7.019600000000e-004,-4.02010e-002
 7.020000000000e-004,-4.02010e-002
 7.020400000000e-004,-4.02010e-002
 7.020800000000e-004,-4.02010e-002
 7.021200000000e-004,-4.02010e-002
 7.021600000000e-004,-4.02010e-002
 7.022000000000e-004,-4.02010e-002
 7.022400000000e-004,-4.02010e-002
 7.022800000000e-004,-4.02010e-002
 7.023200000000e-004, 0.00000e+000
 7.023600000000e-004,-4.02010e-002
 7.024000000000e-004,-4.02010e-002
 7.024400000000e-004,-8.04020e-002
 7.024800000000e-004,-8.04020e-002
 7.025200000000e-004,-8.04020e-002
 7.025600000000e-004,-4.02010e-002
 7.026000000000e-004,-4.02010e-002
 7.026400000000e-004,-4.02010e-002
 7.026800000000e-004,-4.02010e-002
 7.027200000000e-004,-4.02010e-002
 7.027600000000e-004, 0.00000e+000
 7.028000000000e-004,-4.02010e-002
 7.028400000000e-004,-4.02010e-002
 7.028800000000e-004,-4.02010e-002
 7.029200000000e-004,-4.02010e-002
 7.029600000000e-004,-8.04020e-002
 7.030000000000e-004,-4.02010e-002
 7.030400000000e-004,-4.02010e-002
 7.030800000000e-004,-4.02010e-002
 7.031200000000e-004,-4.02010e-002
 7.031600000000e-004,-4.02010e-002
 7.032000000000e-004,-4.02010e-002
 7.032400000000e-004,-4.02010e-002
 7.032800000000e-004,-4.02010e-002
 7.033200000000e-004,-4.02010e-002
 7.033600000000e-004,-4.02010e-002
 7.034000000000e-004,-4.02010e-002
 7.034400000000e-004,-4.02010e-002
 7.034800000000e-004,-4.02010e-002
 7.035200000000e-004,-4.02010e-002
 7.035600000000e-004,-8.04020e-002
 7.036000000000e-004,-4.02010e-002
 7.036400000000e-004,-4.02010e-002
 7.036800000000e-004,-8.04020e-002
 7.037200000000e-004,-4.02010e-002
 7.037600000000e-004,-4.02010e-002
 7.038000000000e-004,-4.02010e-002
 7.038400000000e-004,-4.02010e-002
 7.038800000000e-004,-4.02010e-002
 7.039200000000e-004,-4.02010e-002
 7.039600000000e-004,-4.02010e-002
 7.040000000000e-004,-4.02010e-002
 7.040400000000e-004,-4.02010e-002
 7.040800000000e-004,-4.02010e-002
 7.041200000000e-004,-4.02010e-002
 7.041600000000e-004,-4.02010e-002
 7.042000000000e-004,-4.02010e-002
 7.042400000000e-004,-4.02010e-002
 7.042800000000e-004,-4.02010e-002
 7.043200000000e-004,-4.02010e-002
 7.043600000000e-004,-4.02010e-002
 7.044000000000e-004,-4.02010e-002
 7.044400000000e-004,-4.02010e-002
 7.044800000000e-004,-4.02010e-002
 7.045200000000e-004,-4.02010e-002
 7.045600000000e-004,-4.02010e-002
 7.046000000000e-004,-4.02010e-002
 7.046400000000e-004,-4.02010e-002
 7.046800000000e-004,-4.02010e-002
 7.047200000000e-004, 0.00000e+000
 7.047600000000e-004,-4.02010e-002
 7.048000000000e-004,-4.02010e-002
 7.048400000000e-004,-4.02010e-002
 7.048800000000e-004,-4.02010e-002
 7.049200000000e-004,-8.04020e-002
 7.049600000000e-004,-4.02010e-002
 7.050000000000e-004,-4.02010e-002
 7.050400000000e-004,-4.02010e-002
 7.050800000000e-004,-4.02010e-002
 7.051200000000e-004,-4.02010e-002
 7.051600000000e-004,-8.04020e-002
 7.052000000000e-004,-4.02010e-002
 7.052400000000e-004,-8.04020e-002
 7.052800000000e-004,-4.02010e-002
 7.053200000000e-004,-4.02010e-002
 7.053600000000e-004,-4.02010e-002
 7.054000000000e-004,-4.02010e-002
 7.054400000000e-004,-4.02010e-002
 7.054800000000e-004,-4.02010e-002
 7.055200000000e-004,-4.02010e-002
 7.055600000000e-004,-4.02010e-002
 7.056000000000e-004,-4.02010e-002
 7.056400000000e-004, 0.00000e+000
 7.056800000000e-004,-4.02010e-002
 7.057200000000e-004,-4.02010e-002
 7.057600000000e-004,-4.02010e-002
 7.058000000000e-004,-4.02010e-002
 7.058400000000e-004,-4.02010e-002
 7.058800000000e-004,-4.02010e-002
 7.059200000000e-004, 0.00000e+000
 7.059600000000e-004,-4.02010e-002
 7.060000000000e-004,-4.02010e-002
 7.060400000000e-004,-4.02010e-002
 7.060800000000e-004,-4.02010e-002
 7.061200000000e-004,-4.02010e-002
 7.061600000000e-004,-4.02010e-002
 7.062000000000e-004,-4.02010e-002
 7.062400000000e-004,-4.02010e-002
 7.062800000000e-004,-4.02010e-002
 7.063200000000e-004,-4.02010e-002
 7.063600000000e-004,-4.02010e-002
 7.064000000000e-004, 0.00000e+000
 7.064400000000e-004,-4.02010e-002
 7.064800000000e-004,-4.02010e-002
 7.065200000000e-004,-4.02010e-002
 7.065600000000e-004,-4.02010e-002
 7.066000000000e-004,-4.02010e-002
 7.066400000000e-004,-4.02010e-002
 7.066800000000e-004,-4.02010e-002
 7.067200000000e-004,-4.02010e-002
 7.067600000000e-004,-4.02010e-002
 7.068000000000e-004,-4.02010e-002
 7.068400000000e-004,-4.02010e-002
 7.068800000000e-004,-4.02010e-002
 7.069200000000e-004,-4.02010e-002
 7.069600000000e-004,-4.02010e-002
 7.070000000000e-004,-4.02010e-002
 7.070400000000e-004,-4.02010e-002
 7.070800000000e-004,-8.04020e-002
 7.071200000000e-004,-8.04020e-002
 7.071600000000e-004,-4.02010e-002
 7.072000000000e-004,-4.02010e-002
 7.072400000000e-004,-4.02010e-002
 7.072800000000e-004,-4.02010e-002
 7.073200000000e-004,-4.02010e-002
 7.073600000000e-004, 0.00000e+000
 7.074000000000e-004,-4.02010e-002
 7.074400000000e-004,-4.02010e-002
 7.074800000000e-004,-4.02010e-002
 7.075200000000e-004,-4.02010e-002
 7.075600000000e-004,-8.04020e-002
 7.076000000000e-004,-4.02010e-002
 7.076400000000e-004,-4.02010e-002
 7.076800000000e-004,-4.02010e-002
 7.077200000000e-004, 0.00000e+000
 7.077600000000e-004,-4.02010e-002
 7.078000000000e-004,-4.02010e-002
 7.078400000000e-004,-4.02010e-002
 7.078800000000e-004,-4.02010e-002
 7.079200000000e-004,-8.04020e-002
 7.079600000000e-004,-4.02010e-002
 7.080000000000e-004,-4.02010e-002
 7.080400000000e-004,-4.02010e-002
 7.080800000000e-004,-4.02010e-002
 7.081200000000e-004,-4.02010e-002
 7.081600000000e-004,-4.02010e-002
 7.082000000000e-004,-4.02010e-002
 7.082400000000e-004,-4.02010e-002
 7.082800000000e-004,-4.02010e-002
 7.083200000000e-004,-4.02010e-002
 7.083600000000e-004,-4.02010e-002
 7.084000000000e-004,-4.02010e-002
 7.084400000000e-004,-4.02010e-002
 7.084800000000e-004,-4.02010e-002
 7.085200000000e-004,-4.02010e-002
 7.085600000000e-004,-4.02010e-002
 7.086000000000e-004,-4.02010e-002
 7.086400000000e-004,-4.02010e-002
 7.086800000000e-004,-4.02010e-002
 7.087200000000e-004,-4.02010e-002
 7.087600000000e-004,-4.02010e-002
 7.088000000000e-004,-4.02010e-002
 7.088400000000e-004,-4.02010e-002
 7.088800000000e-004,-4.02010e-002
 7.089200000000e-004,-4.02010e-002
 7.089600000000e-004,-4.02010e-002
 7.090000000000e-004,-4.02010e-002
 7.090400000000e-004,-4.02010e-002
 7.090800000000e-004,-4.02010e-002
 7.091200000000e-004,-4.02010e-002
 7.091600000000e-004, 0.00000e+000
 7.092000000000e-004,-4.02010e-002
 7.092400000000e-004,-4.02010e-002
 7.092800000000e-004,-4.02010e-002
 7.093200000000e-004,-4.02010e-002
 7.093600000000e-004,-4.02010e-002
 7.094000000000e-004,-4.02010e-002
 7.094400000000e-004,-4.02010e-002
 7.094800000000e-004,-4.02010e-002
 7.095200000000e-004,-4.02010e-002
 7.095600000000e-004,-4.02010e-002
 7.096000000000e-004,-8.04020e-002
 7.096400000000e-004,-4.02010e-002
 7.096800000000e-004,-4.02010e-002
 7.097200000000e-004, 0.00000e+000
 7.097600000000e-004,-4.02010e-002
 7.098000000000e-004,-4.02010e-002
 7.098400000000e-004,-4.02010e-002
 7.098800000000e-004,-4.02010e-002
 7.099200000000e-004,-4.02010e-002
 7.099600000000e-004,-4.02010e-002
 7.100000000000e-004,-4.02010e-002
 7.100400000000e-004,-4.02010e-002
 7.100800000000e-004,-4.02010e-002
 7.101200000000e-004,-4.02010e-002
 7.101600000000e-004,-4.02010e-002
 7.102000000000e-004,-4.02010e-002
 7.102400000000e-004,-4.02010e-002
 7.102800000000e-004,-8.04020e-002
 7.103200000000e-004,-8.04020e-002
 7.103600000000e-004,-4.02010e-002
 7.104000000000e-004,-4.02010e-002
 7.104400000000e-004, 0.00000e+000
 7.104800000000e-004, 0.00000e+000
 7.105200000000e-004,-4.02010e-002
 7.105600000000e-004,-4.02010e-002
 7.106000000000e-004,-4.02010e-002
 7.106400000000e-004,-4.02010e-002
 7.106800000000e-004,-8.04020e-002
 7.107200000000e-004,-4.02010e-002
 7.107600000000e-004,-4.02010e-002
 7.108000000000e-004,-8.04020e-002
 7.108400000000e-004,-4.02010e-002
 7.108800000000e-004,-4.02010e-002
 7.109200000000e-004, 0.00000e+000
 7.109600000000e-004,-4.02010e-002
 7.110000000000e-004,-4.02010e-002
 7.110400000000e-004,-4.02010e-002
 7.110800000000e-004,-4.02010e-002
 7.111200000000e-004,-4.02010e-002
 7.111600000000e-004,-4.02010e-002
 7.112000000000e-004,-4.02010e-002
 7.112400000000e-004,-4.02010e-002
 7.112800000000e-004,-4.02010e-002
 7.113200000000e-004,-4.02010e-002
 7.113600000000e-004, 0.00000e+000
 7.114000000000e-004,-4.02010e-002
 7.114400000000e-004,-8.04020e-002
 7.114800000000e-004,-4.02010e-002
 7.115200000000e-004,-8.04020e-002
 7.115600000000e-004,-4.02010e-002
 7.116000000000e-004,-4.02010e-002
 7.116400000000e-004,-4.02010e-002
 7.116800000000e-004,-4.02010e-002
 7.117200000000e-004,-4.02010e-002
 7.117600000000e-004,-4.02010e-002
 7.118000000000e-004,-4.02010e-002
 7.118400000000e-004,-4.02010e-002
 7.118800000000e-004,-4.02010e-002
 7.119200000000e-004,-4.02010e-002
 7.119600000000e-004,-4.02010e-002
 7.120000000000e-004,-4.02010e-002
 7.120400000000e-004,-4.02010e-002
 7.120800000000e-004,-4.02010e-002
 7.121200000000e-004,-4.02010e-002
 7.121600000000e-004,-4.02010e-002
 7.122000000000e-004,-4.02010e-002
 7.122400000000e-004,-4.02010e-002
 7.122800000000e-004,-4.02010e-002
 7.123200000000e-004, 0.00000e+000
 7.123600000000e-004,-4.02010e-002
 7.124000000000e-004,-4.02010e-002
 7.124400000000e-004,-8.04020e-002
 7.124800000000e-004,-4.02010e-002
 7.125200000000e-004,-4.02010e-002
 7.125600000000e-004,-4.02010e-002
 7.126000000000e-004,-4.02010e-002
 7.126400000000e-004,-4.02010e-002
 7.126800000000e-004,-4.02010e-002
 7.127200000000e-004,-4.02010e-002
 7.127600000000e-004,-4.02010e-002
 7.128000000000e-004,-4.02010e-002
 7.128400000000e-004,-4.02010e-002
 7.128800000000e-004,-4.02010e-002
 7.129200000000e-004,-4.02010e-002
 7.129600000000e-004,-8.04020e-002
 7.130000000000e-004,-4.02010e-002
 7.130400000000e-004,-4.02010e-002
 7.130800000000e-004,-4.02010e-002
 7.131200000000e-004,-4.02010e-002
 7.131600000000e-004,-4.02010e-002
 7.132000000000e-004,-4.02010e-002
 7.132400000000e-004,-4.02010e-002
 7.132800000000e-004,-4.02010e-002
 7.133200000000e-004,-4.02010e-002
 7.133600000000e-004,-8.04020e-002
 7.134000000000e-004,-8.04020e-002
 7.134400000000e-004,-4.02010e-002
 7.134800000000e-004,-4.02010e-002
 7.135200000000e-004,-4.02010e-002
 7.135600000000e-004,-4.02010e-002
 7.136000000000e-004,-4.02010e-002
 7.136400000000e-004,-4.02010e-002
 7.136800000000e-004,-4.02010e-002
 7.137200000000e-004,-4.02010e-002
 7.137600000000e-004,-8.04020e-002
 7.138000000000e-004,-4.02010e-002
 7.138400000000e-004,-4.02010e-002
 7.138800000000e-004,-4.02010e-002
 7.139200000000e-004,-4.02010e-002
 7.139600000000e-004,-4.02010e-002
 7.140000000000e-004,-4.02010e-002
 7.140400000000e-004,-4.02010e-002
 7.140800000000e-004,-4.02010e-002
 7.141200000000e-004,-4.02010e-002
 7.141600000000e-004,-4.02010e-002
 7.142000000000e-004,-4.02010e-002
 7.142400000000e-004,-4.02010e-002
 7.142800000000e-004,-4.02010e-002
 7.143200000000e-004,-4.02010e-002
 7.143600000000e-004,-4.02010e-002
 7.144000000000e-004,-4.02010e-002
 7.144400000000e-004,-4.02010e-002
 7.144800000000e-004,-4.02010e-002
 7.145200000000e-004,-4.02010e-002
 7.145600000000e-004,-4.02010e-002
 7.146000000000e-004,-8.04020e-002
 7.146400000000e-004,-4.02010e-002
 7.146800000000e-004,-4.02010e-002
 7.147200000000e-004,-4.02010e-002
 7.147600000000e-004,-4.02010e-002
 7.148000000000e-004,-4.02010e-002
 7.148400000000e-004,-4.02010e-002
 7.148800000000e-004,-4.02010e-002
 7.149200000000e-004,-4.02010e-002
 7.149600000000e-004,-4.02010e-002
 7.150000000000e-004,-4.02010e-002
 7.150400000000e-004,-4.02010e-002
 7.150800000000e-004,-4.02010e-002
 7.151200000000e-004,-4.02010e-002
 7.151600000000e-004,-8.04020e-002
 7.152000000000e-004,-4.02010e-002
 7.152400000000e-004,-4.02010e-002
 7.152800000000e-004,-4.02010e-002
 7.153200000000e-004, 0.00000e+000
 7.153600000000e-004,-4.02010e-002
 7.154000000000e-004,-4.02010e-002
 7.154400000000e-004,-4.02010e-002
 7.154800000000e-004,-4.02010e-002
 7.155200000000e-004,-4.02010e-002
 7.155600000000e-004,-4.02010e-002
 7.156000000000e-004,-4.02010e-002
 7.156400000000e-004,-4.02010e-002
 7.156800000000e-004,-4.02010e-002
 7.157200000000e-004,-4.02010e-002
 7.157600000000e-004,-4.02010e-002
 7.158000000000e-004,-4.02010e-002
 7.158400000000e-004,-4.02010e-002
 7.158800000000e-004,-4.02010e-002
 7.159200000000e-004,-4.02010e-002
 7.159600000000e-004,-4.02010e-002
 7.160000000000e-004,-4.02010e-002
 7.160400000000e-004,-4.02010e-002
 7.160800000000e-004,-4.02010e-002
 7.161200000000e-004,-8.04020e-002
 7.161600000000e-004,-4.02010e-002
 7.162000000000e-004,-4.02010e-002
 7.162400000000e-004,-4.02010e-002
 7.162800000000e-004,-4.02010e-002
 7.163200000000e-004,-4.02010e-002
 7.163600000000e-004,-4.02010e-002
 7.164000000000e-004,-4.02010e-002
 7.164400000000e-004,-4.02010e-002
 7.164800000000e-004,-4.02010e-002
 7.165200000000e-004,-4.02010e-002
 7.165600000000e-004,-4.02010e-002
 7.166000000000e-004,-4.02010e-002
 7.166400000000e-004,-4.02010e-002
 7.166800000000e-004,-4.02010e-002
 7.167200000000e-004,-4.02010e-002
 7.167600000000e-004,-4.02010e-002
 7.168000000000e-004,-4.02010e-002
 7.168400000000e-004,-4.02010e-002
 7.168800000000e-004,-4.02010e-002
 7.169200000000e-004,-4.02010e-002
 7.169600000000e-004,-4.02010e-002
 7.170000000000e-004,-4.02010e-002
 7.170400000000e-004,-4.02010e-002
 7.170800000000e-004,-4.02010e-002
 7.171200000000e-004,-4.02010e-002
 7.171600000000e-004,-4.02010e-002
 7.172000000000e-004,-4.02010e-002
 7.172400000000e-004,-4.02010e-002
 7.172800000000e-004,-4.02010e-002
 7.173200000000e-004,-4.02010e-002
 7.173600000000e-004,-4.02010e-002
 7.174000000000e-004,-4.02010e-002
 7.174400000000e-004,-4.02010e-002
 7.174800000000e-004,-8.04020e-002
 7.175200000000e-004,-4.02010e-002
 7.175600000000e-004,-4.02010e-002
 7.176000000000e-004,-4.02010e-002
 7.176400000000e-004,-4.02010e-002
 7.176800000000e-004,-4.02010e-002
 7.177200000000e-004,-4.02010e-002
 7.177600000000e-004,-4.02010e-002
 7.178000000000e-004,-4.02010e-002
 7.178400000000e-004,-4.02010e-002
 7.178800000000e-004,-8.04020e-002
 7.179200000000e-004,-4.02010e-002
 7.179600000000e-004,-4.02010e-002
 7.180000000000e-004,-8.04020e-002
 7.180400000000e-004,-4.02010e-002
 7.180800000000e-004,-4.02010e-002
 7.181200000000e-004,-4.02010e-002
 7.181600000000e-004,-4.02010e-002
 7.182000000000e-004,-4.02010e-002
 7.182400000000e-004,-4.02010e-002
 7.182800000000e-004,-4.02010e-002
 7.183200000000e-004,-4.02010e-002
 7.183600000000e-004,-4.02010e-002
 7.184000000000e-004,-4.02010e-002
 7.184400000000e-004,-4.02010e-002
 7.184800000000e-004,-4.02010e-002
 7.185200000000e-004,-4.02010e-002
 7.185600000000e-004,-4.02010e-002
 7.186000000000e-004,-4.02010e-002
 7.186400000000e-004,-4.02010e-002
 7.186800000000e-004,-4.02010e-002
 7.187200000000e-004,-4.02010e-002
 7.187600000000e-004,-4.02010e-002
 7.188000000000e-004,-4.02010e-002
 7.188400000000e-004,-4.02010e-002
 7.188800000000e-004,-4.02010e-002
 7.189200000000e-004,-4.02010e-002
 7.189600000000e-004,-4.02010e-002
 7.190000000000e-004,-4.02010e-002
 7.190400000000e-004,-4.02010e-002
 7.190800000000e-004,-4.02010e-002
 7.191200000000e-004,-4.02010e-002
 7.191600000000e-004,-8.04020e-002
 7.192000000000e-004,-8.04020e-002
 7.192400000000e-004,-4.02010e-002
 7.192800000000e-004,-4.02010e-002
 7.193200000000e-004,-4.02010e-002
 7.193600000000e-004,-4.02010e-002
 7.194000000000e-004,-4.02010e-002
 7.194400000000e-004,-4.02010e-002
 7.194800000000e-004,-4.02010e-002
 7.195200000000e-004,-8.04020e-002
 7.195600000000e-004,-4.02010e-002
 7.196000000000e-004,-4.02010e-002
 7.196400000000e-004,-4.02010e-002
 7.196800000000e-004,-4.02010e-002
 7.197200000000e-004,-4.02010e-002
 7.197600000000e-004,-4.02010e-002
 7.198000000000e-004,-4.02010e-002
 7.198400000000e-004,-4.02010e-002
 7.198800000000e-004,-8.04020e-002
 7.199200000000e-004,-4.02010e-002
 7.199600000000e-004,-4.02010e-002
 7.200000000000e-004,-4.02010e-002
 7.200400000000e-004,-4.02010e-002
 7.200800000000e-004,-4.02010e-002
 7.201200000000e-004,-4.02010e-002
 7.201600000000e-004,-4.02010e-002
 7.202000000000e-004,-4.02010e-002
 7.202400000000e-004,-4.02010e-002
 7.202800000000e-004,-4.02010e-002
 7.203200000000e-004,-4.02010e-002
 7.203600000000e-004,-4.02010e-002
 7.204000000000e-004,-4.02010e-002
 7.204400000000e-004,-8.04020e-002
 7.204800000000e-004,-4.02010e-002
 7.205200000000e-004,-4.02010e-002
 7.205600000000e-004,-4.02010e-002
 7.206000000000e-004,-4.02010e-002
 7.206400000000e-004,-4.02010e-002
 7.206800000000e-004,-4.02010e-002
 7.207200000000e-004, 0.00000e+000
 7.207600000000e-004,-4.02010e-002
 7.208000000000e-004,-4.02010e-002
 7.208400000000e-004,-4.02010e-002
 7.208800000000e-004,-4.02010e-002
 7.209200000000e-004,-8.04020e-002
 7.209600000000e-004,-8.04020e-002
 7.210000000000e-004,-4.02010e-002
 7.210400000000e-004,-4.02010e-002
 7.210800000000e-004,-4.02010e-002
 7.211200000000e-004,-4.02010e-002
 7.211600000000e-004,-4.02010e-002
 7.212000000000e-004,-4.02010e-002
 7.212400000000e-004,-4.02010e-002
 7.212800000000e-004,-4.02010e-002
 7.213200000000e-004,-4.02010e-002
 7.213600000000e-004,-4.02010e-002
 7.214000000000e-004,-4.02010e-002
 7.214400000000e-004,-4.02010e-002
 7.214800000000e-004,-4.02010e-002
 7.215200000000e-004,-4.02010e-002
 7.215600000000e-004,-4.02010e-002
 7.216000000000e-004,-4.02010e-002
 7.216400000000e-004,-4.02010e-002
 7.216800000000e-004,-4.02010e-002
 7.217200000000e-004,-4.02010e-002
 7.217600000000e-004,-4.02010e-002
 7.218000000000e-004,-4.02010e-002
 7.218400000000e-004,-4.02010e-002
 7.218800000000e-004,-4.02010e-002
 7.219200000000e-004,-4.02010e-002
 7.219600000000e-004,-4.02010e-002
 7.220000000000e-004,-4.02010e-002
 7.220400000000e-004,-4.02010e-002
 7.220800000000e-004,-4.02010e-002
 7.221200000000e-004,-4.02010e-002
 7.221600000000e-004,-4.02010e-002
 7.222000000000e-004,-4.02010e-002
 7.222400000000e-004,-4.02010e-002
 7.222800000000e-004,-4.02010e-002
 7.223200000000e-004,-4.02010e-002
 7.223600000000e-004,-8.04020e-002
 7.224000000000e-004,-4.02010e-002
 7.224400000000e-004, 0.00000e+000
 7.224800000000e-004,-4.02010e-002
 7.225200000000e-004,-4.02010e-002
 7.225600000000e-004,-4.02010e-002
 7.226000000000e-004,-4.02010e-002
 7.226400000000e-004,-4.02010e-002
 7.226800000000e-004,-4.02010e-002
 7.227200000000e-004,-4.02010e-002
 7.227600000000e-004,-4.02010e-002
 7.228000000000e-004,-4.02010e-002
 7.228400000000e-004,-4.02010e-002
 7.228800000000e-004,-4.02010e-002
 7.229200000000e-004,-4.02010e-002
 7.229600000000e-004,-4.02010e-002
 7.230000000000e-004,-4.02010e-002
 7.230400000000e-004,-4.02010e-002
 7.230800000000e-004,-4.02010e-002
 7.231200000000e-004,-4.02010e-002
 7.231600000000e-004,-4.02010e-002
 7.232000000000e-004,-4.02010e-002
 7.232400000000e-004,-4.02010e-002
 7.232800000000e-004,-8.04020e-002
 7.233200000000e-004,-4.02010e-002
 7.233600000000e-004,-4.02010e-002
 7.234000000000e-004,-8.04020e-002
 7.234400000000e-004,-4.02010e-002
 7.234800000000e-004,-4.02010e-002
 7.235200000000e-004,-4.02010e-002
 7.235600000000e-004,-4.02010e-002
 7.236000000000e-004,-4.02010e-002
 7.236400000000e-004,-4.02010e-002
 7.236800000000e-004,-4.02010e-002
 7.237200000000e-004,-8.04020e-002
 7.237600000000e-004,-4.02010e-002
 7.238000000000e-004,-4.02010e-002
 7.238400000000e-004,-4.02010e-002
 7.238800000000e-004,-4.02010e-002
 7.239200000000e-004, 0.00000e+000
 7.239600000000e-004,-4.02010e-002
 7.240000000000e-004, 0.00000e+000
 7.240400000000e-004,-4.02010e-002
 7.240800000000e-004,-4.02010e-002
 7.241200000000e-004,-4.02010e-002
 7.241600000000e-004,-4.02010e-002
 7.242000000000e-004,-4.02010e-002
 7.242400000000e-004,-8.04020e-002
 7.242800000000e-004,-4.02010e-002
 7.243200000000e-004,-4.02010e-002
 7.243600000000e-004,-4.02010e-002
 7.244000000000e-004,-4.02010e-002
 7.244400000000e-004,-4.02010e-002
 7.244800000000e-004,-4.02010e-002
 7.245200000000e-004,-4.02010e-002
 7.245600000000e-004,-8.04020e-002
 7.246000000000e-004,-4.02010e-002
 7.246400000000e-004,-4.02010e-002
 7.246800000000e-004,-4.02010e-002
 7.247200000000e-004,-4.02010e-002
 7.247600000000e-004,-4.02010e-002
 7.248000000000e-004,-4.02010e-002
 7.248400000000e-004,-4.02010e-002
 7.248800000000e-004,-4.02010e-002
 7.249200000000e-004,-4.02010e-002
 7.249600000000e-004,-4.02010e-002
 7.250000000000e-004,-4.02010e-002
 7.250400000000e-004,-8.04020e-002
 7.250800000000e-004,-4.02010e-002
 7.251200000000e-004,-4.02010e-002
 7.251600000000e-004,-4.02010e-002
 7.252000000000e-004,-4.02010e-002
 7.252400000000e-004, 0.00000e+000
 7.252800000000e-004,-4.02010e-002
 7.253200000000e-004,-4.02010e-002
 7.253600000000e-004,-4.02010e-002
 7.254000000000e-004,-8.04020e-002
 7.254400000000e-004,-8.04020e-002
 7.254800000000e-004,-4.02010e-002
 7.255200000000e-004,-4.02010e-002
 7.255600000000e-004,-4.02010e-002
 7.256000000000e-004,-4.02010e-002
 7.256400000000e-004,-4.02010e-002
 7.256800000000e-004,-4.02010e-002
 7.257200000000e-004,-8.04020e-002
 7.257600000000e-004,-4.02010e-002
 7.258000000000e-004,-8.04020e-002
 7.258400000000e-004,-4.02010e-002
 7.258800000000e-004,-4.02010e-002
 7.259200000000e-004,-4.02010e-002
 7.259600000000e-004,-4.02010e-002
 7.260000000000e-004,-4.02010e-002
 7.260400000000e-004,-4.02010e-002
 7.260800000000e-004,-4.02010e-002
 7.261200000000e-004,-4.02010e-002
 7.261600000000e-004,-4.02010e-002
 7.262000000000e-004,-4.02010e-002
 7.262400000000e-004,-4.02010e-002
 7.262800000000e-004,-4.02010e-002
 7.263200000000e-004,-4.02010e-002
 7.263600000000e-004,-4.02010e-002
 7.264000000000e-004,-4.02010e-002
 7.264400000000e-004,-4.02010e-002
 7.264800000000e-004,-4.02010e-002
 7.265200000000e-004,-4.02010e-002
 7.265600000000e-004,-4.02010e-002
 7.266000000000e-004, 0.00000e+000
 7.266400000000e-004,-4.02010e-002
 7.266800000000e-004,-4.02010e-002
 7.267200000000e-004,-4.02010e-002
 7.267600000000e-004,-4.02010e-002
 7.268000000000e-004,-4.02010e-002
 7.268400000000e-004,-8.04020e-002
 7.268800000000e-004,-4.02010e-002
 7.269200000000e-004,-4.02010e-002
 7.269600000000e-004,-4.02010e-002
 7.270000000000e-004,-4.02010e-002
 7.270400000000e-004,-4.02010e-002
 7.270800000000e-004,-4.02010e-002
 7.271200000000e-004,-4.02010e-002
 7.271600000000e-004,-4.02010e-002
 7.272000000000e-004,-4.02010e-002
 7.272400000000e-004,-4.02010e-002
 7.272800000000e-004,-4.02010e-002
 7.273200000000e-004,-4.02010e-002
 7.273600000000e-004,-4.02010e-002
 7.274000000000e-004,-4.02010e-002
 7.274400000000e-004,-4.02010e-002
 7.274800000000e-004,-4.02010e-002
 7.275200000000e-004,-4.02010e-002
 7.275600000000e-004,-4.02010e-002
 7.276000000000e-004,-4.02010e-002
 7.276400000000e-004,-4.02010e-002
 7.276800000000e-004,-4.02010e-002
 7.277200000000e-004,-4.02010e-002
 7.277600000000e-004, 0.00000e+000
 7.278000000000e-004,-4.02010e-002
 7.278400000000e-004,-4.02010e-002
 7.278800000000e-004, 0.00000e+000
 7.279200000000e-004,-4.02010e-002
 7.279600000000e-004,-8.04020e-002
 7.280000000000e-004,-4.02010e-002
 7.280400000000e-004,-4.02010e-002
 7.280800000000e-004,-4.02010e-002
 7.281200000000e-004,-4.02010e-002
 7.281600000000e-004,-4.02010e-002
 7.282000000000e-004,-4.02010e-002
 7.282400000000e-004,-4.02010e-002
 7.282800000000e-004,-4.02010e-002
 7.283200000000e-004,-4.02010e-002
 7.283600000000e-004,-8.04020e-002
 7.284000000000e-004,-4.02010e-002
 7.284400000000e-004,-4.02010e-002
 7.284800000000e-004,-4.02010e-002
 7.285200000000e-004,-4.02010e-002
 7.285600000000e-004,-4.02010e-002
 7.286000000000e-004,-4.02010e-002
 7.286400000000e-004,-4.02010e-002
 7.286800000000e-004,-4.02010e-002
 7.287200000000e-004,-4.02010e-002
 7.287600000000e-004, 0.00000e+000
 7.288000000000e-004,-4.02010e-002
 7.288400000000e-004,-4.02010e-002
 7.288800000000e-004,-4.02010e-002
 7.289200000000e-004,-4.02010e-002
 7.289600000000e-004,-4.02010e-002
 7.290000000000e-004,-4.02010e-002
 7.290400000000e-004,-4.02010e-002
 7.290800000000e-004,-4.02010e-002
 7.291200000000e-004,-4.02010e-002
 7.291600000000e-004,-4.02010e-002
 7.292000000000e-004,-4.02010e-002
 7.292400000000e-004,-4.02010e-002
 7.292800000000e-004,-4.02010e-002
 7.293200000000e-004,-4.02010e-002
 7.293600000000e-004,-4.02010e-002
 7.294000000000e-004,-4.02010e-002
 7.294400000000e-004,-4.02010e-002
 7.294800000000e-004,-8.04020e-002
 7.295200000000e-004,-4.02010e-002
 7.295600000000e-004,-4.02010e-002
 7.296000000000e-004,-4.02010e-002
 7.296400000000e-004,-4.02010e-002
 7.296800000000e-004,-4.02010e-002
 7.297200000000e-004,-4.02010e-002
 7.297600000000e-004,-4.02010e-002
 7.298000000000e-004,-4.02010e-002
 7.298400000000e-004,-4.02010e-002
 7.298800000000e-004,-4.02010e-002
 7.299200000000e-004,-4.02010e-002
 7.299600000000e-004,-4.02010e-002
 7.300000000000e-004,-4.02010e-002
 7.300400000000e-004,-4.02010e-002
 7.300800000000e-004,-4.02010e-002
 7.301200000000e-004,-4.02010e-002
 7.301600000000e-004,-4.02010e-002
 7.302000000000e-004,-4.02010e-002
 7.302400000000e-004,-4.02010e-002
 7.302800000000e-004,-4.02010e-002
 7.303200000000e-004,-4.02010e-002
 7.303600000000e-004,-4.02010e-002
 7.304000000000e-004,-4.02010e-002
 7.304400000000e-004,-4.02010e-002
 7.304800000000e-004,-4.02010e-002
 7.305200000000e-004,-4.02010e-002
 7.305600000000e-004,-4.02010e-002
 7.306000000000e-004,-4.02010e-002
 7.306400000000e-004,-4.02010e-002
 7.306800000000e-004,-4.02010e-002
 7.307200000000e-004,-4.02010e-002
 7.307600000000e-004,-4.02010e-002
 7.308000000000e-004,-4.02010e-002
 7.308400000000e-004,-4.02010e-002
 7.308800000000e-004,-4.02010e-002
 7.309200000000e-004,-4.02010e-002
 7.309600000000e-004,-4.02010e-002
 7.310000000000e-004,-4.02010e-002
 7.310400000000e-004,-4.02010e-002
 7.310800000000e-004,-4.02010e-002
 7.311200000000e-004,-4.02010e-002
 7.311600000000e-004,-4.02010e-002
 7.312000000000e-004,-4.02010e-002
 7.312400000000e-004,-8.04020e-002
 7.312800000000e-004,-4.02010e-002
 7.313200000000e-004,-4.02010e-002
 7.313600000000e-004,-4.02010e-002
 7.314000000000e-004,-4.02010e-002
 7.314400000000e-004,-4.02010e-002
 7.314800000000e-004,-4.02010e-002
 7.315200000000e-004,-4.02010e-002
 7.315600000000e-004,-4.02010e-002
 7.316000000000e-004,-4.02010e-002
 7.316400000000e-004,-4.02010e-002
 7.316800000000e-004,-4.02010e-002
 7.317200000000e-004,-4.02010e-002
 7.317600000000e-004,-4.02010e-002
 7.318000000000e-004,-4.02010e-002
 7.318400000000e-004,-4.02010e-002
 7.318800000000e-004,-4.02010e-002
 7.319200000000e-004,-4.02010e-002
 7.319600000000e-004,-4.02010e-002
 7.320000000000e-004,-4.02010e-002
 7.320400000000e-004,-8.04020e-002
 7.320800000000e-004,-4.02010e-002
 7.321200000000e-004,-4.02010e-002
 7.321600000000e-004,-8.04020e-002
 7.322000000000e-004,-4.02010e-002
 7.322400000000e-004,-4.02010e-002
 7.322800000000e-004,-4.02010e-002
 7.323200000000e-004,-4.02010e-002
 7.323600000000e-004,-4.02010e-002
 7.324000000000e-004, 0.00000e+000
 7.324400000000e-004,-4.02010e-002
 7.324800000000e-004,-4.02010e-002
 7.325200000000e-004,-4.02010e-002
 7.325600000000e-004,-4.02010e-002
 7.326000000000e-004,-4.02010e-002
 7.326400000000e-004,-4.02010e-002
 7.326800000000e-004,-4.02010e-002
 7.327200000000e-004,-4.02010e-002
 7.327600000000e-004,-4.02010e-002
 7.328000000000e-004,-4.02010e-002
 7.328400000000e-004,-4.02010e-002
 7.328800000000e-004,-4.02010e-002
 7.329200000000e-004,-4.02010e-002
 7.329600000000e-004,-4.02010e-002
 7.330000000000e-004,-4.02010e-002
 7.330400000000e-004,-4.02010e-002
 7.330800000000e-004,-4.02010e-002
 7.331200000000e-004,-4.02010e-002
 7.331600000000e-004,-4.02010e-002
 7.332000000000e-004,-4.02010e-002
 7.332400000000e-004,-4.02010e-002
 7.332800000000e-004,-4.02010e-002
 7.333200000000e-004,-4.02010e-002
 7.333600000000e-004,-4.02010e-002
 7.334000000000e-004, 0.00000e+000
 7.334400000000e-004,-4.02010e-002
 7.334800000000e-004,-4.02010e-002
 7.335200000000e-004,-4.02010e-002
 7.335600000000e-004,-4.02010e-002
 7.336000000000e-004,-4.02010e-002
 7.336400000000e-004,-4.02010e-002
 7.336800000000e-004,-4.02010e-002
 7.337200000000e-004,-4.02010e-002
 7.337600000000e-004,-4.02010e-002
 7.338000000000e-004,-8.04020e-002
 7.338400000000e-004,-4.02010e-002
 7.338800000000e-004,-4.02010e-002
 7.339200000000e-004,-4.02010e-002
 7.339600000000e-004,-4.02010e-002
 7.340000000000e-004,-4.02010e-002
 7.340400000000e-004,-4.02010e-002
 7.340800000000e-004,-4.02010e-002
 7.341200000000e-004,-4.02010e-002
 7.341600000000e-004,-4.02010e-002
 7.342000000000e-004,-4.02010e-002
 7.342400000000e-004,-4.02010e-002
 7.342800000000e-004,-4.02010e-002
 7.343200000000e-004,-4.02010e-002
 7.343600000000e-004,-4.02010e-002
 7.344000000000e-004,-4.02010e-002
 7.344400000000e-004,-4.02010e-002
 7.344800000000e-004,-4.02010e-002
 7.345200000000e-004,-4.02010e-002
 7.345600000000e-004,-4.02010e-002
 7.346000000000e-004,-4.02010e-002
 7.346400000000e-004,-4.02010e-002
 7.346800000000e-004,-4.02010e-002
 7.347200000000e-004,-4.02010e-002
 7.347600000000e-004,-4.02010e-002
 7.348000000000e-004,-4.02010e-002
 7.348400000000e-004,-4.02010e-002
 7.348800000000e-004,-4.02010e-002
 7.349200000000e-004,-4.02010e-002
 7.349600000000e-004,-4.02010e-002
 7.350000000000e-004,-4.02010e-002
 7.350400000000e-004,-4.02010e-002
 7.350800000000e-004,-8.04020e-002
 7.351200000000e-004,-4.02010e-002
 7.351600000000e-004,-4.02010e-002
 7.352000000000e-004,-4.02010e-002
 7.352400000000e-004,-4.02010e-002
 7.352800000000e-004,-4.02010e-002
 7.353200000000e-004,-4.02010e-002
 7.353600000000e-004,-4.02010e-002
 7.354000000000e-004,-4.02010e-002
 7.354400000000e-004,-8.04020e-002
 7.354800000000e-004,-4.02010e-002
 7.355200000000e-004,-4.02010e-002
 7.355600000000e-004,-4.02010e-002
 7.356000000000e-004,-4.02010e-002
 7.356400000000e-004,-4.02010e-002
 7.356800000000e-004,-4.02010e-002
 7.357200000000e-004,-4.02010e-002
 7.357600000000e-004,-4.02010e-002
 7.358000000000e-004,-4.02010e-002
 7.358400000000e-004,-4.02010e-002
 7.358800000000e-004,-4.02010e-002
 7.359200000000e-004,-4.02010e-002
 7.359600000000e-004,-4.02010e-002
 7.360000000000e-004,-4.02010e-002
 7.360400000000e-004,-4.02010e-002
 7.360800000000e-004, 0.00000e+000
 7.361200000000e-004,-4.02010e-002
 7.361600000000e-004,-4.02010e-002
 7.362000000000e-004,-4.02010e-002
 7.362400000000e-004,-4.02010e-002
 7.362800000000e-004,-8.04020e-002
 7.363200000000e-004,-4.02010e-002
 7.363600000000e-004,-4.02010e-002
 7.364000000000e-004,-4.02010e-002
 7.364400000000e-004,-4.02010e-002
 7.364800000000e-004, 0.00000e+000
 7.365200000000e-004, 0.00000e+000
 7.365600000000e-004,-4.02010e-002
 7.366000000000e-004,-4.02010e-002
 7.366400000000e-004,-4.02010e-002
 7.366800000000e-004,-4.02010e-002
 7.367200000000e-004,-4.02010e-002
 7.367600000000e-004,-8.04020e-002
 7.368000000000e-004,-4.02010e-002
 7.368400000000e-004,-4.02010e-002
 7.368800000000e-004,-4.02010e-002
 7.369200000000e-004,-4.02010e-002
 7.369600000000e-004,-4.02010e-002
 7.370000000000e-004,-4.02010e-002
 7.370400000000e-004,-4.02010e-002
 7.370800000000e-004,-8.04020e-002
 7.371200000000e-004,-4.02010e-002
 7.371600000000e-004,-4.02010e-002
 7.372000000000e-004,-4.02010e-002
 7.372400000000e-004, 0.00000e+000
 7.372800000000e-004,-4.02010e-002
 7.373200000000e-004,-4.02010e-002
 7.373600000000e-004,-4.02010e-002
 7.374000000000e-004,-4.02010e-002
 7.374400000000e-004,-4.02010e-002
 7.374800000000e-004,-4.02010e-002
 7.375200000000e-004,-4.02010e-002
 7.375600000000e-004,-4.02010e-002
 7.376000000000e-004,-4.02010e-002
 7.376400000000e-004,-4.02010e-002
 7.376800000000e-004,-4.02010e-002
 7.377200000000e-004,-4.02010e-002
 7.377600000000e-004, 0.00000e+000
 7.378000000000e-004,-4.02010e-002
 7.378400000000e-004,-8.04020e-002
 7.378800000000e-004,-4.02010e-002
 7.379200000000e-004,-4.02010e-002
 7.379600000000e-004,-4.02010e-002
 7.380000000000e-004,-4.02010e-002
 7.380400000000e-004,-4.02010e-002
 7.380800000000e-004,-4.02010e-002
 7.381200000000e-004,-4.02010e-002
 7.381600000000e-004,-4.02010e-002
 7.382000000000e-004,-4.02010e-002
 7.382400000000e-004,-4.02010e-002
 7.382800000000e-004,-4.02010e-002
 7.383200000000e-004,-4.02010e-002
 7.383600000000e-004,-4.02010e-002
 7.384000000000e-004,-4.02010e-002
 7.384400000000e-004,-4.02010e-002
 7.384800000000e-004,-4.02010e-002
 7.385200000000e-004,-4.02010e-002
 7.385600000000e-004,-4.02010e-002
 7.386000000000e-004,-4.02010e-002
 7.386400000000e-004,-4.02010e-002
 7.386800000000e-004,-4.02010e-002
 7.387200000000e-004, 0.00000e+000
 7.387600000000e-004,-4.02010e-002
 7.388000000000e-004,-4.02010e-002
 7.388400000000e-004,-4.02010e-002
 7.388800000000e-004,-4.02010e-002
 7.389200000000e-004,-4.02010e-002
 7.389600000000e-004,-4.02010e-002
 7.390000000000e-004,-4.02010e-002
 7.390400000000e-004,-4.02010e-002
 7.390800000000e-004,-4.02010e-002
 7.391200000000e-004,-4.02010e-002
 7.391600000000e-004,-4.02010e-002
 7.392000000000e-004,-4.02010e-002
 7.392400000000e-004,-4.02010e-002
 7.392800000000e-004,-4.02010e-002
 7.393200000000e-004,-4.02010e-002
 7.393600000000e-004,-4.02010e-002
 7.394000000000e-004,-4.02010e-002
 7.394400000000e-004,-4.02010e-002
 7.394800000000e-004,-8.04020e-002
 7.395200000000e-004,-4.02010e-002
 7.395600000000e-004,-4.02010e-002
 7.396000000000e-004,-4.02010e-002
 7.396400000000e-004,-4.02010e-002
 7.396800000000e-004,-4.02010e-002
 7.397200000000e-004,-4.02010e-002
 7.397600000000e-004,-4.02010e-002
 7.398000000000e-004,-4.02010e-002
 7.398400000000e-004,-8.04020e-002
 7.398800000000e-004,-4.02010e-002
 7.399200000000e-004,-4.02010e-002
 7.399600000000e-004,-4.02010e-002
 7.400000000000e-004,-4.02010e-002
 7.400400000000e-004,-4.02010e-002
 7.400800000000e-004,-4.02010e-002
 7.401200000000e-004,-4.02010e-002
 7.401600000000e-004,-4.02010e-002
 7.402000000000e-004,-4.02010e-002
 7.402400000000e-004,-4.02010e-002
 7.402800000000e-004,-4.02010e-002
 7.403200000000e-004,-4.02010e-002
 7.403600000000e-004,-4.02010e-002
 7.404000000000e-004,-4.02010e-002
 7.404400000000e-004,-4.02010e-002
 7.404800000000e-004,-4.02010e-002
 7.405200000000e-004,-4.02010e-002
 7.405600000000e-004,-4.02010e-002
 7.406000000000e-004,-4.02010e-002
 7.406400000000e-004,-4.02010e-002
 7.406800000000e-004,-4.02010e-002
 7.407200000000e-004,-4.02010e-002
 7.407600000000e-004,-4.02010e-002
 7.408000000000e-004,-4.02010e-002
 7.408400000000e-004,-4.02010e-002
 7.408800000000e-004,-4.02010e-002
 7.409200000000e-004,-4.02010e-002
 7.409600000000e-004,-4.02010e-002
 7.410000000000e-004,-4.02010e-002
 7.410400000000e-004,-4.02010e-002
 7.410800000000e-004,-4.02010e-002
 7.411200000000e-004,-4.02010e-002
 7.411600000000e-004,-4.02010e-002
 7.412000000000e-004,-4.02010e-002
 7.412400000000e-004,-4.02010e-002
 7.412800000000e-004,-4.02010e-002
 7.413200000000e-004,-4.02010e-002
 7.413600000000e-004,-4.02010e-002
 7.414000000000e-004,-4.02010e-002
 7.414400000000e-004,-4.02010e-002
 7.414800000000e-004,-4.02010e-002
 7.415200000000e-004,-4.02010e-002
 7.415600000000e-004,-4.02010e-002
 7.416000000000e-004,-4.02010e-002
 7.416400000000e-004,-4.02010e-002
 7.416800000000e-004,-4.02010e-002
 7.417200000000e-004,-4.02010e-002
 7.417600000000e-004,-4.02010e-002
 7.418000000000e-004,-4.02010e-002
 7.418400000000e-004,-4.02010e-002
 7.418800000000e-004,-4.02010e-002
 7.419200000000e-004,-4.02010e-002
 7.419600000000e-004,-4.02010e-002
 7.420000000000e-004,-4.02010e-002
 7.420400000000e-004,-4.02010e-002
 7.420800000000e-004,-4.02010e-002
 7.421200000000e-004,-4.02010e-002
 7.421600000000e-004,-4.02010e-002
 7.422000000000e-004,-4.02010e-002
 7.422400000000e-004,-4.02010e-002
 7.422800000000e-004,-4.02010e-002
 7.423200000000e-004,-4.02010e-002
 7.423600000000e-004,-4.02010e-002
 7.424000000000e-004,-4.02010e-002
 7.424400000000e-004,-4.02010e-002
 7.424800000000e-004,-4.02010e-002
 7.425200000000e-004,-4.02010e-002
 7.425600000000e-004,-4.02010e-002
 7.426000000000e-004,-4.02010e-002
 7.426400000000e-004,-4.02010e-002
 7.426800000000e-004,-4.02010e-002
 7.427200000000e-004,-4.02010e-002
 7.427600000000e-004,-4.02010e-002
 7.428000000000e-004,-4.02010e-002
 7.428400000000e-004,-4.02010e-002
 7.428800000000e-004,-4.02010e-002
 7.429200000000e-004,-4.02010e-002
 7.429600000000e-004,-4.02010e-002
 7.430000000000e-004,-4.02010e-002
 7.430400000000e-004,-4.02010e-002
 7.430800000000e-004,-4.02010e-002
 7.431200000000e-004,-4.02010e-002
 7.431600000000e-004,-4.02010e-002
 7.432000000000e-004,-4.02010e-002
 7.432400000000e-004,-4.02010e-002
 7.432800000000e-004,-4.02010e-002
 7.433200000000e-004,-4.02010e-002
 7.433600000000e-004,-4.02010e-002
 7.434000000000e-004,-4.02010e-002
 7.434400000000e-004, 0.00000e+000
 7.434800000000e-004,-4.02010e-002
 7.435200000000e-004,-4.02010e-002
 7.435600000000e-004,-4.02010e-002
 7.436000000000e-004,-8.04020e-002
 7.436400000000e-004,-4.02010e-002
 7.436800000000e-004,-4.02010e-002
 7.437200000000e-004,-4.02010e-002
 7.437600000000e-004, 0.00000e+000
 7.438000000000e-004,-4.02010e-002
 7.438400000000e-004,-4.02010e-002
 7.438800000000e-004,-4.02010e-002
 7.439200000000e-004,-4.02010e-002
 7.439600000000e-004,-4.02010e-002
 7.440000000000e-004,-4.02010e-002
 7.440400000000e-004,-4.02010e-002
 7.440800000000e-004,-4.02010e-002
 7.441200000000e-004,-8.04020e-002
 7.441600000000e-004,-4.02010e-002
 7.442000000000e-004,-4.02010e-002
 7.442400000000e-004,-4.02010e-002
 7.442800000000e-004,-4.02010e-002
 7.443200000000e-004,-4.02010e-002
 7.443600000000e-004,-4.02010e-002
 7.444000000000e-004,-4.02010e-002
 7.444400000000e-004,-4.02010e-002
 7.444800000000e-004,-4.02010e-002
 7.445200000000e-004,-4.02010e-002
 7.445600000000e-004,-4.02010e-002
 7.446000000000e-004,-4.02010e-002
 7.446400000000e-004,-4.02010e-002
 7.446800000000e-004,-4.02010e-002
 7.447200000000e-004,-4.02010e-002
 7.447600000000e-004,-4.02010e-002
 7.448000000000e-004,-8.04020e-002
 7.448400000000e-004,-8.04020e-002
 7.448800000000e-004,-4.02010e-002
 7.449200000000e-004,-4.02010e-002
 7.449600000000e-004,-8.04020e-002
 7.450000000000e-004,-4.02010e-002
 7.450400000000e-004,-4.02010e-002
 7.450800000000e-004,-4.02010e-002
 7.451200000000e-004,-4.02010e-002
 7.451600000000e-004,-4.02010e-002
 7.452000000000e-004,-4.02010e-002
 7.452400000000e-004,-4.02010e-002
 7.452800000000e-004,-4.02010e-002
 7.453200000000e-004,-4.02010e-002
 7.453600000000e-004,-4.02010e-002
 7.454000000000e-004,-4.02010e-002
 7.454400000000e-004,-4.02010e-002
 7.454800000000e-004,-4.02010e-002
 7.455200000000e-004,-4.02010e-002
 7.455600000000e-004,-4.02010e-002
 7.456000000000e-004,-4.02010e-002
 7.456400000000e-004,-4.02010e-002
 7.456800000000e-004,-4.02010e-002
 7.457200000000e-004,-4.02010e-002
 7.457600000000e-004,-4.02010e-002
 7.458000000000e-004,-4.02010e-002
 7.458400000000e-004,-8.04020e-002
 7.458800000000e-004,-4.02010e-002
 7.459200000000e-004,-4.02010e-002
 7.459600000000e-004,-4.02010e-002
 7.460000000000e-004,-4.02010e-002
 7.460400000000e-004,-4.02010e-002
 7.460800000000e-004,-4.02010e-002
 7.461200000000e-004,-4.02010e-002
 7.461600000000e-004,-4.02010e-002
 7.462000000000e-004,-4.02010e-002
 7.462400000000e-004,-8.04020e-002
 7.462800000000e-004,-4.02010e-002
 7.463200000000e-004,-4.02010e-002
 7.463600000000e-004,-4.02010e-002
 7.464000000000e-004,-4.02010e-002
 7.464400000000e-004,-4.02010e-002
 7.464800000000e-004,-4.02010e-002
 7.465200000000e-004,-4.02010e-002
 7.465600000000e-004,-4.02010e-002
 7.466000000000e-004,-4.02010e-002
 7.466400000000e-004,-4.02010e-002
 7.466800000000e-004,-4.02010e-002
 7.467200000000e-004,-4.02010e-002
 7.467600000000e-004,-4.02010e-002
 7.468000000000e-004,-4.02010e-002
 7.468400000000e-004,-4.02010e-002
 7.468800000000e-004,-4.02010e-002
 7.469200000000e-004,-4.02010e-002
 7.469600000000e-004,-4.02010e-002
 7.470000000000e-004,-4.02010e-002
 7.470400000000e-004,-4.02010e-002
 7.470800000000e-004,-4.02010e-002
 7.471200000000e-004,-4.02010e-002
 7.471600000000e-004,-8.04020e-002
 7.472000000000e-004,-4.02010e-002
 7.472400000000e-004,-4.02010e-002
 7.472800000000e-004,-4.02010e-002
 7.473200000000e-004,-4.02010e-002
 7.473600000000e-004,-4.02010e-002
 7.474000000000e-004,-4.02010e-002
 7.474400000000e-004,-4.02010e-002
 7.474800000000e-004,-4.02010e-002
 7.475200000000e-004,-4.02010e-002
 7.475600000000e-004,-4.02010e-002
 7.476000000000e-004,-4.02010e-002
 7.476400000000e-004,-4.02010e-002
 7.476800000000e-004,-4.02010e-002
 7.477200000000e-004,-4.02010e-002
 7.477600000000e-004,-4.02010e-002
 7.478000000000e-004,-4.02010e-002
 7.478400000000e-004,-4.02010e-002
 7.478800000000e-004,-8.04020e-002
 7.479200000000e-004,-4.02010e-002
 7.479600000000e-004,-4.02010e-002
 7.480000000000e-004,-8.04020e-002
 7.480400000000e-004,-8.04020e-002
 7.480800000000e-004,-4.02010e-002
 7.481200000000e-004,-4.02010e-002
 7.481600000000e-004,-4.02010e-002
 7.482000000000e-004,-4.02010e-002
 7.482400000000e-004,-4.02010e-002
 7.482800000000e-004,-4.02010e-002
 7.483200000000e-004,-4.02010e-002
 7.483600000000e-004,-4.02010e-002
 7.484000000000e-004,-8.04020e-002
 7.484400000000e-004,-4.02010e-002
 7.484800000000e-004,-4.02010e-002
 7.485200000000e-004,-4.02010e-002
 7.485600000000e-004,-4.02010e-002
 7.486000000000e-004,-4.02010e-002
 7.486400000000e-004,-4.02010e-002
 7.486800000000e-004,-4.02010e-002
 7.487200000000e-004,-4.02010e-002
 7.487600000000e-004,-4.02010e-002
 7.488000000000e-004,-4.02010e-002
 7.488400000000e-004,-8.04020e-002
 7.488800000000e-004,-4.02010e-002
 7.489200000000e-004,-4.02010e-002
 7.489600000000e-004,-4.02010e-002
 7.490000000000e-004,-4.02010e-002
 7.490400000000e-004,-4.02010e-002
 7.490800000000e-004,-4.02010e-002
 7.491200000000e-004,-8.04020e-002
 7.491600000000e-004,-4.02010e-002
 7.492000000000e-004,-4.02010e-002
 7.492400000000e-004,-4.02010e-002
 7.492800000000e-004,-4.02010e-002
 7.493200000000e-004,-4.02010e-002
 7.493600000000e-004,-4.02010e-002
 7.494000000000e-004,-4.02010e-002
 7.494400000000e-004,-4.02010e-002
 7.494800000000e-004,-4.02010e-002
 7.495200000000e-004,-8.04020e-002
 7.495600000000e-004,-4.02010e-002
 7.496000000000e-004,-4.02010e-002
 7.496400000000e-004,-4.02010e-002
 7.496800000000e-004,-4.02010e-002
 7.497200000000e-004,-4.02010e-002
 7.497600000000e-004,-4.02010e-002
 7.498000000000e-004,-4.02010e-002
 7.498400000000e-004,-4.02010e-002
 7.498800000000e-004,-4.02010e-002
 7.499200000000e-004,-4.02010e-002
 7.499600000000e-004,-4.02010e-002
 7.500000000000e-004,-4.02010e-002
 7.500400000000e-004,-4.02010e-002
 7.500800000000e-004,-4.02010e-002
 7.501200000000e-004,-4.02010e-002
 7.501600000000e-004,-4.02010e-002
 7.502000000000e-004,-4.02010e-002
 7.502400000000e-004,-4.02010e-002
 7.502800000000e-004,-4.02010e-002
 7.503200000000e-004,-4.02010e-002
 7.503600000000e-004,-4.02010e-002
 7.504000000000e-004,-4.02010e-002
 7.504400000000e-004,-4.02010e-002
 7.504800000000e-004,-4.02010e-002
 7.505200000000e-004,-4.02010e-002
 7.505600000000e-004,-4.02010e-002
 7.506000000000e-004,-8.04020e-002
 7.506400000000e-004,-4.02010e-002
 7.506800000000e-004,-4.02010e-002
 7.507200000000e-004,-8.04020e-002
 7.507600000000e-004,-4.02010e-002
 7.508000000000e-004,-4.02010e-002
 7.508400000000e-004,-4.02010e-002
 7.508800000000e-004,-4.02010e-002
 7.509200000000e-004,-4.02010e-002
 7.509600000000e-004,-4.02010e-002
 7.510000000000e-004,-4.02010e-002
 7.510400000000e-004,-4.02010e-002
 7.510800000000e-004,-4.02010e-002
 7.511200000000e-004,-4.02010e-002
 7.511600000000e-004,-4.02010e-002
 7.512000000000e-004,-4.02010e-002
 7.512400000000e-004, 0.00000e+000
 7.512800000000e-004,-4.02010e-002
 7.513200000000e-004,-4.02010e-002
 7.513600000000e-004,-4.02010e-002
 7.514000000000e-004,-4.02010e-002
 7.514400000000e-004,-8.04020e-002
 7.514800000000e-004,-4.02010e-002
 7.515200000000e-004,-4.02010e-002
 7.515600000000e-004,-4.02010e-002
 7.516000000000e-004,-4.02010e-002
 7.516400000000e-004,-4.02010e-002
 7.516800000000e-004,-4.02010e-002
 7.517200000000e-004,-4.02010e-002
 7.517600000000e-004, 0.00000e+000
 7.518000000000e-004,-4.02010e-002
 7.518400000000e-004,-4.02010e-002
 7.518800000000e-004,-4.02010e-002
 7.519200000000e-004,-4.02010e-002
 7.519600000000e-004,-4.02010e-002
 7.520000000000e-004,-4.02010e-002
 7.520400000000e-004,-4.02010e-002
 7.520800000000e-004,-8.04020e-002
 7.521200000000e-004,-4.02010e-002
 7.521600000000e-004,-4.02010e-002
 7.522000000000e-004,-4.02010e-002
 7.522400000000e-004,-4.02010e-002
 7.522800000000e-004,-4.02010e-002
 7.523200000000e-004,-4.02010e-002
 7.523600000000e-004,-4.02010e-002
 7.524000000000e-004,-4.02010e-002
 7.524400000000e-004,-8.04020e-002
 7.524800000000e-004,-4.02010e-002
 7.525200000000e-004,-4.02010e-002
 7.525600000000e-004,-4.02010e-002
 7.526000000000e-004,-4.02010e-002
 7.526400000000e-004,-4.02010e-002
 7.526800000000e-004,-4.02010e-002
 7.527200000000e-004,-4.02010e-002
 7.527600000000e-004,-4.02010e-002
 7.528000000000e-004,-4.02010e-002
 7.528400000000e-004,-4.02010e-002
 7.528800000000e-004,-4.02010e-002
 7.529200000000e-004,-4.02010e-002
 7.529600000000e-004,-4.02010e-002
 7.530000000000e-004,-4.02010e-002
 7.530400000000e-004,-8.04020e-002
 7.530800000000e-004,-4.02010e-002
 7.531200000000e-004,-4.02010e-002
 7.531600000000e-004,-4.02010e-002
 7.532000000000e-004,-4.02010e-002
 7.532400000000e-004,-4.02010e-002
 7.532800000000e-004,-4.02010e-002
 7.533200000000e-004,-8.04020e-002
 7.533600000000e-004,-4.02010e-002
 7.534000000000e-004,-4.02010e-002
 7.534400000000e-004,-4.02010e-002
 7.534800000000e-004,-4.02010e-002
 7.535200000000e-004, 0.00000e+000
 7.535600000000e-004,-4.02010e-002
 7.536000000000e-004,-4.02010e-002
 7.536400000000e-004,-4.02010e-002
 7.536800000000e-004,-4.02010e-002
 7.537200000000e-004,-8.04020e-002
 7.537600000000e-004,-4.02010e-002
 7.538000000000e-004,-4.02010e-002
 7.538400000000e-004,-4.02010e-002
 7.538800000000e-004,-4.02010e-002
 7.539200000000e-004,-4.02010e-002
 7.539600000000e-004, 0.00000e+000
 7.540000000000e-004,-4.02010e-002
 7.540400000000e-004,-4.02010e-002
 7.540800000000e-004,-4.02010e-002
 7.541200000000e-004,-4.02010e-002
 7.541600000000e-004,-4.02010e-002
 7.542000000000e-004,-4.02010e-002
 7.542400000000e-004,-4.02010e-002
 7.542800000000e-004,-4.02010e-002
 7.543200000000e-004,-4.02010e-002
 7.543600000000e-004,-4.02010e-002
 7.544000000000e-004,-4.02010e-002
 7.544400000000e-004,-4.02010e-002
 7.544800000000e-004,-4.02010e-002
 7.545200000000e-004,-4.02010e-002
 7.545600000000e-004,-4.02010e-002
 7.546000000000e-004,-4.02010e-002
 7.546400000000e-004,-4.02010e-002
 7.546800000000e-004,-4.02010e-002
 7.547200000000e-004,-4.02010e-002
 7.547600000000e-004, 0.00000e+000
 7.548000000000e-004,-4.02010e-002
 7.548400000000e-004,-8.04020e-002
 7.548800000000e-004,-4.02010e-002
 7.549200000000e-004,-4.02010e-002
 7.549600000000e-004,-4.02010e-002
 7.550000000000e-004,-4.02010e-002
 7.550400000000e-004,-4.02010e-002
 7.550800000000e-004,-4.02010e-002
 7.551200000000e-004,-4.02010e-002
 7.551600000000e-004,-4.02010e-002
 7.552000000000e-004,-4.02010e-002
 7.552400000000e-004,-4.02010e-002
 7.552800000000e-004,-8.04020e-002
 7.553200000000e-004,-8.04020e-002
 7.553600000000e-004,-4.02010e-002
 7.554000000000e-004,-4.02010e-002
 7.554400000000e-004,-4.02010e-002
 7.554800000000e-004,-4.02010e-002
 7.555200000000e-004,-4.02010e-002
 7.555600000000e-004,-4.02010e-002
 7.556000000000e-004,-4.02010e-002
 7.556400000000e-004,-8.04020e-002
 7.556800000000e-004,-4.02010e-002
 7.557200000000e-004,-4.02010e-002
 7.557600000000e-004,-4.02010e-002
 7.558000000000e-004,-4.02010e-002
 7.558400000000e-004,-4.02010e-002
 7.558800000000e-004,-4.02010e-002
 7.559200000000e-004,-4.02010e-002
 7.559600000000e-004,-4.02010e-002
 7.560000000000e-004, 0.00000e+000
 7.560400000000e-004,-4.02010e-002
 7.560800000000e-004,-4.02010e-002
 7.561200000000e-004,-4.02010e-002
 7.561600000000e-004,-4.02010e-002
 7.562000000000e-004,-4.02010e-002
 7.562400000000e-004,-4.02010e-002
 7.562800000000e-004,-4.02010e-002
 7.563200000000e-004,-4.02010e-002
 7.563600000000e-004, 0.00000e+000
 7.564000000000e-004,-4.02010e-002
 7.564400000000e-004,-4.02010e-002
 7.564800000000e-004,-4.02010e-002
 7.565200000000e-004,-8.04020e-002
 7.565600000000e-004, 0.00000e+000
 7.566000000000e-004,-4.02010e-002
 7.566400000000e-004, 0.00000e+000
 7.566800000000e-004,-4.02010e-002
 7.567200000000e-004,-4.02010e-002
 7.567600000000e-004,-4.02010e-002
 7.568000000000e-004,-4.02010e-002
 7.568400000000e-004,-4.02010e-002
 7.568800000000e-004,-4.02010e-002
 7.569200000000e-004,-8.04020e-002
 7.569600000000e-004,-4.02010e-002
 7.570000000000e-004,-4.02010e-002
 7.570400000000e-004,-4.02010e-002
 7.570800000000e-004,-4.02010e-002
 7.571200000000e-004,-4.02010e-002
 7.571600000000e-004,-4.02010e-002
 7.572000000000e-004,-4.02010e-002
 7.572400000000e-004,-4.02010e-002
 7.572800000000e-004,-4.02010e-002
 7.573200000000e-004,-4.02010e-002
 7.573600000000e-004,-4.02010e-002
 7.574000000000e-004,-4.02010e-002
 7.574400000000e-004,-4.02010e-002
 7.574800000000e-004,-4.02010e-002
 7.575200000000e-004,-4.02010e-002
 7.575600000000e-004,-4.02010e-002
 7.576000000000e-004,-4.02010e-002
 7.576400000000e-004,-4.02010e-002
 7.576800000000e-004,-4.02010e-002
 7.577200000000e-004,-4.02010e-002
 7.577600000000e-004,-4.02010e-002
 7.578000000000e-004,-4.02010e-002
 7.578400000000e-004,-4.02010e-002
 7.578800000000e-004,-4.02010e-002
 7.579200000000e-004,-4.02010e-002
 7.579600000000e-004,-4.02010e-002
 7.580000000000e-004,-4.02010e-002
 7.580400000000e-004,-4.02010e-002
 7.580800000000e-004,-4.02010e-002
 7.581200000000e-004,-4.02010e-002
 7.581600000000e-004,-4.02010e-002
 7.582000000000e-004,-4.02010e-002
 7.582400000000e-004,-4.02010e-002
 7.582800000000e-004,-4.02010e-002
 7.583200000000e-004,-4.02010e-002
 7.583600000000e-004,-4.02010e-002
 7.584000000000e-004,-8.04020e-002
 7.584400000000e-004,-4.02010e-002
 7.584800000000e-004,-4.02010e-002
 7.585200000000e-004,-4.02010e-002
 7.585600000000e-004,-4.02010e-002
 7.586000000000e-004,-4.02010e-002
 7.586400000000e-004, 0.00000e+000
 7.586800000000e-004,-4.02010e-002
 7.587200000000e-004,-4.02010e-002
 7.587600000000e-004,-4.02010e-002
 7.588000000000e-004,-4.02010e-002
 7.588400000000e-004,-4.02010e-002
 7.588800000000e-004,-4.02010e-002
 7.589200000000e-004,-4.02010e-002
 7.589600000000e-004,-4.02010e-002
 7.590000000000e-004,-4.02010e-002
 7.590400000000e-004,-4.02010e-002
 7.590800000000e-004,-4.02010e-002
 7.591200000000e-004,-4.02010e-002
 7.591600000000e-004,-4.02010e-002
 7.592000000000e-004,-8.04020e-002
 7.592400000000e-004,-4.02010e-002
 7.592800000000e-004,-4.02010e-002
 7.593200000000e-004,-4.02010e-002
 7.593600000000e-004,-4.02010e-002
 7.594000000000e-004,-4.02010e-002
 7.594400000000e-004,-4.02010e-002
 7.594800000000e-004, 0.00000e+000
 7.595200000000e-004,-4.02010e-002
 7.595600000000e-004,-4.02010e-002
 7.596000000000e-004,-4.02010e-002
 7.596400000000e-004,-4.02010e-002
 7.596800000000e-004,-4.02010e-002
 7.597200000000e-004,-4.02010e-002
 7.597600000000e-004,-4.02010e-002
 7.598000000000e-004,-4.02010e-002
 7.598400000000e-004,-4.02010e-002
 7.598800000000e-004,-4.02010e-002
 7.599200000000e-004,-4.02010e-002
 7.599600000000e-004,-4.02010e-002
 7.600000000000e-004,-4.02010e-002
 7.600400000000e-004,-4.02010e-002
 7.600800000000e-004,-4.02010e-002
 7.601200000000e-004,-4.02010e-002
 7.601600000000e-004,-4.02010e-002
 7.602000000000e-004,-4.02010e-002
 7.602400000000e-004,-4.02010e-002
 7.602800000000e-004,-4.02010e-002
 7.603200000000e-004,-4.02010e-002
 7.603600000000e-004,-4.02010e-002
 7.604000000000e-004,-4.02010e-002
 7.604400000000e-004,-4.02010e-002
 7.604800000000e-004,-4.02010e-002
 7.605200000000e-004,-4.02010e-002
 7.605600000000e-004,-4.02010e-002
 7.606000000000e-004,-4.02010e-002
 7.606400000000e-004,-4.02010e-002
 7.606800000000e-004,-4.02010e-002
 7.607200000000e-004,-4.02010e-002
 7.607600000000e-004,-4.02010e-002
 7.608000000000e-004,-4.02010e-002
 7.608400000000e-004,-4.02010e-002
 7.608800000000e-004,-4.02010e-002
 7.609200000000e-004,-4.02010e-002
 7.609600000000e-004,-4.02010e-002
 7.610000000000e-004,-4.02010e-002
 7.610400000000e-004,-4.02010e-002
 7.610800000000e-004,-4.02010e-002
 7.611200000000e-004,-4.02010e-002
 7.611600000000e-004,-4.02010e-002
 7.612000000000e-004,-4.02010e-002
 7.612400000000e-004,-4.02010e-002
 7.612800000000e-004,-8.04020e-002
 7.613200000000e-004,-4.02010e-002
 7.613600000000e-004,-4.02010e-002
 7.614000000000e-004,-8.04020e-002
 7.614400000000e-004,-4.02010e-002
 7.614800000000e-004,-8.04020e-002
 7.615200000000e-004,-4.02010e-002
 7.615600000000e-004,-4.02010e-002
 7.616000000000e-004,-4.02010e-002
 7.616400000000e-004,-4.02010e-002
 7.616800000000e-004,-4.02010e-002
 7.617200000000e-004,-8.04020e-002
 7.617600000000e-004,-8.04020e-002
 7.618000000000e-004,-4.02010e-002
 7.618400000000e-004,-4.02010e-002
 7.618800000000e-004,-8.04020e-002
 7.619200000000e-004,-4.02010e-002
 7.619600000000e-004,-4.02010e-002
 7.620000000000e-004,-4.02010e-002
 7.620400000000e-004,-4.02010e-002
 7.620800000000e-004,-4.02010e-002
 7.621200000000e-004,-4.02010e-002
 7.621600000000e-004,-4.02010e-002
 7.622000000000e-004,-4.02010e-002
 7.622400000000e-004,-4.02010e-002
 7.622800000000e-004,-4.02010e-002
 7.623200000000e-004,-4.02010e-002
 7.623600000000e-004,-8.04020e-002
 7.624000000000e-004,-4.02010e-002
 7.624400000000e-004,-4.02010e-002
 7.624800000000e-004,-4.02010e-002
 7.625200000000e-004, 0.00000e+000
 7.625600000000e-004,-4.02010e-002
 7.626000000000e-004,-4.02010e-002
 7.626400000000e-004,-4.02010e-002
 7.626800000000e-004,-4.02010e-002
 7.627200000000e-004,-4.02010e-002
 7.627600000000e-004,-4.02010e-002
 7.628000000000e-004,-4.02010e-002
 7.628400000000e-004,-4.02010e-002
 7.628800000000e-004,-4.02010e-002
 7.629200000000e-004,-4.02010e-002
 7.629600000000e-004,-4.02010e-002
 7.630000000000e-004,-4.02010e-002
 7.630400000000e-004,-4.02010e-002
 7.630800000000e-004,-4.02010e-002
 7.631200000000e-004,-4.02010e-002
 7.631600000000e-004,-4.02010e-002
 7.632000000000e-004,-4.02010e-002
 7.632400000000e-004,-4.02010e-002
 7.632800000000e-004,-4.02010e-002
 7.633200000000e-004,-4.02010e-002
 7.633600000000e-004,-4.02010e-002
 7.634000000000e-004,-4.02010e-002
 7.634400000000e-004,-4.02010e-002
 7.634800000000e-004,-8.04020e-002
 7.635200000000e-004,-4.02010e-002
 7.635600000000e-004,-4.02010e-002
 7.636000000000e-004,-4.02010e-002
 7.636400000000e-004,-4.02010e-002
 7.636800000000e-004,-4.02010e-002
 7.637200000000e-004,-4.02010e-002
 7.637600000000e-004,-4.02010e-002
 7.638000000000e-004,-4.02010e-002
 7.638400000000e-004,-4.02010e-002
 7.638800000000e-004,-8.04020e-002
 7.639200000000e-004,-4.02010e-002
 7.639600000000e-004,-4.02010e-002
 7.640000000000e-004,-4.02010e-002
 7.640400000000e-004,-4.02010e-002
 7.640800000000e-004,-4.02010e-002
 7.641200000000e-004,-4.02010e-002
 7.641600000000e-004,-4.02010e-002
 7.642000000000e-004,-4.02010e-002
 7.642400000000e-004,-4.02010e-002
 7.642800000000e-004,-4.02010e-002
 7.643200000000e-004,-4.02010e-002
 7.643600000000e-004,-4.02010e-002
 7.644000000000e-004,-4.02010e-002
 7.644400000000e-004,-4.02010e-002
 7.644800000000e-004,-4.02010e-002
 7.645200000000e-004,-4.02010e-002
 7.645600000000e-004,-4.02010e-002
 7.646000000000e-004,-4.02010e-002
 7.646400000000e-004,-4.02010e-002
 7.646800000000e-004,-4.02010e-002
 7.647200000000e-004,-4.02010e-002
 7.647600000000e-004,-4.02010e-002
 7.648000000000e-004,-4.02010e-002
 7.648400000000e-004, 0.00000e+000
 7.648800000000e-004,-4.02010e-002
 7.649200000000e-004,-4.02010e-002
 7.649600000000e-004,-4.02010e-002
 7.650000000000e-004,-4.02010e-002
 7.650400000000e-004,-4.02010e-002
 7.650800000000e-004,-4.02010e-002
 7.651200000000e-004,-4.02010e-002
 7.651600000000e-004,-4.02010e-002
 7.652000000000e-004,-4.02010e-002
 7.652400000000e-004,-4.02010e-002
 7.652800000000e-004,-4.02010e-002
 7.653200000000e-004,-4.02010e-002
 7.653600000000e-004,-8.04020e-002
 7.654000000000e-004,-4.02010e-002
 7.654400000000e-004,-8.04020e-002
 7.654800000000e-004,-8.04020e-002
 7.655200000000e-004,-4.02010e-002
 7.655600000000e-004,-4.02010e-002
 7.656000000000e-004,-4.02010e-002
 7.656400000000e-004, 0.00000e+000
 7.656800000000e-004,-4.02010e-002
 7.657200000000e-004,-4.02010e-002
 7.657600000000e-004,-4.02010e-002
 7.658000000000e-004,-8.04020e-002
 7.658400000000e-004,-4.02010e-002
 7.658800000000e-004,-8.04020e-002
 7.659200000000e-004,-8.04020e-002
 7.659600000000e-004,-4.02010e-002
 7.660000000000e-004,-4.02010e-002
 7.660400000000e-004,-4.02010e-002
 7.660800000000e-004,-4.02010e-002
 7.661200000000e-004,-4.02010e-002
 7.661600000000e-004, 0.00000e+000
 7.662000000000e-004,-4.02010e-002
 7.662400000000e-004,-4.02010e-002
 7.662800000000e-004,-4.02010e-002
 7.663200000000e-004,-4.02010e-002
 7.663600000000e-004,-8.04020e-002
 7.664000000000e-004,-4.02010e-002
 7.664400000000e-004,-4.02010e-002
 7.664800000000e-004,-4.02010e-002
 7.665200000000e-004,-4.02010e-002
 7.665600000000e-004,-4.02010e-002
 7.666000000000e-004,-4.02010e-002
 7.666400000000e-004,-4.02010e-002
 7.666800000000e-004,-4.02010e-002
 7.667200000000e-004,-4.02010e-002
 7.667600000000e-004,-4.02010e-002
 7.668000000000e-004,-8.04020e-002
 7.668400000000e-004,-4.02010e-002
 7.668800000000e-004,-4.02010e-002
 7.669200000000e-004,-4.02010e-002
 7.669600000000e-004,-4.02010e-002
 7.670000000000e-004,-4.02010e-002
 7.670400000000e-004,-4.02010e-002
 7.670800000000e-004,-8.04020e-002
 7.671200000000e-004,-4.02010e-002
 7.671600000000e-004,-8.04020e-002
 7.672000000000e-004,-4.02010e-002
 7.672400000000e-004,-4.02010e-002
 7.672800000000e-004,-4.02010e-002
 7.673200000000e-004,-4.02010e-002
 7.673600000000e-004,-4.02010e-002
 7.674000000000e-004,-4.02010e-002
 7.674400000000e-004,-4.02010e-002
 7.674800000000e-004,-4.02010e-002
 7.675200000000e-004,-4.02010e-002
 7.675600000000e-004,-4.02010e-002
 7.676000000000e-004,-4.02010e-002
 7.676400000000e-004,-4.02010e-002
 7.676800000000e-004,-4.02010e-002
 7.677200000000e-004,-4.02010e-002
 7.677600000000e-004,-4.02010e-002
 7.678000000000e-004,-4.02010e-002
 7.678400000000e-004,-4.02010e-002
 7.678800000000e-004,-8.04020e-002
 7.679200000000e-004,-4.02010e-002
 7.679600000000e-004,-4.02010e-002
 7.680000000000e-004,-4.02010e-002
 7.680400000000e-004,-4.02010e-002
 7.680800000000e-004,-4.02010e-002
 7.681200000000e-004,-8.04020e-002
 7.681600000000e-004,-4.02010e-002
 7.682000000000e-004,-4.02010e-002
 7.682400000000e-004,-4.02010e-002
 7.682800000000e-004,-4.02010e-002
 7.683200000000e-004,-4.02010e-002
 7.683600000000e-004,-4.02010e-002
 7.684000000000e-004,-4.02010e-002
 7.684400000000e-004,-4.02010e-002
 7.684800000000e-004,-4.02010e-002
 7.685200000000e-004,-4.02010e-002
 7.685600000000e-004,-4.02010e-002
 7.686000000000e-004,-4.02010e-002
 7.686400000000e-004,-4.02010e-002
 7.686800000000e-004,-4.02010e-002
 7.687200000000e-004,-4.02010e-002
 7.687600000000e-004,-4.02010e-002
 7.688000000000e-004,-4.02010e-002
 7.688400000000e-004,-4.02010e-002
 7.688800000000e-004,-4.02010e-002
 7.689200000000e-004,-8.04020e-002
 7.689600000000e-004,-4.02010e-002
 7.690000000000e-004,-4.02010e-002
 7.690400000000e-004,-4.02010e-002
 7.690800000000e-004,-4.02010e-002
 7.691200000000e-004,-4.02010e-002
 7.691600000000e-004,-4.02010e-002
 7.692000000000e-004,-4.02010e-002
 7.692400000000e-004,-4.02010e-002
 7.692800000000e-004,-4.02010e-002
 7.693200000000e-004, 0.00000e+000
 7.693600000000e-004,-4.02010e-002
 7.694000000000e-004,-4.02010e-002
 7.694400000000e-004,-4.02010e-002
 7.694800000000e-004,-4.02010e-002
 7.695200000000e-004,-4.02010e-002
 7.695600000000e-004,-4.02010e-002
 7.696000000000e-004,-4.02010e-002
 7.696400000000e-004, 0.00000e+000
 7.696800000000e-004,-4.02010e-002
 7.697200000000e-004,-8.04020e-002
 7.697600000000e-004,-4.02010e-002
 7.698000000000e-004,-4.02010e-002
 7.698400000000e-004,-4.02010e-002
 7.698800000000e-004,-4.02010e-002
 7.699200000000e-004,-4.02010e-002
 7.699600000000e-004,-4.02010e-002
 7.700000000000e-004,-8.04020e-002
 7.700400000000e-004,-8.04020e-002
 7.700800000000e-004,-4.02010e-002
 7.701200000000e-004,-4.02010e-002
 7.701600000000e-004,-8.04020e-002
 7.702000000000e-004,-4.02010e-002
 7.702400000000e-004,-4.02010e-002
 7.702800000000e-004,-4.02010e-002
 7.703200000000e-004,-4.02010e-002
 7.703600000000e-004,-4.02010e-002
 7.704000000000e-004,-4.02010e-002
 7.704400000000e-004,-4.02010e-002
 7.704800000000e-004,-4.02010e-002
 7.705200000000e-004,-8.04020e-002
 7.705600000000e-004,-8.04020e-002
 7.706000000000e-004,-4.02010e-002
 7.706400000000e-004,-4.02010e-002
 7.706800000000e-004,-4.02010e-002
 7.707200000000e-004,-4.02010e-002
 7.707600000000e-004,-4.02010e-002
 7.708000000000e-004,-4.02010e-002
 7.708400000000e-004,-8.04020e-002
 7.708800000000e-004,-8.04020e-002
 7.709200000000e-004,-4.02010e-002
 7.709600000000e-004,-4.02010e-002
 7.710000000000e-004,-4.02010e-002
 7.710400000000e-004,-4.02010e-002
 7.710800000000e-004,-4.02010e-002
 7.711200000000e-004,-4.02010e-002
 7.711600000000e-004,-4.02010e-002
 7.712000000000e-004,-4.02010e-002
 7.712400000000e-004,-4.02010e-002
 7.712800000000e-004,-4.02010e-002
 7.713200000000e-004,-8.04020e-002
 7.713600000000e-004,-4.02010e-002
 7.714000000000e-004,-4.02010e-002
 7.714400000000e-004, 0.00000e+000
 7.714800000000e-004,-4.02010e-002
 7.715200000000e-004,-4.02010e-002
 7.715600000000e-004,-4.02010e-002
 7.716000000000e-004,-4.02010e-002
 7.716400000000e-004,-4.02010e-002
 7.716800000000e-004,-8.04020e-002
 7.717200000000e-004,-4.02010e-002
 7.717600000000e-004,-4.02010e-002
 7.718000000000e-004,-4.02010e-002
 7.718400000000e-004,-4.02010e-002
 7.718800000000e-004,-4.02010e-002
 7.719200000000e-004,-4.02010e-002
 7.719600000000e-004,-4.02010e-002
 7.720000000000e-004,-4.02010e-002
 7.720400000000e-004,-4.02010e-002
 7.720800000000e-004,-4.02010e-002
 7.721200000000e-004,-4.02010e-002
 7.721600000000e-004,-4.02010e-002
 7.722000000000e-004,-4.02010e-002
 7.722400000000e-004,-4.02010e-002
 7.722800000000e-004,-4.02010e-002
 7.723200000000e-004,-4.02010e-002
 7.723600000000e-004,-4.02010e-002
 7.724000000000e-004,-4.02010e-002
 7.724400000000e-004,-4.02010e-002
 7.724800000000e-004,-4.02010e-002
 7.725200000000e-004,-4.02010e-002
 7.725600000000e-004,-4.02010e-002
 7.726000000000e-004,-4.02010e-002
 7.726400000000e-004,-4.02010e-002
 7.726800000000e-004,-4.02010e-002
 7.727200000000e-004,-4.02010e-002
 7.727600000000e-004,-4.02010e-002
 7.728000000000e-004,-4.02010e-002
 7.728400000000e-004,-4.02010e-002
 7.728800000000e-004,-4.02010e-002
 7.729200000000e-004,-4.02010e-002
 7.729600000000e-004,-4.02010e-002
 7.730000000000e-004,-8.04020e-002
 7.730400000000e-004,-4.02010e-002
 7.730800000000e-004,-4.02010e-002
 7.731200000000e-004,-4.02010e-002
 7.731600000000e-004, 0.00000e+000
 7.732000000000e-004,-4.02010e-002
 7.732400000000e-004,-4.02010e-002
 7.732800000000e-004, 0.00000e+000
 7.733200000000e-004,-4.02010e-002
 7.733600000000e-004,-4.02010e-002
 7.734000000000e-004,-4.02010e-002
 7.734400000000e-004,-4.02010e-002
 7.734800000000e-004,-4.02010e-002
 7.735200000000e-004,-4.02010e-002
 7.735600000000e-004,-4.02010e-002
 7.736000000000e-004,-4.02010e-002
 7.736400000000e-004,-8.04020e-002
 7.736800000000e-004,-4.02010e-002
 7.737200000000e-004,-4.02010e-002
 7.737600000000e-004,-4.02010e-002
 7.738000000000e-004,-4.02010e-002
 7.738400000000e-004,-4.02010e-002
 7.738800000000e-004,-4.02010e-002
 7.739200000000e-004,-4.02010e-002
 7.739600000000e-004,-4.02010e-002
 7.740000000000e-004,-4.02010e-002
 7.740400000000e-004,-4.02010e-002
 7.740800000000e-004,-4.02010e-002
 7.741200000000e-004,-4.02010e-002
 7.741600000000e-004,-4.02010e-002
 7.742000000000e-004,-4.02010e-002
 7.742400000000e-004,-4.02010e-002
 7.742800000000e-004,-8.04020e-002
 7.743200000000e-004,-8.04020e-002
 7.743600000000e-004,-4.02010e-002
 7.744000000000e-004,-4.02010e-002
 7.744400000000e-004,-4.02010e-002
 7.744800000000e-004,-4.02010e-002
 7.745200000000e-004, 0.00000e+000
 7.745600000000e-004,-4.02010e-002
 7.746000000000e-004,-4.02010e-002
 7.746400000000e-004,-4.02010e-002
 7.746800000000e-004,-4.02010e-002
 7.747200000000e-004,-8.04020e-002
 7.747600000000e-004,-4.02010e-002
 7.748000000000e-004,-4.02010e-002
 7.748400000000e-004,-4.02010e-002
 7.748800000000e-004,-4.02010e-002
 7.749200000000e-004,-4.02010e-002
 7.749600000000e-004, 0.00000e+000
 7.750000000000e-004,-4.02010e-002
 7.750400000000e-004,-4.02010e-002
 7.750800000000e-004,-4.02010e-002
 7.751200000000e-004,-4.02010e-002
 7.751600000000e-004,-4.02010e-002
 7.752000000000e-004,-4.02010e-002
 7.752400000000e-004,-4.02010e-002
 7.752800000000e-004,-4.02010e-002
 7.753200000000e-004,-4.02010e-002
 7.753600000000e-004,-4.02010e-002
 7.754000000000e-004,-4.02010e-002
 7.754400000000e-004,-4.02010e-002
 7.754800000000e-004,-4.02010e-002
 7.755200000000e-004,-4.02010e-002
 7.755600000000e-004,-4.02010e-002
 7.756000000000e-004,-4.02010e-002
 7.756400000000e-004,-4.02010e-002
 7.756800000000e-004,-4.02010e-002
 7.757200000000e-004,-4.02010e-002
 7.757600000000e-004,-4.02010e-002
 7.758000000000e-004,-4.02010e-002
 7.758400000000e-004,-4.02010e-002
 7.758800000000e-004,-4.02010e-002
 7.759200000000e-004,-4.02010e-002
 7.759600000000e-004,-4.02010e-002
 7.760000000000e-004,-4.02010e-002
 7.760400000000e-004,-4.02010e-002
 7.760800000000e-004, 0.00000e+000
 7.761200000000e-004, 0.00000e+000
 7.761600000000e-004,-4.02010e-002
 7.762000000000e-004,-4.02010e-002
 7.762400000000e-004,-4.02010e-002
 7.762800000000e-004,-4.02010e-002
 7.763200000000e-004,-8.04020e-002
 7.763600000000e-004,-4.02010e-002
 7.764000000000e-004,-4.02010e-002
 7.764400000000e-004,-4.02010e-002
 7.764800000000e-004,-4.02010e-002
 7.765200000000e-004,-4.02010e-002
 7.765600000000e-004,-4.02010e-002
 7.766000000000e-004,-4.02010e-002
 7.766400000000e-004,-4.02010e-002
 7.766800000000e-004,-4.02010e-002
 7.767200000000e-004,-8.04020e-002
 7.767600000000e-004,-4.02010e-002
 7.768000000000e-004,-4.02010e-002
 7.768400000000e-004,-4.02010e-002
 7.768800000000e-004,-4.02010e-002
 7.769200000000e-004, 0.00000e+000
 7.769600000000e-004,-4.02010e-002
 7.770000000000e-004,-4.02010e-002
 7.770400000000e-004,-4.02010e-002
 7.770800000000e-004,-4.02010e-002
 7.771200000000e-004,-4.02010e-002
 7.771600000000e-004,-4.02010e-002
 7.772000000000e-004,-4.02010e-002
 7.772400000000e-004,-4.02010e-002
 7.772800000000e-004, 0.00000e+000
 7.773200000000e-004,-4.02010e-002
 7.773600000000e-004,-4.02010e-002
 7.774000000000e-004,-4.02010e-002
 7.774400000000e-004,-4.02010e-002
 7.774800000000e-004,-8.04020e-002
 7.775200000000e-004,-8.04020e-002
 7.775600000000e-004,-4.02010e-002
 7.776000000000e-004,-4.02010e-002
 7.776400000000e-004,-4.02010e-002
 7.776800000000e-004,-4.02010e-002
 7.777200000000e-004,-4.02010e-002
 7.777600000000e-004,-4.02010e-002
 7.778000000000e-004,-4.02010e-002
 7.778400000000e-004,-4.02010e-002
 7.778800000000e-004,-4.02010e-002
 7.779200000000e-004,-4.02010e-002
 7.779600000000e-004,-8.04020e-002
 7.780000000000e-004,-4.02010e-002
 7.780400000000e-004,-4.02010e-002
 7.780800000000e-004,-4.02010e-002
 7.781200000000e-004,-4.02010e-002
 7.781600000000e-004, 0.00000e+000
 7.782000000000e-004,-4.02010e-002
 7.782400000000e-004,-4.02010e-002
 7.782800000000e-004,-4.02010e-002
 7.783200000000e-004,-8.04020e-002
 7.783600000000e-004,-4.02010e-002
 7.784000000000e-004,-4.02010e-002
 7.784400000000e-004,-4.02010e-002
 7.784800000000e-004,-4.02010e-002
 7.785200000000e-004,-4.02010e-002
 7.785600000000e-004,-4.02010e-002
 7.786000000000e-004,-4.02010e-002
 7.786400000000e-004,-4.02010e-002
 7.786800000000e-004,-4.02010e-002
 7.787200000000e-004,-8.04020e-002
 7.787600000000e-004,-4.02010e-002
 7.788000000000e-004,-4.02010e-002
 7.788400000000e-004,-4.02010e-002
 7.788800000000e-004,-4.02010e-002
 7.789200000000e-004,-4.02010e-002
 7.789600000000e-004,-4.02010e-002
 7.790000000000e-004,-4.02010e-002
 7.790400000000e-004,-4.02010e-002
 7.790800000000e-004,-4.02010e-002
 7.791200000000e-004,-4.02010e-002
 7.791600000000e-004,-4.02010e-002
 7.792000000000e-004,-4.02010e-002
 7.792400000000e-004,-4.02010e-002
 7.792800000000e-004,-4.02010e-002
 7.793200000000e-004,-4.02010e-002
 7.793600000000e-004,-4.02010e-002
 7.794000000000e-004,-4.02010e-002
 7.794400000000e-004,-4.02010e-002
 7.794800000000e-004,-4.02010e-002
 7.795200000000e-004,-4.02010e-002
 7.795600000000e-004,-4.02010e-002
 7.796000000000e-004,-4.02010e-002
 7.796400000000e-004,-4.02010e-002
 7.796800000000e-004,-4.02010e-002
 7.797200000000e-004,-4.02010e-002
 7.797600000000e-004,-4.02010e-002
 7.798000000000e-004,-4.02010e-002
 7.798400000000e-004,-4.02010e-002
 7.798800000000e-004,-4.02010e-002
 7.799200000000e-004,-4.02010e-002
 7.799600000000e-004,-4.02010e-002
 7.800000000000e-004,-4.02010e-002
 7.800400000000e-004,-4.02010e-002
 7.800800000000e-004,-4.02010e-002
 7.801200000000e-004,-4.02010e-002
 7.801600000000e-004,-4.02010e-002
 7.802000000000e-004,-4.02010e-002
 7.802400000000e-004,-4.02010e-002
 7.802800000000e-004,-4.02010e-002
 7.803200000000e-004,-4.02010e-002
 7.803600000000e-004,-4.02010e-002
 7.804000000000e-004,-4.02010e-002
 7.804400000000e-004,-4.02010e-002
 7.804800000000e-004,-4.02010e-002
 7.805200000000e-004,-4.02010e-002
 7.805600000000e-004,-4.02010e-002
 7.806000000000e-004,-4.02010e-002
 7.806400000000e-004,-8.04020e-002
 7.806800000000e-004,-4.02010e-002
 7.807200000000e-004,-4.02010e-002
 7.807600000000e-004,-4.02010e-002
 7.808000000000e-004,-4.02010e-002
 7.808400000000e-004,-4.02010e-002
 7.808800000000e-004,-4.02010e-002
 7.809200000000e-004,-4.02010e-002
 7.809600000000e-004,-4.02010e-002
 7.810000000000e-004,-4.02010e-002
 7.810400000000e-004,-4.02010e-002
 7.810800000000e-004,-4.02010e-002
 7.811200000000e-004,-4.02010e-002
 7.811600000000e-004,-4.02010e-002
 7.812000000000e-004,-4.02010e-002
 7.812400000000e-004,-4.02010e-002
 7.812800000000e-004,-4.02010e-002
 7.813200000000e-004,-4.02010e-002
 7.813600000000e-004,-4.02010e-002
 7.814000000000e-004,-4.02010e-002
 7.814400000000e-004,-4.02010e-002
 7.814800000000e-004,-4.02010e-002
 7.815200000000e-004,-4.02010e-002
 7.815600000000e-004,-4.02010e-002
 7.816000000000e-004,-4.02010e-002
 7.816400000000e-004,-4.02010e-002
 7.816800000000e-004,-4.02010e-002
 7.817200000000e-004,-4.02010e-002
 7.817600000000e-004,-4.02010e-002
 7.818000000000e-004,-4.02010e-002
 7.818400000000e-004, 0.00000e+000
 7.818800000000e-004,-4.02010e-002
 7.819200000000e-004,-4.02010e-002
 7.819600000000e-004,-4.02010e-002
 7.820000000000e-004,-4.02010e-002
 7.820400000000e-004,-4.02010e-002
 7.820800000000e-004,-4.02010e-002
 7.821200000000e-004,-4.02010e-002
 7.821600000000e-004,-4.02010e-002
 7.822000000000e-004,-4.02010e-002
 7.822400000000e-004,-4.02010e-002
 7.822800000000e-004,-4.02010e-002
 7.823200000000e-004,-4.02010e-002
 7.823600000000e-004,-4.02010e-002
 7.824000000000e-004,-4.02010e-002
 7.824400000000e-004,-4.02010e-002
 7.824800000000e-004,-4.02010e-002
 7.825200000000e-004,-4.02010e-002
 7.825600000000e-004,-4.02010e-002
 7.826000000000e-004,-4.02010e-002
 7.826400000000e-004,-4.02010e-002
 7.826800000000e-004,-4.02010e-002
 7.827200000000e-004,-4.02010e-002
 7.827600000000e-004,-4.02010e-002
 7.828000000000e-004,-8.04020e-002
 7.828400000000e-004,-4.02010e-002
 7.828800000000e-004,-8.04020e-002
 7.829200000000e-004,-4.02010e-002
 7.829600000000e-004,-4.02010e-002
 7.830000000000e-004,-4.02010e-002
 7.830400000000e-004,-4.02010e-002
 7.830800000000e-004,-4.02010e-002
 7.831200000000e-004,-4.02010e-002
 7.831600000000e-004,-4.02010e-002
 7.832000000000e-004,-4.02010e-002
 7.832400000000e-004,-4.02010e-002
 7.832800000000e-004,-4.02010e-002
 7.833200000000e-004,-8.04020e-002
 7.833600000000e-004,-4.02010e-002
 7.834000000000e-004,-4.02010e-002
 7.834400000000e-004,-4.02010e-002
 7.834800000000e-004,-4.02010e-002
 7.835200000000e-004,-4.02010e-002
 7.835600000000e-004,-4.02010e-002
 7.836000000000e-004,-4.02010e-002
 7.836400000000e-004,-4.02010e-002
 7.836800000000e-004,-4.02010e-002
 7.837200000000e-004,-8.04020e-002
 7.837600000000e-004,-4.02010e-002
 7.838000000000e-004,-4.02010e-002
 7.838400000000e-004,-4.02010e-002
 7.838800000000e-004,-4.02010e-002
 7.839200000000e-004,-4.02010e-002
 7.839600000000e-004,-4.02010e-002
 7.840000000000e-004,-4.02010e-002
 7.840400000000e-004,-4.02010e-002
 7.840800000000e-004,-4.02010e-002
 7.841200000000e-004, 0.00000e+000
 7.841600000000e-004,-4.02010e-002
 7.842000000000e-004,-4.02010e-002
 7.842400000000e-004,-4.02010e-002
 7.842800000000e-004,-4.02010e-002
 7.843200000000e-004,-4.02010e-002
 7.843600000000e-004,-4.02010e-002
 7.844000000000e-004,-4.02010e-002
 7.844400000000e-004,-4.02010e-002
 7.844800000000e-004,-4.02010e-002
 7.845200000000e-004,-4.02010e-002
 7.845600000000e-004,-4.02010e-002
 7.846000000000e-004,-4.02010e-002
 7.846400000000e-004,-4.02010e-002
 7.846800000000e-004,-4.02010e-002
 7.847200000000e-004,-4.02010e-002
 7.847600000000e-004,-4.02010e-002
 7.848000000000e-004,-4.02010e-002
 7.848400000000e-004, 0.00000e+000
 7.848800000000e-004,-4.02010e-002
 7.849200000000e-004,-4.02010e-002
 7.849600000000e-004,-4.02010e-002
 7.850000000000e-004,-4.02010e-002
 7.850400000000e-004,-4.02010e-002
 7.850800000000e-004,-4.02010e-002
 7.851200000000e-004,-4.02010e-002
 7.851600000000e-004,-4.02010e-002
 7.852000000000e-004,-4.02010e-002
 7.852400000000e-004,-4.02010e-002
 7.852800000000e-004,-4.02010e-002
 7.853200000000e-004, 0.00000e+000
 7.853600000000e-004,-4.02010e-002
 7.854000000000e-004,-4.02010e-002
 7.854400000000e-004,-4.02010e-002
 7.854800000000e-004,-4.02010e-002
 7.855200000000e-004,-4.02010e-002
 7.855600000000e-004,-4.02010e-002
 7.856000000000e-004,-4.02010e-002
 7.856400000000e-004,-4.02010e-002
 7.856800000000e-004,-4.02010e-002
 7.857200000000e-004,-4.02010e-002
 7.857600000000e-004,-4.02010e-002
 7.858000000000e-004,-4.02010e-002
 7.858400000000e-004,-4.02010e-002
 7.858800000000e-004,-4.02010e-002
 7.859200000000e-004,-4.02010e-002
 7.859600000000e-004,-4.02010e-002
 7.860000000000e-004,-4.02010e-002
 7.860400000000e-004,-4.02010e-002
 7.860800000000e-004,-4.02010e-002
 7.861200000000e-004,-4.02010e-002
 7.861600000000e-004,-4.02010e-002
 7.862000000000e-004,-4.02010e-002
 7.862400000000e-004,-4.02010e-002
 7.862800000000e-004,-4.02010e-002
 7.863200000000e-004,-4.02010e-002
 7.863600000000e-004,-4.02010e-002
 7.864000000000e-004,-4.02010e-002
 7.864400000000e-004,-8.04020e-002
 7.864800000000e-004,-4.02010e-002
 7.865200000000e-004,-8.04020e-002
 7.865600000000e-004,-4.02010e-002
 7.866000000000e-004,-4.02010e-002
 7.866400000000e-004,-4.02010e-002
 7.866800000000e-004,-4.02010e-002
 7.867200000000e-004, 0.00000e+000
 7.867600000000e-004,-4.02010e-002
 7.868000000000e-004,-4.02010e-002
 7.868400000000e-004,-4.02010e-002
 7.868800000000e-004,-4.02010e-002
 7.869200000000e-004,-4.02010e-002
 7.869600000000e-004,-4.02010e-002
 7.870000000000e-004,-4.02010e-002
 7.870400000000e-004,-4.02010e-002
 7.870800000000e-004,-4.02010e-002
 7.871200000000e-004,-4.02010e-002
 7.871600000000e-004,-4.02010e-002
 7.872000000000e-004,-4.02010e-002
 7.872400000000e-004,-8.04020e-002
 7.872800000000e-004,-8.04020e-002
 7.873200000000e-004,-4.02010e-002
 7.873600000000e-004,-4.02010e-002
 7.874000000000e-004, 0.00000e+000
 7.874400000000e-004, 0.00000e+000
 7.874800000000e-004, 0.00000e+000
 7.875200000000e-004, 0.00000e+000
 7.875600000000e-004,-4.02010e-002
 7.876000000000e-004,-4.02010e-002
 7.876400000000e-004,-8.04020e-002
 7.876800000000e-004,-4.02010e-002
 7.877200000000e-004,-4.02010e-002
 7.877600000000e-004,-4.02010e-002
 7.878000000000e-004,-4.02010e-002
 7.878400000000e-004,-4.02010e-002
 7.878800000000e-004, 0.00000e+000
 7.879200000000e-004, 0.00000e+000
 7.879600000000e-004,-4.02010e-002
 7.880000000000e-004,-4.02010e-002
 7.880400000000e-004,-4.02010e-002
 7.880800000000e-004,-8.04020e-002
 7.881200000000e-004,-4.02010e-002
 7.881600000000e-004,-4.02010e-002
 7.882000000000e-004,-4.02010e-002
 7.882400000000e-004,-4.02010e-002
 7.882800000000e-004,-4.02010e-002
 7.883200000000e-004,-4.02010e-002
 7.883600000000e-004, 0.00000e+000
 7.884000000000e-004, 0.00000e+000
 7.884400000000e-004,-4.02010e-002
 7.884800000000e-004,-4.02010e-002
 7.885200000000e-004,-4.02010e-002
 7.885600000000e-004,-4.02010e-002
 7.886000000000e-004,-4.02010e-002
 7.886400000000e-004,-8.04020e-002
 7.886800000000e-004,-4.02010e-002
 7.887200000000e-004,-4.02010e-002
 7.887600000000e-004, 0.00000e+000
 7.888000000000e-004, 0.00000e+000
 7.888400000000e-004, 0.00000e+000
 7.888800000000e-004, 0.00000e+000
 7.889200000000e-004,-4.02010e-002
 7.889600000000e-004,-4.02010e-002
 7.890000000000e-004,-8.04020e-002
 7.890400000000e-004,-4.02010e-002
 7.890800000000e-004,-8.04020e-002
 7.891200000000e-004,-4.02010e-002
 7.891600000000e-004,-4.02010e-002
 7.892000000000e-004,-4.02010e-002
 7.892400000000e-004,-4.02010e-002
 7.892800000000e-004, 0.00000e+000
 7.893200000000e-004, 0.00000e+000
 7.893600000000e-004,-4.02010e-002
 7.894000000000e-004,-4.02010e-002
 7.894400000000e-004,-4.02010e-002
 7.894800000000e-004,-4.02010e-002
 7.895200000000e-004,-4.02010e-002
 7.895600000000e-004,-4.02010e-002
 7.896000000000e-004,-4.02010e-002
 7.896400000000e-004,-4.02010e-002
 7.896800000000e-004,-4.02010e-002
 7.897200000000e-004,-8.04020e-002
 7.897600000000e-004,-4.02010e-002
 7.898000000000e-004,-8.04020e-002
 7.898400000000e-004,-8.04020e-002
 7.898800000000e-004,-4.02010e-002
 7.899200000000e-004,-4.02010e-002
 7.899600000000e-004,-4.02010e-002
 7.900000000000e-004,-4.02010e-002
 7.900400000000e-004,-4.02010e-002
 7.900800000000e-004,-4.02010e-002
 7.901200000000e-004,-4.02010e-002
 7.901600000000e-004,-4.02010e-002
 7.902000000000e-004,-4.02010e-002
 7.902400000000e-004, 0.00000e+000
 7.902800000000e-004,-4.02010e-002
 7.903200000000e-004,-4.02010e-002
 7.903600000000e-004,-4.02010e-002
 7.904000000000e-004,-8.04020e-002
 7.904400000000e-004,-8.04020e-002
 7.904800000000e-004,-8.04020e-002
 7.905200000000e-004,-4.02010e-002
 7.905600000000e-004, 0.00000e+000
 7.906000000000e-004, 0.00000e+000
 7.906400000000e-004, 4.02010e-002
 7.906800000000e-004,-4.02010e-002
 7.907200000000e-004,-4.02010e-002
 7.907600000000e-004,-8.04020e-002
 7.908000000000e-004,-1.20603e-001
 7.908400000000e-004,-8.04020e-002
 7.908800000000e-004,-8.04020e-002
 7.909200000000e-004,-4.02010e-002
 7.909600000000e-004,-4.02010e-002
 7.910000000000e-004,-4.02010e-002
 7.910400000000e-004,-4.02010e-002
 7.910800000000e-004,-4.02010e-002
 7.911200000000e-004,-4.02010e-002
 7.911600000000e-004,-4.02010e-002
 7.912000000000e-004,-4.02010e-002
 7.912400000000e-004,-4.02010e-002
 7.912800000000e-004,-4.02010e-002
 7.913200000000e-004,-4.02010e-002
 7.913600000000e-004,-8.04020e-002
 7.914000000000e-004,-8.04020e-002
 7.914400000000e-004,-8.04020e-002
 7.914800000000e-004,-8.04020e-002
 7.915200000000e-004,-4.02010e-002
 7.915600000000e-004,-4.02010e-002
 7.916000000000e-004, 0.00000e+000
 7.916400000000e-004, 0.00000e+000
 7.916800000000e-004, 0.00000e+000
 7.917200000000e-004,-8.04020e-002
 7.917600000000e-004,-8.04020e-002
 7.918000000000e-004,-1.20603e-001
 7.918400000000e-004,-1.20603e-001
 7.918800000000e-004,-1.20603e-001
 7.919200000000e-004,-4.02010e-002
 7.919600000000e-004,-4.02010e-002
 7.920000000000e-004, 0.00000e+000
 7.920400000000e-004, 0.00000e+000
 7.920800000000e-004, 0.00000e+000
 7.921200000000e-004, 0.00000e+000
 7.921600000000e-004,-4.02010e-002
 7.922000000000e-004,-4.02010e-002
 7.922400000000e-004, 0.00000e+000
 7.922800000000e-004, 0.00000e+000
 7.923200000000e-004, 4.02010e-002
 7.923600000000e-004, 0.00000e+000
 7.924000000000e-004,-8.04020e-002
 7.924400000000e-004,-1.20603e-001
 7.924800000000e-004,-2.01005e-001
 7.925200000000e-004,-2.01005e-001
 7.925600000000e-004,-1.20603e-001
 7.926000000000e-004,-4.02010e-002
 7.926400000000e-004, 8.04020e-002
 7.926800000000e-004, 1.20603e-001
 7.927200000000e-004, 1.20603e-001
 7.927600000000e-004, 4.02010e-002
 7.928000000000e-004,-4.02010e-002
 7.928400000000e-004,-1.20603e-001
 7.928800000000e-004,-1.60804e-001
 7.929200000000e-004,-1.60804e-001
 7.929600000000e-004,-8.04020e-002
 7.930000000000e-004,-4.02010e-002
 7.930400000000e-004, 0.00000e+000
 7.930800000000e-004, 4.02010e-002
 7.931200000000e-004, 0.00000e+000
 7.931600000000e-004,-4.02010e-002
 7.932000000000e-004,-4.02010e-002
 7.932400000000e-004,-4.02010e-002
 7.932800000000e-004,-8.04020e-002
 7.933200000000e-004,-8.04020e-002
 7.933600000000e-004,-4.02010e-002
 7.934000000000e-004,-4.02010e-002
 7.934400000000e-004,-4.02010e-002
 7.934800000000e-004,-4.02010e-002
 7.935200000000e-004,-8.04020e-002
 7.935600000000e-004,-8.04020e-002
 7.936000000000e-004,-4.02010e-002
 7.936400000000e-004, 0.00000e+000
 7.936800000000e-004, 0.00000e+000
 7.937200000000e-004, 4.02010e-002
 7.937600000000e-004, 0.00000e+000
 7.938000000000e-004,-4.02010e-002
 7.938400000000e-004,-4.02010e-002
 7.938800000000e-004,-8.04020e-002
 7.939200000000e-004,-4.02010e-002
 7.939600000000e-004,-8.04020e-002
 7.940000000000e-004,-4.02010e-002
 7.940400000000e-004,-8.04020e-002
 7.940800000000e-004,-4.02010e-002
 7.941200000000e-004,-4.02010e-002
 7.941600000000e-004,-4.02010e-002
 7.942000000000e-004,-4.02010e-002
 7.942400000000e-004,-4.02010e-002
 7.942800000000e-004,-4.02010e-002
 7.943200000000e-004,-4.02010e-002
 7.943600000000e-004,-4.02010e-002
 7.944000000000e-004,-4.02010e-002
 7.944400000000e-004,-8.04020e-002
 7.944800000000e-004,-8.04020e-002
 7.945200000000e-004,-4.02010e-002
 7.945600000000e-004,-4.02010e-002
 7.946000000000e-004,-4.02010e-002
 7.946400000000e-004, 0.00000e+000
 7.946800000000e-004, 0.00000e+000
 7.947200000000e-004,-4.02010e-002
 7.947600000000e-004,-4.02010e-002
 7.948000000000e-004,-8.04020e-002
 7.948400000000e-004,-8.04020e-002
 7.948800000000e-004,-4.02010e-002
 7.949200000000e-004,-4.02010e-002
 7.949600000000e-004,-4.02010e-002
 7.950000000000e-004, 0.00000e+000
 7.950400000000e-004, 0.00000e+000
 7.950800000000e-004,-4.02010e-002
 7.951200000000e-004,-4.02010e-002
 7.951600000000e-004,-8.04020e-002
 7.952000000000e-004,-8.04020e-002
 7.952400000000e-004,-1.20603e-001
 7.952800000000e-004,-8.04020e-002
 7.953200000000e-004, 0.00000e+000
 7.953600000000e-004, 8.04020e-002
 7.954000000000e-004, 8.04020e-002
 7.954400000000e-004, 8.04020e-002
 7.954800000000e-004, 4.02010e-002
 7.955200000000e-004,-4.02010e-002
 7.955600000000e-004,-1.60804e-001
 7.956000000000e-004,-1.60804e-001
 7.956400000000e-004,-1.60804e-001
 7.956800000000e-004,-1.20603e-001
 7.957200000000e-004,-4.02010e-002
 7.957600000000e-004, 4.02010e-002
 7.958000000000e-004, 4.02010e-002
 7.958400000000e-004, 4.02010e-002
 7.958800000000e-004, 0.00000e+000
 7.959200000000e-004,-4.02010e-002
 7.959600000000e-004,-8.04020e-002
 7.960000000000e-004,-8.04020e-002
 7.960400000000e-004,-8.04020e-002
 7.960800000000e-004,-8.04020e-002
 7.961200000000e-004,-4.02010e-002
 7.961600000000e-004,-4.02010e-002
 7.962000000000e-004,-4.02010e-002
 7.962400000000e-004,-4.02010e-002
 7.962800000000e-004,-4.02010e-002
 7.963200000000e-004,-4.02010e-002
 7.963600000000e-004,-4.02010e-002
 7.964000000000e-004,-8.04020e-002
 7.964400000000e-004,-4.02010e-002
 7.964800000000e-004,-8.04020e-002
 7.965200000000e-004,-4.02010e-002
 7.965600000000e-004,-4.02010e-002
 7.966000000000e-004,-4.02010e-002
 7.966400000000e-004, 0.00000e+000
 7.966800000000e-004, 0.00000e+000
 7.967200000000e-004,-4.02010e-002
 7.967600000000e-004,-4.02010e-002
 7.968000000000e-004,-4.02010e-002
 7.968400000000e-004,-4.02010e-002
 7.968800000000e-004,-4.02010e-002
 7.969200000000e-004,-8.04020e-002
 7.969600000000e-004,-8.04020e-002
 7.970000000000e-004,-8.04020e-002
 7.970400000000e-004,-8.04020e-002
 7.970800000000e-004,-8.04020e-002
 7.971200000000e-004,-4.02010e-002
 7.971600000000e-004,-4.02010e-002
 7.972000000000e-004,-4.02010e-002
 7.972400000000e-004, 0.00000e+000
 7.972800000000e-004,-4.02010e-002
 7.973200000000e-004,-4.02010e-002
 7.973600000000e-004,-4.02010e-002
 7.974000000000e-004,-4.02010e-002
 7.974400000000e-004,-4.02010e-002
 7.974800000000e-004,-4.02010e-002
 7.975200000000e-004,-4.02010e-002
 7.975600000000e-004,-8.04020e-002
 7.976000000000e-004,-8.04020e-002
 7.976400000000e-004,-4.02010e-002
 7.976800000000e-004,-4.02010e-002
 7.977200000000e-004,-4.02010e-002
 7.977600000000e-004, 0.00000e+000
 7.978000000000e-004, 0.00000e+000
 7.978400000000e-004,-4.02010e-002
 7.978800000000e-004,-4.02010e-002
 7.979200000000e-004,-8.04020e-002
 7.979600000000e-004,-8.04020e-002
 7.980000000000e-004,-8.04020e-002
 7.980400000000e-004,-8.04020e-002
 7.980800000000e-004,-8.04020e-002
 7.981200000000e-004,-4.02010e-002
 7.981600000000e-004,-4.02010e-002
 7.982000000000e-004,-4.02010e-002
 7.982400000000e-004,-4.02010e-002
 7.982800000000e-004, 0.00000e+000
 7.983200000000e-004, 0.00000e+000
 7.983600000000e-004, 0.00000e+000
 7.984000000000e-004, 0.00000e+000
 7.984400000000e-004,-4.02010e-002
 7.984800000000e-004,-8.04020e-002
 7.985200000000e-004,-8.04020e-002
 7.985600000000e-004,-8.04020e-002
 7.986000000000e-004,-4.02010e-002
 7.986400000000e-004,-8.04020e-002
 7.986800000000e-004,-4.02010e-002
 7.987200000000e-004,-4.02010e-002
 7.987600000000e-004,-8.04020e-002
 7.988000000000e-004,-1.20603e-001
 7.988400000000e-004,-8.04020e-002
 7.988800000000e-004,-4.02010e-002
 7.989200000000e-004, 0.00000e+000
 7.989600000000e-004, 4.02010e-002
 7.990000000000e-004, 8.04020e-002
 7.990400000000e-004, 8.04020e-002
 7.990800000000e-004, 4.02010e-002
 7.991200000000e-004,-4.02010e-002
 7.991600000000e-004,-1.20603e-001
 7.992000000000e-004,-1.60804e-001
 7.992400000000e-004,-2.01005e-001
 7.992800000000e-004,-1.60804e-001
 7.993200000000e-004,-1.20603e-001
 7.993600000000e-004, 0.00000e+000
 7.994000000000e-004, 4.02010e-002
 7.994400000000e-004, 8.04020e-002
 7.994800000000e-004, 4.02010e-002
 7.995200000000e-004, 0.00000e+000
 7.995600000000e-004,-8.04020e-002
 7.996000000000e-004,-8.04020e-002
 7.996400000000e-004,-8.04020e-002
 7.996800000000e-004,-1.20603e-001
 7.997200000000e-004,-8.04020e-002
 7.997600000000e-004,-4.02010e-002
 7.998000000000e-004, 0.00000e+000
 7.998400000000e-004, 0.00000e+000
 7.998800000000e-004, 0.00000e+000
 7.999200000000e-004, 0.00000e+000
 7.999600000000e-004, 0.00000e+000